timestamp,action_type,item_id,source,user_answer,platform
1540622925503,enter,b4314,diagnosis,,mobile
1540622939939,respond,q5782,diagnosis,b,mobile
1540622941183,respond,q5782,diagnosis,c,mobile
1540622946557,submit,b4314,diagnosis,,mobile
1540622946645,enter,b209,diagnosis,,mobile
1540622980719,submit,b209,diagnosis,,mobile
1540623054253,enter,b209,diagnosis,,mobile
1540623056721,submit,b209,diagnosis,,mobile
1540623064561,enter,b4906,sprint,,mobile
1540623073393,respond,q6374,sprint,c,mobile
1540623091339,submit,b4906,sprint,,mobile
1540623103062,enter,b3536,sprint,,mobile
1540623107298,respond,q5004,sprint,b,mobile
1540623110189,submit,b3536,sprint,,mobile
1540623115892,enter,b4608,sprint,,mobile
1540623123471,respond,q6076,sprint,c,mobile
1540623128762,submit,b4608,sprint,,mobile
1540623133863,enter,b7353,sprint,,mobile
1540623145801,respond,q10002,sprint,d,mobile
1540623157904,submit,b7353,sprint,,mobile
1540623165832,enter,b4561,sprint,,mobile
1540623177143,respond,q6029,sprint,b,mobile
1540623180065,submit,b4561,sprint,,mobile
1540623199707,enter,b2291,sprint,,mobile
1540623207289,respond,q3759,sprint,a,mobile
1540623217365,submit,b2291,sprint,,mobile
1540623224777,enter,b3877,sprint,,mobile
1540623230512,respond,q5345,sprint,c,mobile
1540623233012,submit,b3877,sprint,,mobile
1540623237416,enter,b6362,sprint,,mobile
1540623244320,respond,q9011,sprint,b,mobile
1540623260935,submit,b6362,sprint,,mobile
1540623273424,enter,b4707,sprint,,mobile
1540623286448,respond,q6175,sprint,d,mobile
1540623288712,submit,b4707,sprint,,mobile
1540623293243,enter,b3774,sprint,,mobile
1540623306004,respond,q5242,sprint,c,mobile
1540623315837,submit,b3774,sprint,,mobile
1540624667025,enter,b209,diagnosis,,mobile
1540624685481,respond,q209,diagnosis,b,mobile
1540624689161,submit,b209,diagnosis,,mobile
1540624689213,enter,b3641,diagnosis,,mobile
1540624699692,respond,q5109,diagnosis,d,mobile
1540624703133,submit,b3641,diagnosis,,mobile
1540624703186,enter,b3082,diagnosis,,mobile
1540624721398,respond,q4550,diagnosis,a,mobile
1540624751037,submit,b3082,diagnosis,,mobile
1540624751097,enter,b4651,diagnosis,,mobile
1540624758218,respond,q6119,diagnosis,c,mobile
1540624768296,submit,b4651,diagnosis,,mobile
1540624768343,enter,b3756,diagnosis,,mobile
1540624790177,respond,q5224,diagnosis,a,mobile
1540624794342,respond,q5224,diagnosis,c,mobile
1540624811971,submit,b3756,diagnosis,,mobile
1540624812012,enter,b4288,diagnosis,,mobile
1540624827679,respond,q5756,diagnosis,c,mobile
1540624845880,respond,q5756,diagnosis,a,mobile
1540624854966,respond,q5756,diagnosis,d,mobile
1540624862330,submit,b4288,diagnosis,,mobile
1540624891841,enter,b1048,sprint,,mobile
1540624908288,respond,q1048,sprint,b,mobile
1540624911148,submit,b1048,sprint,,mobile
1540624914926,enter,b485,sprint,,mobile
1540624931998,respond,q485,sprint,b,mobile
1540624934672,submit,b485,sprint,,mobile
1540624938541,enter,b303,sprint,,mobile
1540624955443,respond,q303,sprint,b,mobile
1540624957566,submit,b303,sprint,,mobile
1540624961750,enter,b8316,sprint,,mobile
1540624980122,respond,q11263,sprint,b,mobile
1540624982324,submit,b8316,sprint,,mobile
1540624986068,enter,b913,sprint,,mobile
1540624994568,respond,q913,sprint,a,mobile
1540624997039,submit,b913,sprint,,mobile
1540625004933,enter,b558,sprint,,mobile
1540625023539,respond,q558,sprint,b,mobile
1540625025844,submit,b558,sprint,,mobile
1540625032150,enter,b1371,sprint,,mobile
1540625045113,respond,q1371,sprint,b,mobile
1540625047585,submit,b1371,sprint,,mobile
1540625051247,enter,b8312,sprint,,mobile
1540625068873,respond,q11259,sprint,b,mobile
1540625071072,submit,b8312,sprint,,mobile
1540625074419,enter,b480,sprint,,mobile
1540625085722,respond,q480,sprint,a,mobile
1540625088229,submit,b480,sprint,,mobile
1540625091300,enter,b1050,sprint,,mobile
1540625101335,respond,q1050,sprint,a,mobile
1540625103929,submit,b1050,sprint,,mobile
1540737155995,enter,b4753,sprint,,mobile
1540737167763,respond,q6221,sprint,b,mobile
1540737170467,respond,q6221,sprint,c,mobile
1540737174701,submit,b4753,sprint,,mobile
1540737179724,enter,b7253,sprint,,mobile
1540737196710,respond,q9902,sprint,b,mobile
1540737200963,submit,b7253,sprint,,mobile
1540737218150,enter,b2720,sprint,,mobile
1540737236854,respond,q4188,sprint,d,mobile
1540737270184,submit,b2720,sprint,,mobile
1540737315342,enter,b2460,sprint,,mobile
1540737322261,respond,q3928,sprint,b,mobile
1540737332995,submit,b2460,sprint,,mobile
1540737365409,enter,b4156,sprint,,mobile
1540737395294,respond,q5624,sprint,c,mobile
1540737400299,submit,b4156,sprint,,mobile
1540737417351,enter,b5734,sprint,,mobile
1540737432787,respond,q8383,sprint,b,mobile
1540737439413,submit,b5734,sprint,,mobile
1540737495650,enter,b3324,sprint,,mobile
1540737500399,respond,q4792,sprint,b,mobile
1540737510820,submit,b3324,sprint,,mobile
1540737515840,enter,b4195,sprint,,mobile
1540737523479,respond,q5663,sprint,a,mobile
1540737545193,respond,q5663,sprint,b,mobile
1540737592225,submit,b4195,sprint,,mobile
1540737636420,enter,b3418,sprint,,mobile
1540737654585,respond,q4886,sprint,c,mobile
1540737668970,respond,q4886,sprint,d,mobile
1540737674339,submit,b3418,sprint,,mobile
1540737700686,enter,b6225,sprint,,mobile
1540737709259,respond,q8874,sprint,d,mobile
1540737713934,submit,b6225,sprint,,mobile
1540737806194,enter,b763,sprint,,mobile
1540737823876,respond,q763,sprint,c,mobile
1540737827329,submit,b763,sprint,,mobile
1540737839317,enter,b8302,sprint,,mobile
1540737855962,respond,q11249,sprint,b,mobile
1540737862802,submit,b8302,sprint,,mobile
1540737866281,enter,b422,sprint,,mobile
1540737878564,respond,q422,sprint,b,mobile
1540737881049,submit,b422,sprint,,mobile
1540737884398,enter,b245,sprint,,mobile
1540737893507,respond,q245,sprint,b,mobile
1540737897347,respond,q245,sprint,c,mobile
1540737902089,submit,b245,sprint,,mobile
1540737914825,enter,b1314,sprint,,mobile
1540737932703,respond,q1314,sprint,b,mobile
1540737935990,submit,b1314,sprint,,mobile
1540737962871,enter,b8314,sprint,,mobile
1540737974390,respond,q11261,sprint,b,mobile
1540737982618,submit,b8314,sprint,,mobile
1540737985710,enter,b292,sprint,,mobile
1540738000851,respond,q292,sprint,c,mobile
1540738003019,submit,b292,sprint,,mobile
1540738008738,enter,b261,sprint,,mobile
1540738023721,respond,q261,sprint,c,mobile
1540738028003,submit,b261,sprint,,mobile
1540738031235,enter,b483,sprint,,mobile
1540738045518,respond,q483,sprint,c,mobile
1540738048125,submit,b483,sprint,,mobile
1540738078587,enter,b295,sprint,,mobile
1540738090951,respond,q295,sprint,c,mobile
1540738093429,submit,b295,sprint,,mobile
1540785869227,enter,b2559,sprint,,mobile
1540785884830,respond,q4027,sprint,b,mobile
1540785891830,respond,q4027,sprint,a,mobile
1540785910747,submit,b2559,sprint,,mobile
1540785980286,enter,b2602,sprint,,mobile
1540786012103,respond,q4070,sprint,c,mobile
1540786022877,submit,b2602,sprint,,mobile
1540786053467,enter,b3593,sprint,,mobile
1540786070799,respond,q5061,sprint,d,mobile
1540786080172,submit,b3593,sprint,,mobile
1540786093549,enter,b5661,sprint,,mobile
1540786102884,respond,q8190,sprint,d,mobile
1540786131878,submit,b5661,sprint,,mobile
1540786141313,enter,b4230,sprint,,mobile
1540786147778,respond,q5698,sprint,c,mobile
1540786176394,submit,b4230,sprint,,mobile
1540786188288,enter,b3645,sprint,,mobile
1540786199749,respond,q5113,sprint,d,mobile
1540786207034,respond,q5113,sprint,a,mobile
1540786210025,respond,q5113,sprint,b,mobile
1540786237830,respond,q5113,sprint,a,mobile
1540786243545,respond,q5113,sprint,b,mobile
1540786245900,submit,b3645,sprint,,mobile
1540786268925,enter,b4528,sprint,,mobile
1540786280775,respond,q5996,sprint,a,mobile
1540786284033,submit,b4528,sprint,,mobile
1540786288451,enter,b6805,sprint,,mobile
1540786313826,respond,q9454,sprint,b,mobile
1540786322184,submit,b6805,sprint,,mobile
1540786338725,enter,b2320,sprint,,mobile
1540786345590,respond,q3788,sprint,d,mobile
1540786352911,submit,b2320,sprint,,mobile
1540786365437,enter,b5057,sprint,,mobile
1540786388149,respond,q6525,sprint,b,mobile
1540786394490,submit,b5057,sprint,,mobile
1541040895886,enter,b2444,sprint,,mobile
1541040904273,respond,q3912,sprint,a,mobile
1541040908345,submit,b2444,sprint,,mobile
1541040925367,enter,b6461,sprint,,mobile
1541040948039,respond,q9110,sprint,c,mobile
1541040962762,submit,b6461,sprint,,mobile
1541040975542,enter,b3948,sprint,,mobile
1541041006196,respond,q5416,sprint,c,mobile
1541041016754,respond,q5416,sprint,d,mobile
1541041017922,respond,q5416,sprint,c,mobile
1541041029948,submit,b3948,sprint,,mobile
1541041051598,enter,b4703,sprint,,mobile
1541041067966,respond,q6171,sprint,d,mobile
1541041076351,submit,b4703,sprint,,mobile
1541041082332,enter,b5142,sprint,,mobile
1541041092240,respond,q6736,sprint,c,mobile
1541041098146,submit,b5142,sprint,,mobile
1541041102358,enter,b6744,sprint,,mobile
1541041114212,respond,q9393,sprint,b,mobile
1541041126012,submit,b6744,sprint,,mobile
1541041131033,enter,b4717,sprint,,mobile
1541041133573,respond,q6185,sprint,c,mobile
1541041136275,submit,b4717,sprint,,mobile
1541041140646,enter,b4985,sprint,,mobile
1541041152150,respond,q6453,sprint,d,mobile
1541041165682,respond,q6453,sprint,b,mobile
1541041168372,respond,q6453,sprint,d,mobile
1541041177109,respond,q6453,sprint,a,mobile
1541041180736,submit,b4985,sprint,,mobile
1541041255826,enter,b4870,sprint,,mobile
1541041274512,respond,q6338,sprint,a,mobile
1541041287350,submit,b4870,sprint,,mobile
1541041332284,enter,b6378,sprint,,mobile
1541041358028,respond,q9027,sprint,a,mobile
1541041367113,submit,b6378,sprint,,mobile
1541414888080,enter,b4150,sprint,,mobile
1541414898251,respond,q5618,sprint,b,mobile
1541414911708,submit,b4150,sprint,,mobile
1541414946400,enter,b3008,sprint,,mobile
1541414950816,respond,q4476,sprint,c,mobile
1541414956164,submit,b3008,sprint,,mobile
1541414962062,enter,b2443,sprint,,mobile
1541414977450,respond,q3911,sprint,d,mobile
1541414988276,submit,b2443,sprint,,mobile
1541415015482,enter,b6095,sprint,,mobile
1541415021615,respond,q8744,sprint,a,mobile
1541415024235,submit,b6095,sprint,,mobile
1541415028716,enter,b4191,sprint,,mobile
1541415043429,respond,q5659,sprint,a,mobile
1541415046863,respond,q5659,sprint,b,mobile
1541415063564,submit,b4191,sprint,,mobile
1541415079194,enter,b2448,sprint,,mobile
1541415083662,respond,q3916,sprint,b,mobile
1541415103044,submit,b2448,sprint,,mobile
1541415141676,enter,b4302,sprint,,mobile
1541415155556,respond,q5770,sprint,b,mobile
1541415164708,submit,b4302,sprint,,mobile
1541415202683,enter,b7334,sprint,,mobile
1541415207820,respond,q9983,sprint,b,mobile
1541415212979,submit,b7334,sprint,,mobile
1541415217366,enter,b3029,sprint,,mobile
1541415227544,respond,q4497,sprint,c,mobile
1541415231214,submit,b3029,sprint,,mobile
1541415238068,enter,b2849,sprint,,mobile
1541415251695,respond,q4317,sprint,b,mobile
1541415276120,respond,q4317,sprint,c,mobile
1541415291028,submit,b2849,sprint,,mobile
1541483048047,enter,b4214,sprint,,mobile
1541483058702,respond,q5682,sprint,c,mobile
1541483064392,submit,b4214,sprint,,mobile
1541483079552,enter,b5890,sprint,,mobile
1541483090213,respond,q8539,sprint,b,mobile
1541483093411,submit,b5890,sprint,,mobile
1541483106458,enter,b3789,sprint,,mobile
1541483114577,respond,q5257,sprint,a,mobile
1541483122823,submit,b3789,sprint,,mobile
1541483135848,enter,b3059,sprint,,mobile
1541483166337,respond,q4527,sprint,b,mobile
1541483179746,submit,b3059,sprint,,mobile
1541483191598,enter,b3579,sprint,,mobile
1541483201388,respond,q5047,sprint,d,mobile
1541483214061,submit,b3579,sprint,,mobile
1541483219118,enter,b6294,sprint,,mobile
1541483239801,respond,q8943,sprint,d,mobile
1541483250972,respond,q8943,sprint,a,mobile
1541483275825,respond,q8943,sprint,b,mobile
1541483276389,respond,q8943,sprint,a,mobile
1541483281818,respond,q8943,sprint,d,mobile
1541483282576,respond,q8943,sprint,a,mobile
1541483285384,submit,b6294,sprint,,mobile
1541483336700,enter,b4184,sprint,,mobile
1541483354698,respond,q5652,sprint,a,mobile
1541483360176,respond,q5652,sprint,b,mobile
1541483417010,respond,q5652,sprint,d,mobile
1541483420166,submit,b4184,sprint,,mobile
1541483493051,enter,b2338,sprint,,mobile
1541483519819,respond,q3806,sprint,a,mobile
1541483550949,submit,b2338,sprint,,mobile
1541483563024,enter,b3000,sprint,,mobile
1541483589078,respond,q4468,sprint,c,mobile
1541483598326,submit,b3000,sprint,,mobile
1541483603056,enter,b7216,sprint,,mobile
1541483630410,respond,q9865,sprint,c,mobile
1541483648292,submit,b7216,sprint,,mobile
1541585722854,enter,b2488,sprint,,mobile
1541585751125,respond,q3956,sprint,a,mobile
1541585782490,submit,b2488,sprint,,mobile
1541585823067,enter,b3869,sprint,,mobile
1541585834470,respond,q5337,sprint,a,mobile
1541585842987,respond,q5337,sprint,b,mobile
1541585851667,submit,b3869,sprint,,mobile
1541585866632,enter,b4721,sprint,,mobile
1541585884715,respond,q6189,sprint,d,mobile
1541585897139,submit,b4721,sprint,,mobile
1541585928285,enter,b6725,sprint,,mobile
1541585950058,respond,q9374,sprint,a,mobile
1541585956689,respond,q9374,sprint,d,mobile
1541585965124,submit,b6725,sprint,,mobile
1541585972449,enter,b3865,sprint,,mobile
1541585990232,respond,q5333,sprint,b,mobile
1541586006295,submit,b3865,sprint,,mobile
1541586041825,enter,b2467,sprint,,mobile
1541586047811,respond,q3935,sprint,b,mobile
1541586052314,submit,b2467,sprint,,mobile
1541586085857,enter,b4270,sprint,,mobile
1541586109798,respond,q5738,sprint,c,mobile
1541586119048,respond,q5738,sprint,b,mobile
1541586161877,respond,q5738,sprint,c,mobile
1541586169674,submit,b4270,sprint,,mobile
1541586200970,enter,b4270,adaptive_offer,,mobile
1541586206245,respond,q5738,adaptive_offer,b,mobile
1541586208691,submit,b4270,adaptive_offer,,mobile
1541586232694,enter,b2444,adaptive_offer,,mobile
1541586256114,respond,q3912,adaptive_offer,b,mobile
1541586257667,respond,q3912,adaptive_offer,c,mobile
1541586261574,submit,b2444,adaptive_offer,,mobile
1541586271434,enter,b7579,sprint,,mobile
1541586275488,respond,q10228,sprint,c,mobile
1541586281768,submit,b7579,sprint,,mobile
1541586287750,enter,b3860,sprint,,mobile
1541586303012,respond,q5328,sprint,b,mobile
1541586307856,respond,q5328,sprint,a,mobile
1541586320598,respond,q5328,sprint,d,mobile
1541586327564,respond,q5328,sprint,b,mobile
1541586352867,submit,b3860,sprint,,mobile
1541586378597,enter,b3071,sprint,,mobile
1541586386908,respond,q4539,sprint,a,mobile
1541586416066,submit,b3071,sprint,,mobile
1541733741254,enter,b2591,sprint,,mobile
1541733772762,respond,q4059,sprint,b,mobile
1541733788050,respond,q4059,sprint,d,mobile
1541733835062,submit,b2591,sprint,,mobile
1541733893283,enter,b6547,sprint,,mobile
1541733902916,respond,q9196,sprint,b,mobile
1541733906156,submit,b6547,sprint,,mobile
1541733910561,enter,b3770,sprint,,mobile
1541733930781,respond,q5238,sprint,b,mobile
1541733938133,submit,b3770,sprint,,mobile
1541733942547,enter,b2829,sprint,,mobile
1541733955636,respond,q4297,sprint,c,mobile
1541733967095,submit,b2829,sprint,,mobile
1541734000177,enter,b3329,sprint,,mobile
1541734014338,respond,q4797,sprint,b,mobile
1541734027900,submit,b3329,sprint,,mobile
1541734033191,enter,b7659,sprint,,mobile
1541734040936,respond,q10308,sprint,a,mobile
1541734060820,submit,b7659,sprint,,mobile
1541734082963,enter,b5765,sprint,,mobile
1541734093583,respond,q8414,sprint,a,mobile
1541734105424,submit,b5765,sprint,,mobile
1541734110802,enter,b3299,sprint,,mobile
1541734125902,respond,q4767,sprint,a,mobile
1541734134258,submit,b3299,sprint,,mobile
1541734138870,enter,b4215,sprint,,mobile
1541734145446,respond,q5683,sprint,a,mobile
1541734151918,submit,b4215,sprint,,mobile
1541734155623,enter,b6264,sprint,,mobile
1541734158673,respond,q8913,sprint,a,mobile
1541734168696,respond,q8913,sprint,b,mobile
1541734175093,respond,q8913,sprint,a,mobile
1541734179384,submit,b6264,sprint,,mobile
1542012485521,enter,b3448,sprint,,mobile
1542012489084,respond,q4916,sprint,b,mobile
1542012492850,submit,b3448,sprint,,mobile
1542012506822,enter,b4692,sprint,,mobile
1542012516097,respond,q6160,sprint,a,mobile
1542012526116,submit,b4692,sprint,,mobile
1542012530816,enter,b2713,sprint,,mobile
1542012535990,respond,q4181,sprint,b,mobile
1542012548849,submit,b2713,sprint,,mobile
1542012553535,enter,b5973,sprint,,mobile
1542012563652,respond,q8622,sprint,d,mobile
1542012567089,submit,b5973,sprint,,mobile
1542012571474,enter,b4581,sprint,,mobile
1542012595272,respond,q6049,sprint,a,mobile
1542012615516,respond,q6049,sprint,b,mobile
1542012619034,submit,b4581,sprint,,mobile
1542012632090,enter,b4218,sprint,,mobile
1542012638781,respond,q5686,sprint,b,mobile
1542012643409,submit,b4218,sprint,,mobile
1542012652618,enter,b4754,sprint,,mobile
1542012678467,respond,q6222,sprint,c,mobile
1542012701848,submit,b4754,sprint,,mobile
1542012716700,enter,b6705,sprint,,mobile
1542012724564,respond,q9354,sprint,a,mobile
1542012729488,submit,b6705,sprint,,mobile
1542012734021,enter,b3868,sprint,,mobile
1542012744207,respond,q5336,sprint,a,mobile
1542012771460,submit,b3868,sprint,,mobile
1542012793357,enter,b2223,sprint,,mobile
1542012801781,respond,q3691,sprint,a,mobile
1542012806295,submit,b2223,sprint,,mobile
1542070453230,enter,b5151,sprint,,mobile
1542070460646,respond,q6745,sprint,c,mobile
1542070469843,submit,b5151,sprint,,mobile
1542070473981,enter,b6411,sprint,,mobile
1542070481373,respond,q9060,sprint,a,mobile
1542070485935,submit,b6411,sprint,,mobile
1542070490216,enter,b2978,sprint,,mobile
1542070501940,respond,q4446,sprint,a,mobile
1542070507699,submit,b2978,sprint,,mobile
1542070512317,enter,b4617,sprint,,mobile
1542070524828,respond,q6085,sprint,c,mobile
1542070539717,submit,b4617,sprint,,mobile
1542070544467,enter,b2492,sprint,,mobile
1542070551047,respond,q3960,sprint,b,mobile
1542070563933,submit,b2492,sprint,,mobile
1542070609218,enter,b3448,adaptive_offer,,mobile
1542070615929,respond,q4916,adaptive_offer,d,mobile
1542070620309,submit,b3448,adaptive_offer,,mobile
1542070625071,enter,b2492,adaptive_offer,,mobile
1542070628916,respond,q3960,adaptive_offer,d,mobile
1542070632399,submit,b2492,adaptive_offer,,mobile
1542070654194,enter,b6343,sprint,,mobile
1542070665378,respond,q8992,sprint,b,mobile
1542070674598,submit,b6343,sprint,,mobile
1542070683927,enter,b2575,sprint,,mobile
1542070702699,respond,q4043,sprint,a,mobile
1542070718101,submit,b2575,sprint,,mobile
1542070756895,enter,b3114,sprint,,mobile
1542070761581,respond,q4582,sprint,b,mobile
1542070770285,submit,b3114,sprint,,mobile
1542070774327,enter,b4775,sprint,,mobile
1542070789163,respond,q6243,sprint,a,mobile
1542070797346,submit,b4775,sprint,,mobile
1542070811540,enter,b5870,sprint,,mobile
1542070829973,respond,q8519,sprint,a,mobile
1542070838002,submit,b5870,sprint,,mobile
1542180693503,enter,b3563,sprint,,mobile
1542180704192,respond,q5031,sprint,b,mobile
1542180719907,submit,b3563,sprint,,mobile
1542180751506,enter,b4728,sprint,,mobile
1542180757991,respond,q6196,sprint,a,mobile
1542180767385,submit,b4728,sprint,,mobile
1542180772383,enter,b4436,sprint,,mobile
1542180789936,respond,q5904,sprint,d,mobile
1542180792611,respond,q5904,sprint,c,mobile
1542180807953,submit,b4436,sprint,,mobile
1542180821538,enter,b6237,sprint,,mobile
1542180826077,respond,q8886,sprint,b,mobile
1542180835568,submit,b6237,sprint,,mobile
1542180850452,enter,b4738,sprint,,mobile
1542180856186,respond,q6206,sprint,c,mobile
1542180888693,submit,b4738,sprint,,mobile
1542180935377,enter,b3635,sprint,,mobile
1542180963515,respond,q5103,sprint,c,mobile
1542180964549,respond,q5103,sprint,b,mobile
1542180975863,respond,q5103,sprint,c,mobile
1542180985217,submit,b3635,sprint,,mobile
1542181051150,enter,b4775,adaptive_offer,,mobile
1542181058960,respond,q6243,adaptive_offer,d,mobile
1542181062414,submit,b4775,adaptive_offer,,mobile
1542181066410,enter,b3635,adaptive_offer,,mobile
1542181068085,respond,q5103,adaptive_offer,b,mobile
1542181070080,submit,b3635,adaptive_offer,,mobile
1542181113962,enter,b3134,sprint,,mobile
1542181143963,respond,q4602,sprint,b,mobile
1542181159198,submit,b3134,sprint,,mobile
1542181195408,enter,b7452,sprint,,mobile
1542181203594,respond,q10101,sprint,c,mobile
1542181208607,submit,b7452,sprint,,mobile
1542181212698,enter,b4227,sprint,,mobile
1542181223453,respond,q5695,sprint,a,mobile
1542181233489,submit,b4227,sprint,,mobile
1542181238859,enter,b2356,sprint,,mobile
1542181246707,respond,q3824,sprint,b,mobile
1542181259460,respond,q3824,sprint,c,mobile
1542181263138,submit,b2356,sprint,,mobile
1542228282146,enter,b3950,sprint,,mobile
1542228322170,respond,q5418,sprint,b,mobile
1542228327542,respond,q5418,sprint,c,mobile
1542228334547,submit,b3950,sprint,,mobile
1542228360317,enter,b5979,sprint,,mobile
1542228392421,respond,q8628,sprint,b,mobile
1542228407874,submit,b5979,sprint,,mobile
1542245333830,enter,b4025,sprint,,mobile
1542245340692,respond,q5493,sprint,c,mobile
1542245349177,submit,b4025,sprint,,mobile
1542245367397,enter,b5041,sprint,,mobile
1542245383240,respond,q6509,sprint,a,mobile
1542245404566,submit,b5041,sprint,,mobile
1542245646739,enter,b3376,sprint,,mobile
1542245652740,respond,q4844,sprint,c,mobile
1542245657583,submit,b3376,sprint,,mobile
1542245680900,enter,b6530,sprint,,mobile
1542245716536,respond,q9179,sprint,c,mobile
1542245722028,submit,b6530,sprint,,mobile
1542245727392,enter,b2653,sprint,,mobile
1542245743609,respond,q4121,sprint,b,mobile
1542245755570,submit,b2653,sprint,,mobile
1542245766581,enter,b3220,sprint,,mobile
1542245776461,respond,q4688,sprint,d,mobile
1542245788354,submit,b3220,sprint,,mobile
1542245793353,enter,b3572,sprint,,mobile
1542245827054,respond,q5040,sprint,d,mobile
1542245842717,submit,b3572,sprint,,mobile
1542245881330,enter,b7657,sprint,,mobile
1542245897534,respond,q10306,sprint,b,mobile
1542245908054,respond,q10306,sprint,c,mobile
1542245914371,submit,b7657,sprint,,mobile
1542367906774,enter,b4868,sprint,,mobile
1542367914218,respond,q6336,sprint,a,mobile
1542367915699,respond,q6336,sprint,c,mobile
1542367927121,submit,b4868,sprint,,mobile
1542367932456,enter,b3811,sprint,,mobile
1542367953362,respond,q5279,sprint,a,mobile
1542367978997,respond,q5279,sprint,d,mobile
1542368004014,respond,q5279,sprint,a,mobile
1542368011360,respond,q5279,sprint,b,mobile
1542368018128,submit,b3811,sprint,,mobile
1542368050232,enter,b3772,sprint,,mobile
1542368059564,respond,q5240,sprint,c,mobile
1542368066525,respond,q5240,sprint,d,mobile
1542368072671,submit,b3772,sprint,,mobile
1542368076929,enter,b7684,sprint,,mobile
1542368097158,respond,q10333,sprint,d,mobile
1542368118713,submit,b7684,sprint,,mobile
1542368154135,enter,b5039,sprint,,mobile
1542368171376,respond,q6507,sprint,b,mobile
1542368213250,respond,q6507,sprint,a,mobile
1542368225994,respond,q6507,sprint,b,mobile
1542368230302,respond,q6507,sprint,a,mobile
1542368243461,submit,b5039,sprint,,mobile
1542368288209,enter,b5152,sprint,,mobile
1542368302103,respond,q6746,sprint,c,mobile
1542368307289,submit,b5152,sprint,,mobile
1542368314543,enter,b3949,sprint,,mobile
1542368340726,respond,q5417,sprint,c,mobile
1542368351446,submit,b3949,sprint,,mobile
1542368362996,enter,b7350,sprint,,mobile
1542368382630,respond,q9999,sprint,c,mobile
1542368406663,submit,b7350,sprint,,mobile
1542368420936,enter,b4187,sprint,,mobile
1542368465204,respond,q5655,sprint,c,mobile
1542368477628,submit,b4187,sprint,,mobile
1542368482533,enter,b3890,sprint,,mobile
1542368500160,respond,q5358,sprint,d,mobile
1542368519029,submit,b3890,sprint,,mobile
1542430672508,enter,b3062,sprint,,mobile
1542430680121,respond,q4530,sprint,b,mobile
1542430688721,respond,q4530,sprint,a,mobile
1542430694144,respond,q4530,sprint,b,mobile
1542430695364,respond,q4530,sprint,a,mobile
1542430701912,respond,q4530,sprint,d,mobile
1542430705644,submit,b3062,sprint,,mobile
1542430725030,enter,b7598,sprint,,mobile
1542430733399,respond,q10247,sprint,b,mobile
1542430743701,submit,b7598,sprint,,mobile
1542430748683,enter,b3034,sprint,,mobile
1542430782949,respond,q4502,sprint,c,mobile
1542430803041,submit,b3034,sprint,,mobile
1542430818320,enter,b4887,sprint,,mobile
1542430842318,respond,q6355,sprint,b,mobile
1542430849361,submit,b4887,sprint,,mobile
1542430862759,enter,b6951,sprint,,mobile
1542430876728,respond,q9600,sprint,b,mobile
1542430894367,submit,b6951,sprint,,mobile
1542430899365,enter,b5916,sprint,,mobile
1542430913275,respond,q8565,sprint,b,mobile
1542430915926,submit,b5916,sprint,,mobile
1542430927755,enter,b2557,sprint,,mobile
1542430945704,respond,q4025,sprint,a,mobile
1542430966713,respond,q4025,sprint,c,mobile
1542430967910,respond,q4025,sprint,d,mobile
1542430977168,submit,b2557,sprint,,mobile
1542430996940,enter,b2996,sprint,,mobile
1542431009172,respond,q4464,sprint,c,mobile
1542431028879,submit,b2996,sprint,,mobile
1542435279780,enter,b2996,sprint,,mobile
1542435287582,respond,q4464,sprint,c,mobile
1542435290550,submit,b2996,sprint,,mobile
1542435319762,enter,b2718,sprint,,mobile
1542435335123,respond,q4186,sprint,a,mobile
1542435363346,submit,b2718,sprint,,mobile
1542435375350,enter,b6832,sprint,,mobile
1542435380216,respond,q9481,sprint,d,mobile
1542435385978,respond,q9481,sprint,c,mobile
1542435398672,respond,q9481,sprint,a,mobile
1542435409288,submit,b6832,sprint,,mobile
1542513349747,enter,b4659,sprint,,mobile
1542513360128,respond,q6127,sprint,a,mobile
1542513373898,submit,b4659,sprint,,mobile
1542513388259,enter,b2577,sprint,,mobile
1542513408478,respond,q4045,sprint,d,mobile
1542513423368,submit,b2577,sprint,,mobile
1542543741503,enter,b2572,sprint,,mobile
1542543747462,respond,q4040,sprint,b,mobile
1542543754408,respond,q4040,sprint,c,mobile
1542543765374,submit,b2572,sprint,,mobile
1542543790240,enter,b6760,sprint,,mobile
1542543794884,respond,q9409,sprint,d,mobile
1542543799073,submit,b6760,sprint,,mobile
1542543810435,enter,b4106,sprint,,mobile
1542543819628,respond,q5574,sprint,c,mobile
1542543833263,submit,b4106,sprint,,mobile
1542543845130,enter,b2197,sprint,,mobile
1542543858064,respond,q3665,sprint,b,mobile
1542543872224,submit,b2197,sprint,,mobile
1542543886021,enter,b3928,sprint,,mobile
1542543910976,respond,q5396,sprint,b,mobile
1542543927011,submit,b3928,sprint,,mobile
1542543950044,enter,b6555,sprint,,mobile
1542543962934,respond,q9204,sprint,a,mobile
1542543969817,submit,b6555,sprint,,mobile
1542543974943,enter,b3864,sprint,,mobile
1542543986012,respond,q5332,sprint,a,mobile
1542544000767,submit,b3864,sprint,,mobile
1542544016981,enter,b5081,sprint,,mobile
1542544056375,respond,q6549,sprint,a,mobile
1542544060676,submit,b5081,sprint,,mobile
1542595291327,enter,b3303,sprint,,mobile
1542595304386,respond,q4771,sprint,d,mobile
1542595323039,submit,b3303,sprint,,mobile
1542637207138,enter,b7246,sprint,,mobile
1542637216481,respond,q9895,sprint,c,mobile
1542637221939,submit,b7246,sprint,,mobile
1542637241434,enter,b3404,sprint,,mobile
1542637247421,respond,q4872,sprint,d,mobile
1542637249640,submit,b3404,sprint,,mobile
1542637254224,enter,b5075,sprint,,mobile
1542637263416,respond,q6543,sprint,d,mobile
1542637269999,submit,b5075,sprint,,mobile
1542637274716,enter,b4647,sprint,,mobile
1542637281918,respond,q6115,sprint,c,mobile
1542637284587,submit,b4647,sprint,,mobile
1542637289121,enter,b6372,sprint,,mobile
1542637295125,respond,q9021,sprint,d,mobile
1542637299181,respond,q9021,sprint,b,mobile
1542637309661,submit,b6372,sprint,,mobile
1542637334123,enter,b4307,sprint,,mobile
1542637405779,respond,q5775,sprint,c,mobile
1542637416533,respond,q5775,sprint,d,mobile
1542637423758,submit,b4307,sprint,,mobile
1542637752619,enter,b3840,sprint,,mobile
1542637761268,respond,q5308,sprint,b,mobile
1542637763933,submit,b3840,sprint,,mobile
1542638367730,enter,b6945,sprint,,mobile
1542638377559,respond,q9594,sprint,a,mobile
1542638386108,respond,q9594,sprint,b,mobile
1542638389239,submit,b6945,sprint,,mobile
1542638393565,enter,b6234,sprint,,mobile
1542638403093,respond,q8883,sprint,d,mobile
1542638406839,submit,b6234,sprint,,mobile
1542786003245,enter,b4603,sprint,,mobile
1542786012162,respond,q6071,sprint,b,mobile
1542786019629,submit,b4603,sprint,,mobile
1542786025029,enter,b6957,sprint,,mobile
1542786037179,respond,q9606,sprint,a,mobile
1542786046734,submit,b6957,sprint,,mobile
1542786052322,enter,b3075,sprint,,mobile
1542786067278,respond,q4543,sprint,a,mobile
1542786073235,submit,b3075,sprint,,mobile
1542786082617,enter,b6175,sprint,,mobile
1542786098106,respond,q8824,sprint,d,mobile
1542786108655,submit,b6175,sprint,,mobile
1542786112866,enter,b2230,sprint,,mobile
1542786135002,respond,q3698,sprint,a,mobile
1542786152403,respond,q3698,sprint,d,mobile
1542786165737,submit,b2230,sprint,,mobile
1542786198481,enter,b3603,sprint,,mobile
1542786213296,respond,q5071,sprint,a,mobile
1542786215587,respond,q5071,sprint,b,mobile
1542786221025,submit,b3603,sprint,,mobile
1542786229704,enter,b3592,sprint,,mobile
1542786232671,respond,q5060,sprint,c,mobile
1542786238491,submit,b3592,sprint,,mobile
1542786242988,enter,b6285,sprint,,mobile
1542786253686,respond,q8934,sprint,a,mobile
1542786258793,submit,b6285,sprint,,mobile
1542786266102,enter,b4694,sprint,,mobile
1542786284195,respond,q6162,sprint,c,mobile
1542786305256,submit,b4694,sprint,,mobile
1542786317992,enter,b6003,sprint,,mobile
1542786337770,respond,q8652,sprint,c,mobile
1542786358047,submit,b6003,sprint,,mobile
1542855716225,enter,b2615,sprint,,mobile
1542855741842,respond,q4083,sprint,c,mobile
1542855746561,submit,b2615,sprint,,mobile
1542855750917,enter,b7636,sprint,,mobile
1542855760550,respond,q10285,sprint,b,mobile
1542855787947,submit,b7636,sprint,,mobile
1542855806757,enter,b4143,sprint,,mobile
1542855828523,respond,q5611,sprint,d,mobile
1542855834633,submit,b4143,sprint,,mobile
1542855841613,enter,b2554,sprint,,mobile
1542855847853,respond,q4022,sprint,d,mobile
1542855852276,submit,b2554,sprint,,mobile
1542855857294,enter,b3137,sprint,,mobile
1542855863927,respond,q4605,sprint,c,mobile
1542855870856,submit,b3137,sprint,,mobile
1542855875526,enter,b6506,sprint,,mobile
1542855886130,respond,q9155,sprint,c,mobile
1542855896659,respond,q9155,sprint,b,mobile
1542855903589,submit,b6506,sprint,,mobile
1542855921779,enter,b4250,sprint,,mobile
1542855936818,respond,q5718,sprint,c,mobile
1542855941718,submit,b4250,sprint,,mobile
1542855946887,enter,b4539,sprint,,mobile
1542855965517,respond,q6007,sprint,b,mobile
1542855995508,submit,b4539,sprint,,mobile
1542856020536,enter,b4872,sprint,,mobile
1542856033897,respond,q6340,sprint,b,mobile
1542856059902,submit,b4872,sprint,,mobile
1542856064851,enter,b6126,sprint,,mobile
1542856068925,respond,q8775,sprint,b,mobile
1542856080677,submit,b6126,sprint,,mobile
1543139775386,enter,b2239,sprint,,mobile
1543139798887,respond,q3707,sprint,c,mobile
1543139802470,submit,b2239,sprint,,mobile
1543139819789,enter,b4863,sprint,,mobile
1543139831217,respond,q6331,sprint,d,mobile
1543139857177,submit,b4863,sprint,,mobile
1543139906701,enter,b4469,sprint,,mobile
1543139921779,respond,q5937,sprint,d,mobile
1543139924862,submit,b4469,sprint,,mobile
1543139930339,enter,b7514,sprint,,mobile
1543139954641,respond,q10163,sprint,c,mobile
1543139961423,submit,b7514,sprint,,mobile
1543139974219,enter,b4745,sprint,,mobile
1543139989268,respond,q6213,sprint,b,mobile
1543140013421,submit,b4745,sprint,,mobile
1543140031564,enter,b3423,sprint,,mobile
1543140040991,respond,q4891,sprint,c,mobile
1543140045997,respond,q4891,sprint,b,mobile
1543140051325,respond,q4891,sprint,c,mobile
1543140065108,submit,b3423,sprint,,mobile
1543140087550,enter,b3809,sprint,,mobile
1543140115883,respond,q5277,sprint,a,mobile
1543140120820,submit,b3809,sprint,,mobile
1543140154347,enter,b6837,sprint,,mobile
1543140167942,respond,q9486,sprint,d,mobile
1543140233586,respond,q9486,sprint,c,mobile
1543140237512,submit,b6837,sprint,,mobile
1543140280234,enter,b5148,sprint,,mobile
1543140293811,respond,q6742,sprint,d,mobile
1543140301699,submit,b5148,sprint,,mobile
1543140329035,enter,b2782,sprint,,mobile
1543140346379,respond,q4250,sprint,c,mobile
1543140357803,submit,b2782,sprint,,mobile
1543203932956,enter,b2441,sprint,,mobile
1543203936413,respond,q3909,sprint,a,mobile
1543203946891,submit,b2441,sprint,,mobile
1543203957020,enter,b6270,sprint,,mobile
1543203973372,respond,q8919,sprint,b,mobile
1543203989447,respond,q8919,sprint,a,mobile
1543204003503,submit,b6270,sprint,,mobile
1543315590488,enter,b6008,sprint,,mobile
1543315601575,respond,q8657,sprint,c,mobile
1543315615020,submit,b6008,sprint,,mobile
1543315619230,enter,b5045,sprint,,mobile
1543315646390,respond,q6513,sprint,d,mobile
1543315657719,submit,b5045,sprint,,mobile
1543315692944,enter,b5071,sprint,,mobile
1543315696753,respond,q6539,sprint,b,mobile
1543315701982,respond,q6539,sprint,d,mobile
1543315709464,submit,b5071,sprint,,mobile
1543315713983,enter,b6092,sprint,,mobile
1543315734986,respond,q8741,sprint,a,mobile
1543315739090,submit,b6092,sprint,,mobile
1543315743925,enter,b3595,sprint,,mobile
1543315748598,respond,q5063,sprint,a,mobile
1543315755880,submit,b3595,sprint,,mobile
1543315768883,enter,b3011,sprint,,mobile
1543315799171,respond,q4479,sprint,b,mobile
1543315812358,submit,b3011,sprint,,mobile
1543315823176,enter,b2609,sprint,,mobile
1543315842239,respond,q4077,sprint,d,mobile
1543315869380,submit,b2609,sprint,,mobile
1543315874383,enter,b5715,sprint,,mobile
1543315886316,respond,q8364,sprint,c,mobile
1543315910891,submit,b5715,sprint,,mobile
1543404222820,enter,b3017,sprint,,mobile
1543404234010,respond,q4485,sprint,c,mobile
1543404258563,submit,b3017,sprint,,mobile
1543404409955,enter,b4614,sprint,,mobile
1543404417170,respond,q6082,sprint,b,mobile
1543404431404,submit,b4614,sprint,,mobile
1543404436163,enter,b4554,sprint,,mobile
1543404450889,respond,q6022,sprint,c,mobile
1543404457297,submit,b4554,sprint,,mobile
1543404470088,enter,b7559,sprint,,mobile
1543404480357,respond,q10208,sprint,b,mobile
1543404483430,submit,b7559,sprint,,mobile
1543404487691,enter,b4663,sprint,,mobile
1543404492851,respond,q6131,sprint,c,mobile
1543404499025,submit,b4663,sprint,,mobile
1543404517811,enter,b4896,sprint,,mobile
1543404521946,respond,q6364,sprint,a,mobile
1543404539810,submit,b4896,sprint,,mobile
1543404555402,enter,b3584,sprint,,mobile
1543404559122,respond,q5052,sprint,a,mobile
1543404564533,respond,q5052,sprint,c,mobile
1543404569073,submit,b3584,sprint,,mobile
1543404574397,enter,b6271,sprint,,mobile
1543404586796,respond,q8920,sprint,a,mobile
1543404628821,submit,b6271,sprint,,mobile
1543404698018,enter,b4032,sprint,,mobile
1543404705053,respond,q5500,sprint,b,mobile
1543404712745,respond,q5500,sprint,a,mobile
1543404719230,submit,b4032,sprint,,mobile
1543404727177,enter,b2832,sprint,,mobile
1543404745063,respond,q4300,sprint,c,mobile
1543404773292,submit,b2832,sprint,,mobile
1543479136844,enter,b4867,sprint,,mobile
1543479144095,respond,q6335,sprint,d,mobile
1543479149524,submit,b4867,sprint,,mobile
1543479154816,enter,b6750,sprint,,mobile
1543479157032,respond,q9399,sprint,b,mobile
1543479161505,submit,b6750,sprint,,mobile
1543479168264,enter,b3306,sprint,,mobile
1543479184273,respond,q4774,sprint,c,mobile
1543479205026,submit,b3306,sprint,,mobile
1543479241203,enter,b2964,sprint,,mobile
1543479252887,respond,q4432,sprint,a,mobile
1543479256681,submit,b2964,sprint,,mobile
1543479261022,enter,b2735,sprint,,mobile
1543479270026,respond,q4203,sprint,b,mobile
1543479287758,submit,b2735,sprint,,mobile
1543479365966,enter,b6103,sprint,,mobile
1543479371947,respond,q8752,sprint,c,mobile
1543479376007,submit,b6103,sprint,,mobile
1543479380737,enter,b4096,sprint,,mobile
1543479397532,respond,q5564,sprint,d,mobile
1543479407400,submit,b4096,sprint,,mobile
1543479431909,enter,b3450,sprint,,mobile
1543479452927,respond,q4918,sprint,c,mobile
1543479460447,submit,b3450,sprint,,mobile
1543479486673,enter,b2316,sprint,,mobile
1543479502971,respond,q3784,sprint,d,mobile
1543479511636,submit,b2316,sprint,,mobile
1543479517048,enter,b7315,sprint,,mobile
1543479538486,respond,q9964,sprint,d,mobile
1543479548374,respond,q9964,sprint,c,mobile
1543479550729,respond,q9964,sprint,a,mobile
1543479555381,submit,b7315,sprint,,mobile
1543641172498,enter,b4859,sprint,,mobile
1543641178243,respond,q6327,sprint,b,mobile
1543641181235,respond,q6327,sprint,c,mobile
1543641187698,submit,b4859,sprint,,mobile
1543641202948,enter,b3415,sprint,,mobile
1543641210372,respond,q4883,sprint,a,mobile
1543641216192,submit,b3415,sprint,,mobile
1543641220559,enter,b3060,sprint,,mobile
1543641232484,respond,q4528,sprint,c,mobile
1543641236033,submit,b3060,sprint,,mobile
1543641241696,enter,b6402,sprint,,mobile
1543641246003,respond,q9051,sprint,d,mobile
1543641250429,submit,b6402,sprint,,mobile
1543641254481,enter,b2857,sprint,,mobile
1543641257823,respond,q4325,sprint,a,mobile
1543641260054,respond,q4325,sprint,c,mobile
1543641268275,submit,b2857,sprint,,mobile
1543641286383,enter,b4634,sprint,,mobile
1543641299805,respond,q6102,sprint,d,mobile
1543641303104,submit,b4634,sprint,,mobile
1543641310840,enter,b5166,sprint,,mobile
1543641323637,respond,q6760,sprint,a,mobile
1543641345237,submit,b5166,sprint,,mobile
1543641442276,enter,b2735,adaptive_offer,,mobile
1543641452796,respond,q4203,adaptive_offer,b,mobile
1543641458325,respond,q4203,adaptive_offer,c,mobile
1543641463312,submit,b2735,adaptive_offer,,mobile
1543641468046,enter,b5166,adaptive_offer,,mobile
1543641471991,respond,q6760,adaptive_offer,d,mobile
1543641474834,submit,b5166,adaptive_offer,,mobile
1543641528167,enter,b7504,sprint,,mobile
1543641536732,respond,q10153,sprint,b,mobile
1543641539473,submit,b7504,sprint,,mobile
1543641548717,enter,b6017,sprint,,mobile
1543641582284,respond,q8666,sprint,b,mobile
1543641601514,submit,b6017,sprint,,mobile
1543641625440,enter,b4644,sprint,,mobile
1543641636876,respond,q6112,sprint,a,mobile
1543641646906,respond,q6112,sprint,d,mobile
1543641656388,submit,b4644,sprint,,mobile
1543707160004,enter,b4726,sprint,,mobile
1543707170081,respond,q6194,sprint,a,mobile
1543707179146,submit,b4726,sprint,,mobile
1543707186239,enter,b6072,sprint,,mobile
1543707194266,respond,q8721,sprint,a,mobile
1543707202384,respond,q8721,sprint,b,mobile
1543707217936,respond,q8721,sprint,a,mobile
1543707221665,submit,b6072,sprint,,mobile
1543707227298,enter,b2710,sprint,,mobile
1543707242642,respond,q4178,sprint,b,mobile
1543707245703,submit,b2710,sprint,,mobile
1543707253103,enter,b2707,sprint,,mobile
1543707272297,respond,q4175,sprint,c,mobile
1543707278408,respond,q4175,sprint,a,mobile
1543707299576,submit,b2707,sprint,,mobile
1543707339144,enter,b2495,sprint,,mobile
1543707349342,respond,q3963,sprint,a,mobile
1543707353717,respond,q3963,sprint,b,mobile
1543707357876,respond,q3963,sprint,a,mobile
1543707368584,submit,b2495,sprint,,mobile
1543707390120,enter,b6866,sprint,,mobile
1543707402630,respond,q9515,sprint,d,mobile
1543707409379,respond,q9515,sprint,b,mobile
1543707415407,submit,b6866,sprint,,mobile
1543707435312,enter,b4161,sprint,,mobile
1543707454815,respond,q5629,sprint,a,mobile
1543707460960,respond,q5629,sprint,b,mobile
1543707467590,submit,b4161,sprint,,mobile
1543707491404,enter,b4257,sprint,,mobile
1543707503373,respond,q5725,sprint,b,mobile
1543707512040,submit,b4257,sprint,,mobile
1543707552946,enter,b3567,sprint,,mobile
1543707560732,respond,q5035,sprint,b,mobile
1543707572686,respond,q5035,sprint,d,mobile
1543707573700,submit,b3567,sprint,,mobile
1543805062972,enter,b3567,sprint,,mobile
1543805069587,respond,q5035,sprint,d,mobile
1543805073336,submit,b3567,sprint,,mobile
1543805103186,enter,b3567,adaptive_offer,,mobile
1543805115275,respond,q5035,adaptive_offer,c,mobile
1543805119846,submit,b3567,adaptive_offer,,mobile
1543805193195,enter,b5166,adaptive_offer,,mobile
1543805204741,respond,q6760,adaptive_offer,d,mobile
1543805209613,submit,b5166,adaptive_offer,,mobile
1543805236057,enter,b5989,sprint,,mobile
1543805247166,respond,q8638,sprint,d,mobile
1543805251748,submit,b5989,sprint,,mobile
1543847397936,enter,b3301,sprint,,mobile
1543847405908,respond,q4769,sprint,a,mobile
1543847412691,submit,b3301,sprint,,mobile
1543847438437,enter,b4895,sprint,,mobile
1543847449069,respond,q6363,sprint,d,mobile
1543847479347,submit,b4895,sprint,,mobile
1543847492831,enter,b2845,sprint,,mobile
1543847500429,respond,q4313,sprint,c,mobile
1543847503823,submit,b2845,sprint,,mobile
1543847507681,enter,b5722,sprint,,mobile
1543847510366,respond,q8371,sprint,c,mobile
1543847517777,submit,b5722,sprint,,mobile
1543847522156,enter,b3355,sprint,,mobile
1543847542578,respond,q4823,sprint,c,mobile
1543847549349,respond,q4823,sprint,d,mobile
1543847555527,respond,q4823,sprint,a,mobile
1543847570060,respond,q4823,sprint,c,mobile
1543847583269,respond,q4823,sprint,d,mobile
1543847586412,submit,b3355,sprint,,mobile
1543847618920,enter,b4668,sprint,,mobile
1543847650395,respond,q6136,sprint,d,mobile
1543847654918,respond,q6136,sprint,c,mobile
1543847666729,submit,b4668,sprint,,mobile
1543847683184,enter,b4757,sprint,,mobile
1543847694052,respond,q6225,sprint,c,mobile
1543847702699,submit,b4757,sprint,,mobile
1543847715688,enter,b7510,sprint,,mobile
1543847726600,respond,q10159,sprint,d,mobile
1543847731948,submit,b7510,sprint,,mobile
1543847736339,enter,b5035,sprint,,mobile
1543847751521,respond,q6503,sprint,b,mobile
1543847780280,respond,q6503,sprint,d,mobile
1543847799815,submit,b5035,sprint,,mobile
1543847815524,enter,b5035,adaptive_offer,,mobile
1543847819792,respond,q6503,adaptive_offer,b,mobile
1543847821897,submit,b5035,adaptive_offer,,mobile
1543847838007,enter,b5039,adaptive_offer,,mobile
1543847851622,respond,q6507,adaptive_offer,c,mobile
1543847862118,respond,q6507,adaptive_offer,d,mobile
1543847870479,submit,b5039,adaptive_offer,,mobile
1543847878297,enter,b2362,sprint,,mobile
1543847887494,respond,q3830,sprint,d,mobile
1543847893021,respond,q3830,sprint,c,mobile
1543847897735,submit,b2362,sprint,,mobile
1544170953438,enter,b4720,sprint,,mobile
1544170955607,respond,q6188,sprint,b,mobile
1544170963821,respond,q6188,sprint,d,mobile
1544170972543,submit,b4720,sprint,,mobile
1544170976973,enter,b7450,sprint,,mobile
1544170991258,respond,q10099,sprint,c,mobile
1544170995818,submit,b7450,sprint,,mobile
1544171011673,enter,b4788,sprint,,mobile
1544171018860,respond,q6256,sprint,a,mobile
1544171021597,submit,b4788,sprint,,mobile
1544171056273,enter,b4337,sprint,,mobile
1544171065254,respond,q5805,sprint,d,mobile
1544171076419,respond,q5805,sprint,a,mobile
1544171084092,respond,q5805,sprint,d,mobile
1544171097845,submit,b4337,sprint,,mobile
1544171119958,enter,b4860,sprint,,mobile
1544171131187,respond,q6328,sprint,a,mobile
1544171136128,respond,q6328,sprint,b,mobile
1544171163546,submit,b4860,sprint,,mobile
1544171183830,enter,b4860,adaptive_offer,,mobile
1544171192121,respond,q6328,adaptive_offer,d,mobile
1544171194680,submit,b4860,adaptive_offer,,mobile
1544171213519,enter,b4859,adaptive_offer,,mobile
1544171219936,respond,q6327,adaptive_offer,c,mobile
1544171223586,submit,b4859,adaptive_offer,,mobile
1544171239443,enter,b6284,sprint,,mobile
1544171246801,respond,q8933,sprint,b,mobile
1544171250890,submit,b6284,sprint,,mobile
1544171255146,enter,b4079,sprint,,mobile
1544171258006,respond,q5547,sprint,a,mobile
1544171267253,submit,b4079,sprint,,mobile
1544171279777,enter,b4694,adaptive_offer,,mobile
1544171286164,respond,q6162,adaptive_offer,b,mobile
1544171302939,respond,q6162,adaptive_offer,c,mobile
1544171309116,respond,q6162,adaptive_offer,b,mobile
1544171318596,submit,b4694,adaptive_offer,,mobile
1544171324860,enter,b4079,adaptive_offer,,mobile
1544171329538,respond,q5547,adaptive_offer,c,mobile
1544171333598,submit,b4079,adaptive_offer,,mobile
1544171341828,enter,b5137,sprint,,mobile
1544171356087,respond,q6731,sprint,c,mobile
1544171365901,submit,b5137,sprint,,mobile
1544171370282,enter,b2974,sprint,,mobile
1544171394000,respond,q4442,sprint,d,mobile
1544171404095,submit,b2974,sprint,,mobile
1544171412969,enter,b5970,sprint,,mobile
1544171419971,respond,q8619,sprint,b,mobile
1544171424158,submit,b5970,sprint,,mobile
1544252704725,enter,b2692,sprint,,mobile
1544252709740,respond,q4160,sprint,d,mobile
1544252713069,submit,b2692,sprint,,mobile
1544252717577,enter,b2840,sprint,,mobile
1544252746021,respond,q4308,sprint,a,mobile
1544252767218,submit,b2840,sprint,,mobile
1544252872245,enter,b4785,sprint,,mobile
1544252890391,respond,q6253,sprint,c,mobile
1544252905456,submit,b4785,sprint,,mobile
1544252909581,enter,b5744,sprint,,mobile
1544252923438,respond,q8393,sprint,b,mobile
1544252929967,respond,q8393,sprint,d,mobile
1544252949302,submit,b5744,sprint,,mobile
1544252957564,enter,b4022,sprint,,mobile
1544252962865,respond,q5490,sprint,a,mobile
1544252967208,submit,b4022,sprint,,mobile
1544252971696,enter,b3883,sprint,,mobile
1544253023233,respond,q5351,sprint,c,mobile
1544253061728,respond,q5351,sprint,a,mobile
1544253070169,respond,q5351,sprint,c,mobile
1544253080607,submit,b3883,sprint,,mobile
1544253113861,enter,b5083,sprint,,mobile
1544253135829,respond,q6551,sprint,c,mobile
1544253154702,submit,b5083,sprint,,mobile
1544253159476,enter,b6280,sprint,,mobile
1544253167371,respond,q8929,sprint,d,mobile
1544253177339,submit,b6280,sprint,,mobile
1544253196466,enter,b2629,sprint,,mobile
1544253215244,respond,q4097,sprint,d,mobile
1544253221826,respond,q4097,sprint,b,mobile
1544253236771,respond,q4097,sprint,d,mobile
1544253245978,submit,b2629,sprint,,mobile
1544253252569,enter,b2224,sprint,,mobile
1544253268696,respond,q3692,sprint,a,mobile
1544253287283,submit,b2224,sprint,,mobile
1544332331913,enter,b3013,sprint,,mobile
1544332340849,respond,q4481,sprint,a,mobile
1544332367020,submit,b3013,sprint,,mobile
1544332385177,enter,b7098,sprint,,mobile
1544332397085,respond,q9747,sprint,d,mobile
1544332400809,submit,b7098,sprint,,mobile
1544332413029,enter,b6050,sprint,,mobile
1544332433716,respond,q8699,sprint,c,mobile
1544332460352,submit,b6050,sprint,,mobile
1544332470745,enter,b6050,adaptive_offer,,mobile
1544332485515,respond,q8699,adaptive_offer,b,mobile
1544332488213,submit,b6050,adaptive_offer,,mobile
1544332510671,enter,b3376,adaptive_offer,,mobile
1544332522696,respond,q4844,adaptive_offer,b,mobile
1544332529949,submit,b3376,adaptive_offer,,mobile
1544332546496,enter,b4747,sprint,,mobile
1544332559562,respond,q6215,sprint,b,mobile
1544332567481,submit,b4747,sprint,,mobile
1544332571894,enter,b3463,sprint,,mobile
1544332578804,respond,q4931,sprint,d,mobile
1544332592650,respond,q4931,sprint,c,mobile
1544332598054,submit,b3463,sprint,,mobile
1544332608236,enter,b5655,sprint,,mobile
1544332631819,respond,q8184,sprint,c,mobile
1544332636078,respond,q8184,sprint,d,mobile
1544332643226,respond,q8184,sprint,c,mobile
1544332645198,respond,q8184,sprint,b,mobile
1544332663787,respond,q8184,sprint,a,mobile
1544332671633,submit,b5655,sprint,,mobile
1544332677287,enter,b5064,sprint,,mobile
1544332712133,respond,q6532,sprint,c,mobile
1544332719780,submit,b5064,sprint,,mobile
1544332725286,enter,b3200,sprint,,mobile
1544332737497,respond,q4668,sprint,a,mobile
1544332742691,submit,b3200,sprint,,mobile
1544332747043,enter,b3885,sprint,,mobile
1544332761485,respond,q5353,sprint,a,mobile
1544332780490,submit,b3885,sprint,,mobile
1544332826724,enter,b6125,sprint,,mobile
1544332830777,respond,q8774,sprint,a,mobile
1544332852206,submit,b6125,sprint,,mobile
1544500582683,enter,b4455,sprint,,mobile
1544500600614,respond,q5923,sprint,d,mobile
1544500608850,submit,b4455,sprint,,mobile
1544519732269,enter,b4053,sprint,,mobile
1544519735756,respond,q5521,sprint,a,mobile
1544519739493,submit,b4053,sprint,,mobile
1544519744435,enter,b2233,sprint,,mobile
1544519751128,respond,q3701,sprint,d,mobile
1544519761520,submit,b2233,sprint,,mobile
1544519766264,enter,b7116,sprint,,mobile
1544519780764,respond,q9765,sprint,c,mobile
1544519784604,submit,b7116,sprint,,mobile
1544519795553,enter,b3937,sprint,,mobile
1544519808589,respond,q5405,sprint,d,mobile
1544519813235,submit,b3937,sprint,,mobile
1544519823360,enter,b2762,sprint,,mobile
1544519842883,respond,q4230,sprint,b,mobile
1544519865281,submit,b2762,sprint,,mobile
1544519876064,enter,b4601,sprint,,mobile
1544519887160,respond,q6069,sprint,a,mobile
1544519892381,submit,b4601,sprint,,mobile
1544519896461,enter,b7348,sprint,,mobile
1544519920767,respond,q9997,sprint,c,mobile
1544519928122,submit,b7348,sprint,,mobile
1544519963192,enter,b3848,sprint,,mobile
1544519975609,respond,q5316,sprint,d,mobile
1544519983675,respond,q5316,sprint,c,mobile
1544519995073,submit,b3848,sprint,,mobile
1544520005122,enter,b3871,sprint,,mobile
1544520014599,respond,q5339,sprint,a,mobile
1544520016868,respond,q5339,sprint,c,mobile
1544520029833,respond,q5339,sprint,a,mobile
1544520041259,submit,b3871,sprint,,mobile
1544520050806,enter,b3871,adaptive_offer,,mobile
1544520053705,respond,q5339,adaptive_offer,c,mobile
1544520056111,submit,b3871,adaptive_offer,,mobile
1544520070121,enter,b3868,adaptive_offer,,mobile
1544520078794,respond,q5336,adaptive_offer,b,mobile
1544520080714,submit,b3868,adaptive_offer,,mobile
1544584038979,enter,b4499,sprint,,mobile
1544584052225,respond,q5967,sprint,a,mobile
1544584054592,respond,q5967,sprint,d,mobile
1544584058908,submit,b4499,sprint,,mobile
1544584080777,enter,b7494,sprint,,mobile
1544584084479,respond,q10143,sprint,b,mobile
1544584092128,submit,b7494,sprint,,mobile
1544584096228,enter,b2846,sprint,,mobile
1544584113834,respond,q4314,sprint,d,mobile
1544584128263,submit,b2846,sprint,,mobile
1544584156325,enter,b4269,sprint,,mobile
1544584165670,respond,q5737,sprint,a,mobile
1544584169253,submit,b4269,sprint,,mobile
1544584211150,enter,b3410,sprint,,mobile
1544584245566,respond,q4878,sprint,c,mobile
1544584248036,respond,q4878,sprint,d,mobile
1544584253030,submit,b3410,sprint,,mobile
1544584264872,enter,b2762,adaptive_offer,,mobile
1544584291870,respond,q4230,adaptive_offer,b,mobile
1544584316741,respond,q4230,adaptive_offer,c,mobile
1544584321566,submit,b2762,adaptive_offer,,mobile
1544584336071,enter,b2718,adaptive_offer,,mobile
1544584347976,respond,q4186,adaptive_offer,a,mobile
1544584350676,submit,b2718,adaptive_offer,,mobile
1544584365182,enter,b7414,sprint,,mobile
1544584373547,respond,q10063,sprint,a,mobile
1544584379091,submit,b7414,sprint,,mobile
1544584409768,enter,b5149,sprint,,mobile
1544584420499,respond,q6743,sprint,c,mobile
1544584425525,respond,q6743,sprint,d,mobile
1544584427362,respond,q6743,sprint,b,mobile
1544584431152,submit,b5149,sprint,,mobile
1544584435991,enter,b3769,sprint,,mobile
1544584445467,respond,q5237,sprint,d,mobile
1544584448622,submit,b3769,sprint,,mobile
1544584453273,enter,b3377,sprint,,mobile
1544584457659,respond,q4845,sprint,d,mobile
1544584464128,submit,b3377,sprint,,mobile
1544584468307,enter,b6247,sprint,,mobile
1544584476038,respond,q8896,sprint,d,mobile
1544584480891,submit,b6247,sprint,,mobile
1544699888993,enter,b3204,sprint,,mobile
1544699902339,respond,q4672,sprint,c,mobile
1544699909717,submit,b3204,sprint,,mobile
1544699915208,enter,b3987,sprint,,mobile
1544699925850,respond,q5455,sprint,a,mobile
1544699933735,respond,q5455,sprint,b,mobile
1544699940518,submit,b3987,sprint,,mobile
1544699963454,enter,b2579,sprint,,mobile
1544699972695,respond,q4047,sprint,b,mobile
1544699975652,respond,q4047,sprint,a,mobile
1544699982811,submit,b2579,sprint,,mobile
1544699995336,enter,b6259,sprint,,mobile
1544700022869,respond,q8908,sprint,a,mobile
1544700024001,respond,q8908,sprint,b,mobile
1544700029417,submit,b6259,sprint,,mobile
1544700045742,enter,b3018,sprint,,mobile
1544700055759,respond,q4486,sprint,c,mobile
1544700065868,submit,b3018,sprint,,mobile
1544700082179,enter,b3073,sprint,,mobile
1544700105038,respond,q4541,sprint,c,mobile
1544700118233,submit,b3073,sprint,,mobile
1544700137029,enter,b4552,sprint,,mobile
1544700151263,respond,q6020,sprint,d,mobile
1544700156321,submit,b4552,sprint,,mobile
1544700175588,enter,b7549,sprint,,mobile
1544700182643,respond,q10198,sprint,b,mobile
1544700193628,submit,b7549,sprint,,mobile
1544700198620,enter,b5073,sprint,,mobile
1544700205186,respond,q6541,sprint,b,mobile
1544700208422,submit,b5073,sprint,,mobile
1544700212814,enter,b3451,sprint,,mobile
1544700239144,respond,q4919,sprint,c,mobile
1544700251595,submit,b3451,sprint,,mobile
1544845824103,enter,b4684,sprint,,mobile
1544845830799,respond,q6152,sprint,b,mobile
1544845835422,respond,q6152,sprint,c,mobile
1544845855187,submit,b4684,sprint,,mobile
1544845869805,enter,b6268,sprint,,mobile
1544845876850,respond,q8917,sprint,c,mobile
1544845881786,submit,b6268,sprint,,mobile
1544845885960,enter,b3778,sprint,,mobile
1544845893838,respond,q5246,sprint,c,mobile
1544845897539,submit,b3778,sprint,,mobile
1544845900860,enter,b4500,sprint,,mobile
1544845915399,respond,q5968,sprint,a,mobile
1544845936929,submit,b4500,sprint,,mobile
1544845946071,enter,b2492,adaptive_offer,,mobile
1544845954283,respond,q3960,adaptive_offer,d,mobile
1544845956584,submit,b2492,adaptive_offer,,mobile
1544845966423,enter,b4539,adaptive_offer,,mobile
1544845983465,respond,q6007,adaptive_offer,a,mobile
1544845987376,submit,b4539,adaptive_offer,,mobile
1544846015494,enter,b4272,sprint,,mobile
1544846039288,respond,q5740,sprint,a,mobile
1544846041413,respond,q5740,sprint,d,mobile
1544846043311,respond,q5740,sprint,c,mobile
1544846050891,submit,b4272,sprint,,mobile
1544846069710,enter,b6193,sprint,,mobile
1544846077854,respond,q8842,sprint,c,mobile
1544846085803,submit,b6193,sprint,,mobile
1544846100755,enter,b2654,sprint,,mobile
1544846113728,respond,q4122,sprint,b,mobile
1544846115565,respond,q4122,sprint,d,mobile
1544846138399,submit,b2654,sprint,,mobile
1544846155210,enter,b4850,sprint,,mobile
1544846168601,respond,q6318,sprint,d,mobile
1544846198590,submit,b4850,sprint,,mobile
1544846212975,enter,b4508,sprint,,mobile
1544846248017,respond,q5976,sprint,a,mobile
1544846260045,submit,b4508,sprint,,mobile
1544846270089,enter,b7215,sprint,,mobile
1544846284613,respond,q9864,sprint,a,mobile
1544846287145,submit,b7215,sprint,,mobile
1545014996084,enter,b3054,sprint,,mobile
1545015001137,respond,q4522,sprint,d,mobile
1545015003948,submit,b3054,sprint,,mobile
1545015008748,enter,b2539,sprint,,mobile
1545015015611,respond,q4007,sprint,b,mobile
1545015020274,submit,b2539,sprint,,mobile
1545015040843,enter,b2667,sprint,,mobile
1545015054132,respond,q4135,sprint,a,mobile
1545015060952,respond,q4135,sprint,b,mobile
1545015064314,submit,b2667,sprint,,mobile
1545015071905,enter,b6330,sprint,,mobile
1545015090041,respond,q8979,sprint,b,mobile
1545015092176,respond,q8979,sprint,d,mobile
1545015100676,respond,q8979,sprint,c,mobile
1545015102952,respond,q8979,sprint,d,mobile
1545015118208,submit,b6330,sprint,,mobile
1545116665283,enter,b2235,sprint,,mobile
1545116681617,respond,q3703,sprint,a,mobile
1545116690780,submit,b2235,sprint,,mobile
1545116696917,enter,b4560,sprint,,mobile
1545116706183,respond,q6028,sprint,a,mobile
1545116708717,submit,b4560,sprint,,mobile
1545116720582,enter,b2682,sprint,,mobile
1545116727611,respond,q4150,sprint,a,mobile
1545116749248,submit,b2682,sprint,,mobile
1545116761570,enter,b6388,sprint,,mobile
1545116769484,respond,q9037,sprint,d,mobile
1545116775436,submit,b6388,sprint,,mobile
1545116779876,enter,b2222,sprint,,mobile
1545116802059,respond,q3690,sprint,b,mobile
1545116818593,respond,q3690,sprint,d,mobile
1545116824536,respond,q3690,sprint,a,mobile
1545116830665,submit,b2222,sprint,,mobile
1545116836468,enter,b4602,sprint,,mobile
1545116846164,respond,q6070,sprint,b,mobile
1545116864272,submit,b4602,sprint,,mobile
1545116928132,enter,b3027,sprint,,mobile
1545116952559,respond,q4495,sprint,a,mobile
1545116978105,submit,b3027,sprint,,mobile
1545116998677,enter,b7480,sprint,,mobile
1545117004962,respond,q10129,sprint,a,mobile
1545117014974,respond,q10129,sprint,b,mobile
1545117018954,respond,q10129,sprint,c,mobile
1545117027884,submit,b7480,sprint,,mobile
1545117051138,enter,b2651,sprint,,mobile
1545117065753,respond,q4119,sprint,d,mobile
1545117068958,respond,q4119,sprint,c,mobile
1545117079969,submit,b2651,sprint,,mobile
1545117111519,enter,b2784,sprint,,mobile
1545117128617,respond,q4252,sprint,b,mobile
1545117147908,respond,q4252,sprint,c,mobile
1545117160304,submit,b2784,sprint,,mobile
1545117166040,enter,b3384,sprint,,mobile
1545117172831,respond,q4852,sprint,b,mobile
1545117187411,submit,b3384,sprint,,mobile
1545117199575,enter,b2682,adaptive_offer,,mobile
1545117206403,respond,q4150,adaptive_offer,c,mobile
1545117208834,submit,b2682,adaptive_offer,,mobile
1545117213359,enter,b2718,adaptive_offer,,mobile
1545117216524,respond,q4186,adaptive_offer,c,mobile
1545117219132,submit,b2718,adaptive_offer,,mobile
1545117249757,enter,b6074,sprint,,mobile
1545117261238,respond,q8723,sprint,c,mobile
1545117269053,respond,q8723,sprint,a,mobile
1545117272744,respond,q8723,sprint,c,mobile
1545117276048,submit,b6074,sprint,,mobile
1545117288494,enter,b6992,sprint,,mobile
1545117294223,respond,q9641,sprint,c,mobile
1545117301756,submit,b6992,sprint,,mobile
1545117307494,enter,b2333,sprint,,mobile
1545117320009,respond,q3801,sprint,c,mobile
1545117322631,submit,b2333,sprint,,mobile
1545117335845,enter,b2666,sprint,,mobile
1545117356721,respond,q4134,sprint,d,mobile
1545117366799,submit,b2666,sprint,,mobile
1545117378283,enter,b2495,adaptive_offer,,mobile
1545117393231,respond,q3963,adaptive_offer,a,mobile
1545117396002,respond,q3963,adaptive_offer,b,mobile
1545117398501,submit,b2495,adaptive_offer,,mobile
1545117407819,enter,b5166,adaptive_offer,,mobile
1545117420604,respond,q6760,adaptive_offer,a,mobile
1545117429315,submit,b5166,adaptive_offer,,mobile
1545117441537,enter,b3567,adaptive_offer,,mobile
1545117449015,respond,q5035,adaptive_offer,b,mobile
1545117452205,respond,q5035,adaptive_offer,d,mobile
1545117461457,respond,q5035,adaptive_offer,c,mobile
1545117469011,respond,q5035,adaptive_offer,d,mobile
1545117472862,submit,b3567,adaptive_offer,,mobile
1545117509905,enter,b2846,adaptive_offer,,mobile
1545117522806,respond,q4314,adaptive_offer,a,mobile
1545117525733,submit,b2846,adaptive_offer,,mobile
1545117529242,enter,b2666,adaptive_offer,,mobile
1545117540628,respond,q4134,adaptive_offer,a,mobile
1545117543700,submit,b2666,adaptive_offer,,mobile
1545117558637,enter,b7254,sprint,,mobile
1545117579976,respond,q9903,sprint,d,mobile
1545117582879,submit,b7254,sprint,,mobile
1545217152146,enter,b3046,sprint,,mobile
1545217168849,respond,q4514,sprint,c,mobile
1545217172854,submit,b3046,sprint,,mobile
1545217182791,enter,b3821,sprint,,mobile
1545217187797,respond,q5289,sprint,c,mobile
1545217197315,respond,q5289,sprint,d,mobile
1545217200387,respond,q5289,sprint,c,mobile
1545217210572,submit,b3821,sprint,,mobile
1545217215421,enter,b5044,sprint,,mobile
1545217222402,respond,q6512,sprint,b,mobile
1545217227808,submit,b5044,sprint,,mobile
1545217247418,enter,b7223,sprint,,mobile
1545217257690,respond,q9872,sprint,c,mobile
1545217262918,submit,b7223,sprint,,mobile
1545217276801,enter,b3801,sprint,,mobile
1545217298708,respond,q5269,sprint,c,mobile
1545217322572,submit,b3801,sprint,,mobile
1545217427785,enter,b2317,sprint,,mobile
1545217447869,respond,q3785,sprint,b,mobile
1545217450272,respond,q3785,sprint,d,mobile
1545217453498,submit,b2317,sprint,,mobile
1545217464638,enter,b3215,sprint,,mobile
1545217480416,respond,q4683,sprint,d,mobile
1545217506181,submit,b3215,sprint,,mobile
1545217527793,enter,b7496,sprint,,mobile
1545217533354,respond,q10145,sprint,b,mobile
1545217545227,respond,q10145,sprint,d,mobile
1545217548586,respond,q10145,sprint,b,mobile
1545217552761,respond,q10145,sprint,d,mobile
1545217556403,submit,b7496,sprint,,mobile
1545217567348,enter,b3076,sprint,,mobile
1545217574900,respond,q4544,sprint,d,mobile
1545217594627,submit,b3076,sprint,,mobile
1545217599655,enter,b2719,sprint,,mobile
1545217610833,respond,q4187,sprint,d,mobile
1545217631531,submit,b2719,sprint,,mobile
1545298475205,enter,b6989,sprint,,mobile
1545298480196,respond,q9638,sprint,b,mobile
1545298493906,respond,q9638,sprint,d,mobile
1545298508261,respond,q9638,sprint,b,mobile
1545298512161,submit,b6989,sprint,,mobile
1545299826206,enter,b7615,sprint,,mobile
1545299836550,respond,q10264,sprint,b,mobile
1545299845482,respond,q10264,sprint,c,mobile
1545299850972,submit,b7615,sprint,,mobile
1545299957842,enter,b3698,sprint,,mobile
1545299969256,respond,q5166,sprint,c,mobile
1545299979662,submit,b3698,sprint,,mobile
1545299988638,enter,b2968,sprint,,mobile
1545299998820,respond,q4436,sprint,c,mobile
1545300003826,submit,b2968,sprint,,mobile
1545450476583,enter,b4252,sprint,,mobile
1545450494010,respond,q5720,sprint,a,mobile
1545450499817,submit,b4252,sprint,,mobile
1545450504430,enter,b6755,sprint,,mobile
1545450511071,respond,q9404,sprint,c,mobile
1545450516893,submit,b6755,sprint,,mobile
1545450530348,enter,b2451,sprint,,mobile
1545450540511,respond,q3919,sprint,c,mobile
1545450546876,respond,q3919,sprint,a,mobile
1545450550879,submit,b2451,sprint,,mobile
1545450560275,enter,b3374,sprint,,mobile
1545450569789,respond,q4842,sprint,d,mobile
1545450579517,submit,b3374,sprint,,mobile
1545450584856,enter,b3131,sprint,,mobile
1545450593837,respond,q4599,sprint,d,mobile
1545450601566,respond,q4599,sprint,c,mobile
1545450630825,submit,b3131,sprint,,mobile
1545450655228,enter,b6429,sprint,,mobile
1545450659204,respond,q9078,sprint,b,mobile
1545450667161,submit,b6429,sprint,,mobile
1545450706447,enter,b2982,sprint,,mobile
1545450719604,respond,q4450,sprint,a,mobile
1545450725285,submit,b2982,sprint,,mobile
1545450741652,enter,b4193,sprint,,mobile
1545450754359,respond,q5661,sprint,a,mobile
1545450772163,respond,q5661,sprint,c,mobile
1545450777403,submit,b4193,sprint,,mobile
1545450781711,enter,b4766,sprint,,mobile
1545450790848,respond,q6234,sprint,b,mobile
1545450794094,respond,q6234,sprint,c,mobile
1545450810710,submit,b4766,sprint,,mobile
1545450815236,enter,b2375,sprint,,mobile
1545450824066,respond,q3843,sprint,c,mobile
1545450828087,submit,b2375,sprint,,mobile
1545450832488,enter,b5031,sprint,,mobile
1545450837912,respond,q6499,sprint,a,mobile
1545450847159,submit,b5031,sprint,,mobile
1545450863855,enter,b4584,sprint,,mobile
1545450880930,respond,q6052,sprint,b,mobile
1545450887338,submit,b4584,sprint,,mobile
1545450892370,enter,b4705,sprint,,mobile
1545450926740,respond,q6173,sprint,a,mobile
1545450943925,submit,b4705,sprint,,mobile
1545450979248,enter,b2491,sprint,,mobile
1545450991622,respond,q3959,sprint,d,mobile
1545451003010,submit,b2491,sprint,,mobile
1545451010074,enter,b3325,sprint,,mobile
1545451030195,respond,q4793,sprint,b,mobile
1545451034163,submit,b3325,sprint,,mobile
1545451053830,enter,b4795,sprint,,mobile
1545451063944,respond,q6263,sprint,c,mobile
1545451075042,submit,b4795,sprint,,mobile
1546426401300,enter,b3779,sprint,,mobile
1546426428031,respond,q5247,sprint,c,mobile
1546426431778,respond,q5247,sprint,b,mobile
1546426432997,respond,q5247,sprint,c,mobile
1546426447710,respond,q5247,sprint,d,mobile
1546426451686,respond,q5247,sprint,a,mobile
1546426461297,submit,b3779,sprint,,mobile
1546426482295,enter,b5673,sprint,,mobile
1546426488660,respond,q8202,sprint,b,mobile
1546426502774,submit,b5673,sprint,,mobile
1546426511682,enter,b2347,sprint,,mobile
1546426526435,respond,q3815,sprint,a,mobile
1546426541151,respond,q3815,sprint,b,mobile
1546426547409,respond,q3815,sprint,c,mobile
1546426551220,submit,b2347,sprint,,mobile
1546426562995,enter,b2587,sprint,,mobile
1546426593060,respond,q4055,sprint,d,mobile
1546426607209,respond,q4055,sprint,b,mobile
1546426612732,respond,q4055,sprint,a,mobile
1546426623036,submit,b2587,sprint,,mobile
1546426647919,enter,b2927,sprint,,mobile
1546426654257,respond,q4395,sprint,c,mobile
1546426658170,submit,b2927,sprint,,mobile
1546426698975,enter,b7051,sprint,,mobile
1546426714648,respond,q9700,sprint,c,mobile
1546426717863,respond,q9700,sprint,d,mobile
1546426722004,submit,b7051,sprint,,mobile
1546426732573,enter,b5060,sprint,,mobile
1546426743704,respond,q6528,sprint,b,mobile
1546426750401,respond,q6528,sprint,d,mobile
1546426753954,submit,b5060,sprint,,mobile
1546426788448,enter,b4028,sprint,,mobile
1546426797123,respond,q5496,sprint,a,mobile
1546426803042,submit,b4028,sprint,,mobile
1546426808556,enter,b2780,sprint,,mobile
1546426816911,respond,q4248,sprint,a,mobile
1546426820787,submit,b2780,sprint,,mobile
1546426825807,enter,b7194,sprint,,mobile
1546426842249,respond,q9843,sprint,a,mobile
1546426850840,respond,q9843,sprint,c,mobile
1546426858567,respond,q9843,sprint,a,mobile
1546426861488,submit,b7194,sprint,,mobile
1546585298224,enter,b5079,sprint,,mobile
1546585326464,respond,q6547,sprint,a,mobile
1546585337044,respond,q6547,sprint,c,mobile
1546585346028,submit,b5079,sprint,,mobile
1546585364719,enter,b3227,sprint,,mobile
1546585375077,respond,q4695,sprint,b,mobile
1546585394349,submit,b3227,sprint,,mobile
1546585405647,enter,b2218,sprint,,mobile
1546585418921,respond,q3686,sprint,b,mobile
1546585441771,respond,q3686,sprint,d,mobile
1546585446311,respond,q3686,sprint,b,mobile
1546585450156,submit,b2218,sprint,,mobile
1546585469903,enter,b7351,sprint,,mobile
1546585483404,respond,q10000,sprint,b,mobile
1546585485689,submit,b7351,sprint,,mobile
1546585501025,enter,b4773,sprint,,mobile
1546585514297,respond,q6241,sprint,b,mobile
1546585527858,submit,b4773,sprint,,mobile
1546585542830,enter,b4602,adaptive_offer,,mobile
1546585557949,respond,q6070,adaptive_offer,b,mobile
1546585572382,submit,b4602,adaptive_offer,,mobile
1546585595832,enter,b4773,adaptive_offer,,mobile
1546585600078,respond,q6241,adaptive_offer,d,mobile
1546585602669,submit,b4773,adaptive_offer,,mobile
1546585636967,enter,b3365,sprint,,mobile
1546585643144,respond,q4833,sprint,d,mobile
1546585647025,submit,b3365,sprint,,mobile
1546585652307,enter,b3898,sprint,,mobile
1546585696331,respond,q5366,sprint,b,mobile
1546585702545,submit,b3898,sprint,,mobile
1546585716314,enter,b6811,sprint,,mobile
1546585731861,respond,q9460,sprint,a,mobile
1546585733434,respond,q9460,sprint,b,mobile
1546585734292,respond,q9460,sprint,c,mobile
1546585767014,respond,q9460,sprint,a,mobile
1546585769500,submit,b6811,sprint,,mobile
1546585783133,enter,b6034,sprint,,mobile
1546585795172,respond,q8683,sprint,b,mobile
1546585803046,respond,q8683,sprint,c,mobile
1546585820128,submit,b6034,sprint,,mobile
1546585827662,enter,b2647,sprint,,mobile
1546585838560,respond,q4115,sprint,a,mobile
1546585853828,respond,q4115,sprint,b,mobile
1546585859611,submit,b2647,sprint,,mobile
1546834208238,enter,b3408,sprint,,mobile
1546834215169,respond,q4876,sprint,a,mobile
1546834221112,respond,q4876,sprint,b,mobile
1546834229503,submit,b3408,sprint,,mobile
1546834233364,enter,b5720,sprint,,mobile
1546834243833,respond,q8369,sprint,d,mobile
1546834249824,submit,b5720,sprint,,mobile
1546834254574,enter,b2363,sprint,,mobile
1546834258992,respond,q3831,sprint,b,mobile
1546834269297,submit,b2363,sprint,,mobile
1546834281399,enter,b3973,sprint,,mobile
1546834309185,respond,q5441,sprint,a,mobile
1546834313121,submit,b3973,sprint,,mobile
1546834317369,enter,b2683,sprint,,mobile
1546834326622,respond,q4151,sprint,d,mobile
1546834343958,respond,q4151,sprint,a,mobile
1546834359106,submit,b2683,sprint,,mobile
1546834377871,enter,b5924,sprint,,mobile
1546834407328,respond,q8573,sprint,b,mobile
1546834426537,submit,b5924,sprint,,mobile
1546834449571,enter,b6049,sprint,,mobile
1546834455912,respond,q8698,sprint,a,mobile
1546834461108,submit,b6049,sprint,,mobile
1546834465163,enter,b2854,sprint,,mobile
1546834473814,respond,q4322,sprint,d,mobile
1546834501551,submit,b2854,sprint,,mobile
1546834505632,enter,b7371,sprint,,mobile
1546834519680,respond,q10020,sprint,b,mobile
1546834524604,respond,q10020,sprint,c,mobile
1546834532042,respond,q10020,sprint,d,mobile
1546834532771,respond,q10020,sprint,b,mobile
1546834541119,submit,b7371,sprint,,mobile
1546834579528,enter,b7640,sprint,,mobile
1546834585199,respond,q10289,sprint,a,mobile
1546834590077,submit,b7640,sprint,,mobile
1546902846413,enter,b2898,sprint,,mobile
1546902862520,respond,q4366,sprint,b,mobile
1546902865813,submit,b2898,sprint,,mobile
1546902870759,enter,b2592,sprint,,mobile
1546902882618,respond,q4060,sprint,c,mobile
1546902896584,submit,b2592,sprint,,mobile
1546902902473,enter,b3820,sprint,,mobile
1546902912628,respond,q5288,sprint,d,mobile
1546902920351,submit,b3820,sprint,,mobile
1546902927946,enter,b6180,sprint,,mobile
1546902938336,respond,q8829,sprint,c,mobile
1546902948373,submit,b6180,sprint,,mobile
1546902978348,enter,b4205,sprint,,mobile
1546902988977,respond,q5673,sprint,a,mobile
1546903002124,respond,q5673,sprint,d,mobile
1546903004793,submit,b4205,sprint,,mobile
1546903012277,enter,b3793,sprint,,mobile
1546903019263,respond,q5261,sprint,d,mobile
1546903030100,respond,q5261,sprint,a,mobile
1546903040839,submit,b3793,sprint,,mobile
1546903044994,enter,b3640,sprint,,mobile
1546903049864,respond,q5108,sprint,c,mobile
1546903056029,submit,b3640,sprint,,mobile
1546903075777,enter,b6813,sprint,,mobile
1546903088423,respond,q9462,sprint,a,mobile
1546903095793,respond,q9462,sprint,d,mobile
1546903112107,respond,q9462,sprint,a,mobile
1546903114887,submit,b6813,sprint,,mobile
1546908281703,enter,b3082,sprint,,mobile
1546908296275,respond,q4550,sprint,a,mobile
1546908304107,submit,b3082,sprint,,mobile
1546908335889,enter,b4712,sprint,,mobile
1546908354566,respond,q6180,sprint,a,mobile
1546908356671,submit,b4712,sprint,,mobile
1546988979705,enter,b2578,sprint,,mobile
1546988996916,respond,q4046,sprint,b,mobile
1546989000053,submit,b2578,sprint,,mobile
1546989032590,enter,b7524,sprint,,mobile
1546989035517,respond,q10173,sprint,a,mobile
1546989040208,submit,b7524,sprint,,mobile
1546989044627,enter,b4387,sprint,,mobile
1546989050597,respond,q5855,sprint,a,mobile
1546989057515,submit,b4387,sprint,,mobile
1546989061794,enter,b4862,sprint,,mobile
1546989093572,respond,q6330,sprint,b,mobile
1546989097275,submit,b4862,sprint,,mobile
1546989151933,enter,b2626,sprint,,mobile
1546989158476,respond,q4094,sprint,a,mobile
1546989163687,submit,b2626,sprint,,mobile
1546989216260,enter,b7276,sprint,,mobile
1546989222500,respond,q9925,sprint,c,mobile
1546989227739,submit,b7276,sprint,,mobile
1546989252461,enter,b2200,sprint,,mobile
1546989264924,respond,q3668,sprint,d,mobile
1546989277992,submit,b2200,sprint,,mobile
1546989290879,enter,b4708,sprint,,mobile
1546989304711,respond,q6176,sprint,c,mobile
1546989320328,submit,b4708,sprint,,mobile
1546989343569,enter,b4296,sprint,,mobile
1546989359134,respond,q5764,sprint,b,mobile
1546989368458,submit,b4296,sprint,,mobile
1546989374743,enter,b6094,sprint,,mobile
1546989384261,respond,q8743,sprint,c,mobile
1546989387384,submit,b6094,sprint,,mobile
1547075593893,enter,b4172,sprint,,mobile
1547075600020,respond,q5640,sprint,a,mobile
1547075603765,submit,b4172,sprint,,mobile
1547075609232,enter,b2201,sprint,,mobile
1547075634114,respond,q3669,sprint,d,mobile
1547075645112,submit,b2201,sprint,,mobile
1547075657234,enter,b4115,sprint,,mobile
1547075663817,respond,q5583,sprint,a,mobile
1547075668827,respond,q5583,sprint,b,mobile
1547075671232,respond,q5583,sprint,d,mobile
1547075675320,submit,b4115,sprint,,mobile
1547075680074,enter,b6070,sprint,,mobile
1547075685547,respond,q8719,sprint,d,mobile
1547075691989,submit,b6070,sprint,,mobile
1547075708987,enter,b4609,sprint,,mobile
1547075721625,respond,q6077,sprint,a,mobile
1547075729325,submit,b4609,sprint,,mobile
1547075734408,enter,b2612,sprint,,mobile
1547075739462,respond,q4080,sprint,d,mobile
1547075743824,submit,b2612,sprint,,mobile
1547075753829,enter,b4501,sprint,,mobile
1547075759831,respond,q5969,sprint,a,mobile
1547075763879,submit,b4501,sprint,,mobile
1547075767626,enter,b7147,sprint,,mobile
1547075772372,respond,q9796,sprint,a,mobile
1547075779760,submit,b7147,sprint,,mobile
1547075783266,enter,b2884,sprint,,mobile
1547075804891,respond,q4352,sprint,a,mobile
1547075809779,submit,b2884,sprint,,mobile
1547075817387,enter,b3411,sprint,,mobile
1547075850189,respond,q4879,sprint,d,mobile
1547075857462,submit,b3411,sprint,,mobile
1547552069529,enter,b3905,sprint,,mobile
1547552077531,respond,q5373,sprint,a,mobile
1547552081210,submit,b3905,sprint,,mobile
1547552085432,enter,b6303,sprint,,mobile
1547552104074,respond,q8952,sprint,c,mobile
1547552117451,submit,b6303,sprint,,mobile
1547552136303,enter,b2325,sprint,,mobile
1547552143744,respond,q3793,sprint,a,mobile
1547552149671,respond,q3793,sprint,d,mobile
1547552155493,submit,b2325,sprint,,mobile
1547552160383,enter,b2979,sprint,,mobile
1547552164516,respond,q4447,sprint,c,mobile
1547552172780,submit,b2979,sprint,,mobile
1547552177935,enter,b4993,sprint,,mobile
1547552183285,respond,q6461,sprint,d,mobile
1547552203126,submit,b4993,sprint,,mobile
1547552238464,enter,b7144,sprint,,mobile
1547552246608,respond,q9793,sprint,b,mobile
1547552255771,submit,b7144,sprint,,mobile
1547552265346,enter,b4174,sprint,,mobile
1547552278509,respond,q5642,sprint,d,mobile
1547552287471,submit,b4174,sprint,,mobile
1547552292309,enter,b4081,sprint,,mobile
1547552301456,respond,q5549,sprint,b,mobile
1547552333420,submit,b4081,sprint,,mobile
1547552368515,enter,b6006,sprint,,mobile
1547552377833,respond,q8655,sprint,b,mobile
1547552384104,submit,b6006,sprint,,mobile
1547552389147,enter,b7521,sprint,,mobile
1547552413044,respond,q10170,sprint,b,mobile
1547552416058,respond,q10170,sprint,c,mobile
1547552427450,respond,q10170,sprint,b,mobile
1547552445688,submit,b7521,sprint,,mobile
1548042510215,enter,b2285,sprint,,mobile
1548042518698,respond,q3753,sprint,b,mobile
1548042522418,submit,b2285,sprint,,mobile
1548042532260,enter,b3992,sprint,,mobile
1548042542072,respond,q5460,sprint,a,mobile
1548042546094,submit,b3992,sprint,,mobile
1548042562934,enter,b2482,sprint,,mobile
1548042571387,respond,q3950,sprint,d,mobile
1548042578989,submit,b2482,sprint,,mobile
1548042596973,enter,b7512,sprint,,mobile
1548042609819,respond,q10161,sprint,b,mobile
1548042612738,submit,b7512,sprint,,mobile
1548042617787,enter,b3320,sprint,,mobile
1548042624452,respond,q4788,sprint,d,mobile
1548042630707,submit,b3320,sprint,,mobile
1548042635555,enter,b4914,sprint,,mobile
1548042641537,respond,q6382,sprint,b,mobile
1548042665540,submit,b4914,sprint,,mobile
1548042680873,enter,b2651,adaptive_offer,,mobile
1548042693426,respond,q4119,adaptive_offer,c,mobile
1548042701074,submit,b2651,adaptive_offer,,mobile
1548046636443,enter,b2380,sprint,,mobile
1548046643716,respond,q3848,sprint,b,mobile
1548046652364,submit,b2380,sprint,,mobile
1551619555260,enter,b6355,sprint,,mobile
1551619565772,respond,q9004,sprint,a,mobile
1551619568340,submit,b6355,sprint,,mobile
1551619574453,enter,b5076,sprint,,mobile
1551619592992,respond,q6544,sprint,b,mobile
1551619619182,submit,b5076,sprint,,mobile
1551619645246,enter,b5133,sprint,,mobile
1551619656532,respond,q6727,sprint,c,mobile
1551619666978,submit,b5133,sprint,,mobile
1551619733524,enter,b4713,sprint,,mobile
1551619744297,respond,q6181,sprint,a,mobile
1551619756855,submit,b4713,sprint,,mobile
1551619770331,enter,b3899,sprint,,mobile
1551619784833,respond,q5367,sprint,c,mobile
1551619792230,submit,b3899,sprint,,mobile
1551619813129,enter,b7383,sprint,,mobile
1551619825439,respond,q10032,sprint,a,mobile
1551619832914,respond,q10032,sprint,c,mobile
1551619840300,respond,q10032,sprint,a,mobile
1551619849036,submit,b7383,sprint,,mobile
1551619884920,enter,b4442,sprint,,mobile
1551619896736,respond,q5910,sprint,a,mobile
1551619902702,submit,b4442,sprint,,mobile
1551619908448,enter,b4571,sprint,,mobile
1551619920704,respond,q6039,sprint,b,mobile
1551619937309,submit,b4571,sprint,,mobile
1551619945655,enter,b7073,sprint,,mobile
1551619956313,respond,q9722,sprint,b,mobile
1551619963882,submit,b7073,sprint,,mobile
1551619969024,enter,b2896,sprint,,mobile
1551619981899,respond,q4364,sprint,b,mobile
1551619986922,submit,b2896,sprint,,mobile
1551619992482,enter,b4534,sprint,,mobile
1551619998275,respond,q6002,sprint,c,mobile
1551620000288,respond,q6002,sprint,a,mobile
1551620007366,submit,b4534,sprint,,mobile
1551620017407,enter,b4565,sprint,,mobile
1551620024305,respond,q6033,sprint,b,mobile
1551620047076,submit,b4565,sprint,,mobile
1551620065424,enter,b7573,sprint,,mobile
1551620078835,respond,q10222,sprint,a,mobile
1551620092249,submit,b7573,sprint,,mobile
1551672056346,enter,b4677,sprint,,mobile
1551672064103,respond,q6145,sprint,b,mobile
1551672078257,submit,b4677,sprint,,mobile
1551672093338,enter,b3608,sprint,,mobile
1551672097655,respond,q5076,sprint,a,mobile
1551672117561,respond,q5076,sprint,b,mobile
1551672123917,submit,b3608,sprint,,mobile
1551672129647,enter,b3130,sprint,,mobile
1551672143104,respond,q4598,sprint,c,mobile
1551672156609,submit,b3130,sprint,,mobile
1551672167726,enter,b7140,sprint,,mobile
1551672181130,respond,q9789,sprint,c,mobile
1551672186143,submit,b7140,sprint,,mobile
1551672203227,enter,b4480,sprint,,mobile
1551672214288,respond,q5948,sprint,c,mobile
1551672221621,respond,q5948,sprint,a,mobile
1551672253445,submit,b4480,sprint,,mobile
1551672285025,enter,b3379,sprint,,mobile
1551672294287,respond,q4847,sprint,d,mobile
1551672299250,submit,b3379,sprint,,mobile
1551672304594,enter,b2726,sprint,,mobile
1551672312200,respond,q4194,sprint,b,mobile
1551672333562,submit,b2726,sprint,,mobile
1551672352156,enter,b5675,sprint,,mobile
1551672361743,respond,q8204,sprint,b,mobile
1551672366102,submit,b5675,sprint,,mobile
1551672385465,enter,b3960,sprint,,mobile
1551672395157,respond,q5428,sprint,d,mobile
1551672398600,submit,b3960,sprint,,mobile
1551672403848,enter,b3401,sprint,,mobile
1551672414512,respond,q4869,sprint,b,mobile
1551672441781,respond,q4869,sprint,c,mobile
1551672452655,respond,q4869,sprint,b,mobile
1551672461567,submit,b3401,sprint,,mobile
1551829559809,enter,b2322,sprint,,mobile
1551829570036,respond,q3790,sprint,a,mobile
1551829579046,submit,b2322,sprint,,mobile
1551829585487,enter,b6483,sprint,,mobile
1551829597103,respond,q9132,sprint,c,mobile
1551829601003,submit,b6483,sprint,,mobile
1551829606177,enter,b5161,sprint,,mobile
1551829620467,respond,q6755,sprint,d,mobile
1551829646644,submit,b5161,sprint,,mobile
1551829656275,enter,b4938,sprint,,mobile
1551829666539,respond,q6406,sprint,d,mobile
1551829673418,submit,b4938,sprint,,mobile
1551829679458,enter,b4458,sprint,,mobile
1551829699407,respond,q5926,sprint,d,mobile
1551829715385,submit,b4458,sprint,,mobile
1551829720440,enter,b6055,sprint,,mobile
1551829729001,respond,q8704,sprint,b,mobile
1551829735946,submit,b6055,sprint,,mobile
1551829741076,enter,b3434,sprint,,mobile
1551829746296,respond,q4902,sprint,b,mobile
1551829751753,submit,b3434,sprint,,mobile
1551829757060,enter,b2354,sprint,,mobile
1551829774073,respond,q3822,sprint,b,mobile
1551829782417,respond,q3822,sprint,a,mobile
1551829786406,submit,b2354,sprint,,mobile
1551829794831,enter,b4157,sprint,,mobile
1551829806579,respond,q5625,sprint,a,mobile
1551829810271,submit,b4157,sprint,,mobile
1551829815955,enter,b4838,sprint,,mobile
1551829828656,respond,q6306,sprint,d,mobile
1551829833662,submit,b4838,sprint,,mobile
1552218870549,enter,b5128,sprint,,mobile
1552218879628,respond,q6722,sprint,c,mobile
1552218886671,respond,q6722,sprint,d,mobile
1552218904431,respond,q6722,sprint,a,mobile
1552218907721,submit,b5128,sprint,,mobile
1552218925281,enter,b4944,sprint,,mobile
1552218936286,respond,q6412,sprint,a,mobile
1552218939373,submit,b4944,sprint,,mobile
1552218944808,enter,b4224,sprint,,mobile
1552218959565,respond,q5692,sprint,a,mobile
1552218964132,respond,q5692,sprint,d,mobile
1552218974815,submit,b4224,sprint,,mobile
1552218987715,enter,b4694,adaptive_offer,,mobile
1552218994792,respond,q6162,adaptive_offer,c,mobile
1552218996500,respond,q6162,adaptive_offer,b,mobile
1552219012431,submit,b4694,adaptive_offer,,mobile
1552219017845,enter,b4079,adaptive_offer,,mobile
1552219021131,respond,q5547,adaptive_offer,a,mobile
1552219025354,submit,b4079,adaptive_offer,,mobile
1552219067636,enter,b6139,sprint,,mobile
1552219088512,respond,q8788,sprint,b,mobile
1552219095396,submit,b6139,sprint,,mobile
1552219108774,enter,b5165,sprint,,mobile
1552219122370,respond,q6759,sprint,b,mobile
1552219124858,submit,b5165,sprint,,mobile
1552219147296,enter,b3967,sprint,,mobile
1552219155828,respond,q5435,sprint,b,mobile
1552219164011,submit,b3967,sprint,,mobile
1552219182645,enter,b2269,sprint,,mobile
1552219195571,respond,q3737,sprint,b,mobile
1552219205891,respond,q3737,sprint,c,mobile
1552219216070,submit,b2269,sprint,,mobile
1552219239191,enter,b6551,sprint,,mobile
1552219248356,respond,q9200,sprint,b,mobile
1552219259028,respond,q9200,sprint,c,mobile
1552219265256,submit,b6551,sprint,,mobile
1552219299929,enter,b3098,sprint,,mobile
1552219312686,respond,q4566,sprint,b,mobile
1552219313919,respond,q4566,sprint,a,mobile
1552219322072,respond,q4566,sprint,b,mobile
1552219329030,submit,b3098,sprint,,mobile
1552219347421,enter,b4016,sprint,,mobile
1552219384428,respond,q5484,sprint,a,mobile
1552219386698,submit,b4016,sprint,,mobile
1552471038070,enter,b2706,sprint,,mobile
1552471053386,respond,q4174,sprint,d,mobile
1552471057373,submit,b2706,sprint,,mobile
1552471062768,enter,b6443,sprint,,mobile
1552471083553,respond,q9092,sprint,c,mobile
1552471089563,respond,q9092,sprint,a,mobile
1552471093769,submit,b6443,sprint,,mobile
1552471219450,enter,b2274,sprint,,mobile
1552471226331,respond,q3742,sprint,a,mobile
1552471237630,submit,b2274,sprint,,mobile
1552471249422,enter,b4433,sprint,,mobile
1552471255886,respond,q5901,sprint,c,mobile
1552471261029,respond,q5901,sprint,d,mobile
1552471274742,submit,b4433,sprint,,mobile
1552471280560,enter,b3460,sprint,,mobile
1552471307129,respond,q4928,sprint,a,mobile
1552471310610,submit,b3460,sprint,,mobile
1552471381418,enter,b5915,sprint,,mobile
1552471387781,respond,q8564,sprint,c,mobile
1552471391918,submit,b5915,sprint,,mobile
1552471397402,enter,b4674,sprint,,mobile
1552471402981,respond,q6142,sprint,b,mobile
1552471416049,submit,b4674,sprint,,mobile
1552471458521,enter,b2779,sprint,,mobile
1552471469754,respond,q4247,sprint,b,mobile
1552471483690,submit,b2779,sprint,,mobile
1552471543658,enter,b2657,sprint,,mobile
1552471559005,respond,q4125,sprint,c,mobile
1552471563047,submit,b2657,sprint,,mobile
1552471599544,enter,b7117,sprint,,mobile
1552471608404,respond,q9766,sprint,c,mobile
1552471611529,submit,b7117,sprint,,mobile
1552561612109,enter,b2671,sprint,,mobile
1552561616083,respond,q4139,sprint,c,mobile
1552561629723,respond,q4139,sprint,b,mobile
1552561643651,respond,q4139,sprint,d,mobile
1552561649074,submit,b2671,sprint,,mobile
1552561664157,enter,b2722,sprint,,mobile
1552561674676,respond,q4190,sprint,a,mobile
1552561683933,respond,q4190,sprint,c,mobile
1552561698910,submit,b2722,sprint,,mobile
1552561748858,enter,b3350,sprint,,mobile
1552561766737,respond,q4818,sprint,c,mobile
1552561784702,submit,b3350,sprint,,mobile
1552561804801,enter,b7591,sprint,,mobile
1552561810179,respond,q10240,sprint,a,mobile
1552561814784,submit,b7591,sprint,,mobile
1552561819958,enter,b6016,sprint,,mobile
1552561828909,respond,q8665,sprint,c,mobile
1552561844879,submit,b6016,sprint,,mobile
1552561850684,enter,b2880,sprint,,mobile
1552561862654,respond,q4348,sprint,a,mobile
1552561884237,submit,b2880,sprint,,mobile
1552561905407,enter,b4777,sprint,,mobile
1552561910133,respond,q6245,sprint,a,mobile
1552561922879,submit,b4777,sprint,,mobile
1552561963196,enter,b6151,sprint,,mobile
1552561970284,respond,q8800,sprint,b,mobile
1552561978513,submit,b6151,sprint,,mobile
1552561984583,enter,b4580,sprint,,mobile
1552561989444,respond,q6048,sprint,c,mobile
1552561991622,respond,q6048,sprint,a,mobile
1552561998029,submit,b4580,sprint,,mobile
1552562003522,enter,b2494,sprint,,mobile
1552562009491,respond,q3962,sprint,d,mobile
1552562016995,submit,b2494,sprint,,mobile
1552904370770,enter,b4945,sprint,,mobile
1552904377043,respond,q6413,sprint,c,mobile
1552904381661,submit,b4945,sprint,,mobile
1552904397741,enter,b6306,sprint,,mobile
1552904403018,respond,q8955,sprint,b,mobile
1552904407106,submit,b6306,sprint,,mobile
1552904436079,enter,b2529,sprint,,mobile
1552904448282,respond,q3997,sprint,c,mobile
1552904454785,submit,b2529,sprint,,mobile
1552904478032,enter,b5164,sprint,,mobile
1552904491177,respond,q6758,sprint,b,mobile
1552904494536,respond,q6758,sprint,a,mobile
1552904500801,submit,b5164,sprint,,mobile
1552904534941,enter,b7385,sprint,,mobile
1552904541435,respond,q10034,sprint,b,mobile
1552904550887,submit,b7385,sprint,,mobile
1552904566067,enter,b5881,sprint,,mobile
1552904590361,respond,q8530,sprint,d,mobile
1552904599462,submit,b5881,sprint,,mobile
1552904615830,enter,b4702,sprint,,mobile
1552904621924,respond,q6170,sprint,c,mobile
1552904624195,respond,q6170,sprint,b,mobile
1552904643326,submit,b4702,sprint,,mobile
1552904659921,enter,b5776,sprint,,mobile
1552904667540,respond,q8425,sprint,b,mobile
1552904672588,submit,b5776,sprint,,mobile
1552904684185,enter,b6046,sprint,,mobile
1552904694965,respond,q8695,sprint,d,mobile
1552904718674,submit,b6046,sprint,,mobile
1552904725147,enter,b6544,sprint,,mobile
1552904735030,respond,q9193,sprint,a,mobile
1552904761516,respond,q9193,sprint,d,mobile
1552904764289,respond,q9193,sprint,c,mobile
1552904771118,submit,b6544,sprint,,mobile
1552977648464,enter,b3103,sprint,,mobile
1552977655353,respond,q4571,sprint,b,mobile
1552977667160,submit,b3103,sprint,,mobile
1552977678408,enter,b4927,sprint,,mobile
1552977691828,respond,q6395,sprint,d,mobile
1552977713019,submit,b4927,sprint,,mobile
1552977748207,enter,b2209,sprint,,mobile
1552977760188,respond,q3677,sprint,d,mobile
1552977769287,submit,b2209,sprint,,mobile
1552977774124,enter,b7074,sprint,,mobile
1552977780120,respond,q9723,sprint,c,mobile
1552977788158,submit,b7074,sprint,,mobile
1552977793332,enter,b4220,sprint,,mobile
1552977811249,respond,q5688,sprint,d,mobile
1552977823354,submit,b4220,sprint,,mobile
1552977844064,enter,b3528,sprint,,mobile
1552977856542,respond,q4996,sprint,a,mobile
1552977860466,respond,q4996,sprint,c,mobile
1552977864965,submit,b3528,sprint,,mobile
1552977877850,enter,b2358,sprint,,mobile
1552977921099,respond,q3826,sprint,d,mobile
1552977932938,submit,b2358,sprint,,mobile
1552977956842,enter,b6186,sprint,,mobile
1552977978368,respond,q8835,sprint,b,mobile
1552978000745,respond,q8835,sprint,a,mobile
1552978009884,submit,b6186,sprint,,mobile
1552978034511,enter,b2161,sprint,,mobile
1552978043235,respond,q3629,sprint,b,mobile
1552978045706,respond,q3629,sprint,a,mobile
1552978051784,submit,b2161,sprint,,mobile
1552978058880,enter,b6040,sprint,,mobile
1552978064580,respond,q8689,sprint,b,mobile
1552978078437,submit,b6040,sprint,,mobile
1553077705977,enter,b4930,sprint,,mobile
1553077716403,respond,q6398,sprint,c,mobile
1553077719601,respond,q6398,sprint,b,mobile
1553077726725,submit,b4930,sprint,,mobile
1553077745053,enter,b6352,sprint,,mobile
1553077771577,respond,q9001,sprint,a,mobile
1553077780861,submit,b6352,sprint,,mobile
1553077794017,enter,b4018,sprint,,mobile
1553077812388,respond,q5486,sprint,c,mobile
1553077824306,submit,b4018,sprint,,mobile
1553077834870,enter,b2838,sprint,,mobile
1553077864641,respond,q4306,sprint,b,mobile
1553077871662,submit,b2838,sprint,,mobile
1553077880759,enter,b2483,sprint,,mobile
1553077891387,respond,q3951,sprint,a,mobile
1553077898898,submit,b2483,sprint,,mobile
1553077903802,enter,b7578,sprint,,mobile
1553077911123,respond,q10227,sprint,d,mobile
1553077918130,submit,b7578,sprint,,mobile
1553077924216,enter,b4236,sprint,,mobile
1553077944427,respond,q5704,sprint,c,mobile
1553077954950,respond,q5704,sprint,b,mobile
1553077960325,submit,b4236,sprint,,mobile
1553077981817,enter,b5127,sprint,,mobile
1553077989728,respond,q6721,sprint,b,mobile
1553077995937,submit,b5127,sprint,,mobile
1553078017164,enter,b4481,sprint,,mobile
1553078028448,respond,q5949,sprint,d,mobile
1553078067977,submit,b4481,sprint,,mobile
1553078106145,enter,b6415,sprint,,mobile
1553078123458,respond,q9064,sprint,d,mobile
1553078136917,submit,b6415,sprint,,mobile
1553252988699,enter,b3348,sprint,,mobile
1553252994382,respond,q4816,sprint,b,mobile
1553252996049,respond,q4816,sprint,c,mobile
1553253004154,respond,q4816,sprint,b,mobile
1553253005306,respond,q4816,sprint,c,mobile
1553253009984,submit,b3348,sprint,,mobile
1553253024111,enter,b7003,sprint,,mobile
1553253029266,respond,q9652,sprint,a,mobile
1553253041655,submit,b7003,sprint,,mobile
1553599757784,enter,b4704,sprint,,mobile
1553599770047,respond,q6172,sprint,b,mobile
1553599801813,respond,q6172,sprint,a,mobile
1553599814021,respond,q6172,sprint,b,mobile
1553599818577,submit,b4704,sprint,,mobile
1553599838777,enter,b6245,sprint,,mobile
1553599845484,respond,q8894,sprint,b,mobile
1553599854073,respond,q8894,sprint,d,mobile
1553599863866,submit,b6245,sprint,,mobile
1553599875747,enter,b4732,sprint,,mobile
1553599883192,respond,q6200,sprint,c,mobile
1553599888918,submit,b4732,sprint,,mobile
1553599894620,enter,b4485,sprint,,mobile
1553599916378,respond,q5953,sprint,a,mobile
1553599932960,respond,q5953,sprint,d,mobile
1553599937735,submit,b4485,sprint,,mobile
1553599954091,enter,b3334,sprint,,mobile
1553599976955,respond,q4802,sprint,b,mobile
1553599987609,respond,q4802,sprint,a,mobile
1553599989964,respond,q4802,sprint,c,mobile
1553599997475,submit,b3334,sprint,,mobile
1553600005801,enter,b6868,sprint,,mobile
1553600014817,respond,q9517,sprint,c,mobile
1553600032153,submit,b6868,sprint,,mobile
1553600042533,enter,b4632,sprint,,mobile
1553600064204,respond,q6100,sprint,d,mobile
1553600084974,submit,b4632,sprint,,mobile
1553600093693,enter,b4698,sprint,,mobile
1553600112755,respond,q6166,sprint,a,mobile
1553600116277,respond,q6166,sprint,c,mobile
1553600117781,respond,q6166,sprint,d,mobile
1553600122163,respond,q6166,sprint,a,mobile
1553600126611,submit,b4698,sprint,,mobile
1553600182304,enter,b4960,sprint,,mobile
1553600188947,respond,q6428,sprint,c,mobile
1553600194742,submit,b4960,sprint,,mobile
1553600212063,enter,b7207,sprint,,mobile
1553600222516,respond,q9856,sprint,c,mobile
1553600229937,submit,b7207,sprint,,mobile
1553600243068,enter,b2855,sprint,,mobile
1553600261514,respond,q4323,sprint,c,mobile
1553600268745,submit,b2855,sprint,,mobile
1553600295306,enter,b3764,sprint,,mobile
1553600301285,respond,q5232,sprint,d,mobile
1553600316470,submit,b3764,sprint,,mobile
1553600322277,enter,b3689,sprint,,mobile
1553600341075,respond,q5157,sprint,d,mobile
1553600343779,respond,q5157,sprint,a,mobile
1553600356705,submit,b3689,sprint,,mobile
1553600372161,enter,b6437,sprint,,mobile
1553600380923,respond,q9086,sprint,b,mobile
1553600385157,submit,b6437,sprint,,mobile
1553600390947,enter,b4897,sprint,,mobile
1553600403802,respond,q6365,sprint,d,mobile
1553600408175,submit,b4897,sprint,,mobile
1553600422697,enter,b4002,sprint,,mobile
1553600437801,respond,q5470,sprint,c,mobile
1553600446699,submit,b4002,sprint,,mobile
1553600465198,enter,b3556,sprint,,mobile
1553600486775,respond,q5024,sprint,a,mobile
1553600489126,respond,q5024,sprint,c,mobile
1553600512245,submit,b3556,sprint,,mobile
1553600518365,enter,b6816,sprint,,mobile
1553600528335,respond,q9465,sprint,d,mobile
1553600532088,submit,b6816,sprint,,mobile
1554279073151,enter,b2506,sprint,,mobile
1554279104704,respond,q3974,sprint,b,mobile
1554279105615,respond,q3974,sprint,a,mobile
1554279107517,respond,q3974,sprint,b,mobile
1554279112147,submit,b2506,sprint,,mobile
1554279130898,enter,b2822,sprint,,mobile
1554279138108,respond,q4290,sprint,d,mobile
1554279146142,submit,b2822,sprint,,mobile
1554279153758,enter,b4448,sprint,,mobile
1554279171890,respond,q5916,sprint,b,mobile
1554279186642,respond,q5916,sprint,c,mobile
1554279191052,submit,b4448,sprint,,mobile
1554279204741,enter,b7259,sprint,,mobile
1554279231308,respond,q9908,sprint,c,mobile
1554279238899,submit,b7259,sprint,,mobile
1554279250371,enter,b2862,sprint,,mobile
1554279274017,respond,q4330,sprint,c,mobile
1554279284787,submit,b2862,sprint,,mobile
1554279305233,enter,b2465,sprint,,mobile
1554279309483,respond,q3933,sprint,b,mobile
1554279315430,submit,b2465,sprint,,mobile
1554279320748,enter,b2489,sprint,,mobile
1554279331191,respond,q3957,sprint,c,mobile
1554279335265,submit,b2489,sprint,,mobile
1554279343745,enter,b6776,sprint,,mobile
1554279349630,respond,q9425,sprint,d,mobile
1554279354481,submit,b6776,sprint,,mobile
1554279360883,enter,b4091,sprint,,mobile
1554279367291,respond,q5559,sprint,b,mobile
1554279380273,submit,b4091,sprint,,mobile
1554279392489,enter,b4900,sprint,,mobile
1554279421131,respond,q6368,sprint,a,mobile
1554279428879,respond,q6368,sprint,b,mobile
1554279431951,respond,q6368,sprint,c,mobile
1554279439275,submit,b4900,sprint,,mobile
1554330561795,enter,b2556,sprint,,mobile
1554330577648,respond,q4024,sprint,a,mobile
1554330585177,submit,b2556,sprint,,mobile
1554330619400,enter,b7158,sprint,,mobile
1554330625153,respond,q9807,sprint,a,mobile
1554330630632,submit,b7158,sprint,,mobile
1554330636172,enter,b4089,sprint,,mobile
1554330639984,respond,q5557,sprint,c,mobile
1554330649271,respond,q5557,sprint,a,mobile
1554330657253,submit,b4089,sprint,,mobile
1554330663646,enter,b3728,sprint,,mobile
1554330669017,respond,q5196,sprint,c,mobile
1554330673236,submit,b3728,sprint,,mobile
1554330695133,enter,b2847,sprint,,mobile
1554330710030,respond,q4315,sprint,c,mobile
1554330722391,submit,b2847,sprint,,mobile
1554330730166,enter,b7288,sprint,,mobile
1554330742373,respond,q9937,sprint,d,mobile
1554330746857,submit,b7288,sprint,,mobile
1554330752139,enter,b4790,sprint,,mobile
1554330769819,respond,q6258,sprint,b,mobile
1554330777683,submit,b4790,sprint,,mobile
1554330806047,enter,b4904,sprint,,mobile
1554330818495,respond,q6372,sprint,a,mobile
1554330832503,submit,b4904,sprint,,mobile
1554330842992,enter,b2668,sprint,,mobile
1554330859707,respond,q4136,sprint,c,mobile
1554330867577,submit,b2668,sprint,,mobile
1554330887298,enter,b7161,sprint,,mobile
1554330901163,respond,q9810,sprint,a,mobile
1554330906843,submit,b7161,sprint,,mobile
1554524821676,enter,b4147,sprint,,mobile
1554524826869,respond,q5615,sprint,d,mobile
1554524845237,submit,b4147,sprint,,mobile
1554524866356,enter,b3064,sprint,,mobile
1554524873018,respond,q4532,sprint,b,mobile
1554524880691,respond,q4532,sprint,a,mobile
1554524885122,submit,b3064,sprint,,mobile
1554524905931,enter,b3648,sprint,,mobile
1554524919608,respond,q5116,sprint,a,mobile
1554524924783,respond,q5116,sprint,c,mobile
1554524945235,respond,q5116,sprint,b,mobile
1554524949532,submit,b3648,sprint,,mobile
1554524967525,enter,b7569,sprint,,mobile
1554524984707,respond,q10218,sprint,a,mobile
1554525008022,submit,b7569,sprint,,mobile
1554525023749,enter,b2798,sprint,,mobile
1554525032622,respond,q4266,sprint,b,mobile
1554525036615,submit,b2798,sprint,,mobile
1554525044014,enter,b2188,sprint,,mobile
1554525053330,respond,q3656,sprint,c,mobile
1554525056793,respond,q3656,sprint,a,mobile
1554525073057,submit,b2188,sprint,,mobile
1554610921831,enter,b2770,sprint,,mobile
1554610927808,respond,q4238,sprint,b,mobile
1554610934354,submit,b2770,sprint,,mobile
1554610940033,enter,b6159,sprint,,mobile
1554610949638,respond,q8808,sprint,b,mobile
1554610954850,submit,b6159,sprint,,mobile
1554610980178,enter,b4452,sprint,,mobile
1554610993807,respond,q5920,sprint,a,mobile
1554610998996,submit,b4452,sprint,,mobile
1554682098864,enter,b4570,sprint,,mobile
1554682113228,respond,q6038,sprint,d,mobile
1554682135054,submit,b4570,sprint,,mobile
1554689059570,enter,b3653,sprint,,mobile
1554689067236,respond,q5121,sprint,d,mobile
1554689076143,submit,b3653,sprint,,mobile
1554689084507,enter,b6403,sprint,,mobile
1554689092367,respond,q9052,sprint,b,mobile
1554689108786,submit,b6403,sprint,,mobile
1554689122583,enter,b4621,sprint,,mobile
1554689139130,respond,q6089,sprint,b,mobile
1554689151420,submit,b4621,sprint,,mobile
1554689182901,enter,b3692,sprint,,mobile
1554689200744,respond,q5160,sprint,a,mobile
1554689221021,respond,q5160,sprint,d,mobile
1554689227260,submit,b3692,sprint,,mobile
1554689256391,enter,b4038,sprint,,mobile
1554689269255,respond,q5506,sprint,d,mobile
1554689289960,submit,b4038,sprint,,mobile
1554689730081,enter,b6208,sprint,,mobile
1554689734957,respond,q8857,sprint,a,mobile
1554689739308,submit,b6208,sprint,,mobile
1554689776767,enter,b5025,sprint,,mobile
1554689791238,respond,q6493,sprint,d,mobile
1554689799118,submit,b5025,sprint,,mobile
1554690306230,enter,b2821,sprint,,mobile
1554690323831,respond,q4289,sprint,a,mobile
1554690335219,respond,q4289,sprint,c,mobile
1554690338812,respond,q4289,sprint,a,mobile
1554690340104,submit,b2821,sprint,,mobile
1554697636197,enter,b2821,sprint,,mobile
1554697647006,respond,q4289,sprint,c,mobile
1554697648505,respond,q4289,sprint,a,mobile
1554697654331,submit,b2821,sprint,,mobile
1554697698931,enter,b4576,sprint,,mobile
1554697702227,respond,q6044,sprint,b,mobile
1554697705650,respond,q6044,sprint,d,mobile
1554697711059,submit,b4576,sprint,,mobile
1554697716225,enter,b6473,sprint,,mobile
1554697723138,respond,q9122,sprint,d,mobile
1554697725842,respond,q9122,sprint,b,mobile
1554697733141,submit,b6473,sprint,,mobile
1554860115050,enter,b3707,sprint,,mobile
1554860119741,respond,q5175,sprint,b,mobile
1554860127467,respond,q5175,sprint,c,mobile
1554860132345,respond,q5175,sprint,d,mobile
1554860133365,respond,q5175,sprint,b,mobile
1554860137692,submit,b3707,sprint,,mobile
1554860149568,enter,b3219,sprint,,mobile
1554860163179,respond,q4687,sprint,d,mobile
1554860170690,submit,b3219,sprint,,mobile
1554860191494,enter,b4898,sprint,,mobile
1554860200964,respond,q6366,sprint,d,mobile
1554860208883,respond,q6366,sprint,c,mobile
1554860213237,submit,b4898,sprint,,mobile
1554860274318,enter,b7111,sprint,,mobile
1554860278621,respond,q9760,sprint,d,mobile
1554860283515,respond,q9760,sprint,b,mobile
1554860290218,submit,b7111,sprint,,mobile
1554860357588,enter,b3111,sprint,,mobile
1554860363606,respond,q4579,sprint,b,mobile
1554860369039,submit,b3111,sprint,,mobile
1554860377080,enter,b2165,sprint,,mobile
1554860387187,respond,q3633,sprint,b,mobile
1554860403921,submit,b2165,sprint,,mobile
1554860410686,enter,b4797,sprint,,mobile
1554860424539,respond,q6265,sprint,b,mobile
1554860449908,submit,b4797,sprint,,mobile
1554860466529,enter,b7179,sprint,,mobile
1554860484350,respond,q9828,sprint,a,mobile
1554860490248,submit,b7179,sprint,,mobile
1554860508527,enter,b3745,sprint,,mobile
1554860534657,respond,q5213,sprint,c,mobile
1554860535425,respond,q5213,sprint,b,mobile
1554860541732,submit,b3745,sprint,,mobile
1554860570348,enter,b3976,sprint,,mobile
1554860577963,respond,q5444,sprint,d,mobile
1554860582239,respond,q5444,sprint,c,mobile
1554860588497,submit,b3976,sprint,,mobile
1554905769424,enter,b5127,adaptive_offer,,mobile
1554905779978,respond,q6721,adaptive_offer,b,mobile
1554905802018,submit,b5127,adaptive_offer,,mobile
1555063403915,enter,b2349,sprint,,mobile
1555063406820,respond,q3817,sprint,a,mobile
1555063408988,respond,q3817,sprint,c,mobile
1555063412094,respond,q3817,sprint,b,mobile
1555063430439,submit,b2349,sprint,,mobile
1555063435107,enter,b6517,sprint,,mobile
1555063444071,respond,q9166,sprint,a,mobile
1555063448375,submit,b6517,sprint,,mobile
1555063454149,enter,b3941,sprint,,mobile
1555063476664,respond,q5409,sprint,a,mobile
1555063486367,submit,b3941,sprint,,mobile
1555063522735,enter,b2377,sprint,,mobile
1555063540698,respond,q3845,sprint,c,mobile
1555063546162,submit,b2377,sprint,,mobile
1555063585932,enter,b7361,sprint,,mobile
1555063599691,respond,q10010,sprint,c,mobile
1555063616903,respond,q10010,sprint,a,mobile
1555063621006,respond,q10010,sprint,c,mobile
1555063628491,respond,q10010,sprint,a,mobile
1555063631976,submit,b7361,sprint,,mobile
1555063661310,enter,b6869,sprint,,mobile
1555063671761,respond,q9518,sprint,d,mobile
1555063677439,submit,b6869,sprint,,mobile
1555063683634,enter,b2234,sprint,,mobile
1555063688684,respond,q3702,sprint,c,mobile
1555063704598,respond,q3702,sprint,d,mobile
1555063719236,submit,b2234,sprint,,mobile
1555063732977,enter,b4446,sprint,,mobile
1555063739840,respond,q5914,sprint,c,mobile
1555063749127,submit,b4446,sprint,,mobile
1555063807650,enter,b2238,sprint,,mobile
1555063832092,respond,q3706,sprint,c,mobile
1555063834964,respond,q3706,sprint,a,mobile
1555063835950,respond,q3706,sprint,b,mobile
1555063841378,submit,b2238,sprint,,mobile
1555063851977,enter,b7627,sprint,,mobile
1555063883160,respond,q10276,sprint,c,mobile
1555063889004,submit,b7627,sprint,,mobile
1555063951407,enter,b2137,sprint,,mobile
1555063954358,respond,q3605,sprint,b,mobile
1555063964164,submit,b2137,sprint,,mobile
1555063983670,enter,b4710,sprint,,mobile
1555063993972,respond,q6178,sprint,d,mobile
1555064001547,respond,q6178,sprint,b,mobile
1555064016066,submit,b4710,sprint,,mobile
1555064030455,enter,b2738,sprint,,mobile
1555064037731,respond,q4206,sprint,c,mobile
1555064044643,submit,b2738,sprint,,mobile
1555064049499,enter,b6295,sprint,,mobile
1555064056993,respond,q8944,sprint,a,mobile
1555064078313,respond,q8944,sprint,d,mobile
1555064085090,submit,b6295,sprint,,mobile
1555064100391,enter,b3246,sprint,,mobile
1555064123416,respond,q4714,sprint,a,mobile
1555064129971,respond,q4714,sprint,b,mobile
1555064138126,submit,b3246,sprint,,mobile
1555064163988,enter,b2882,sprint,,mobile
1555064173943,respond,q4350,sprint,a,mobile
1555064175730,respond,q4350,sprint,b,mobile
1555064177451,respond,q4350,sprint,c,mobile
1555064191902,submit,b2882,sprint,,mobile
1555064210261,enter,b3138,sprint,,mobile
1555064221928,respond,q4606,sprint,b,mobile
1555064239607,submit,b3138,sprint,,mobile
1555064273751,enter,b6329,sprint,,mobile
1555064284188,respond,q8978,sprint,c,mobile
1555064289459,respond,q8978,sprint,a,mobile
1555064296891,submit,b6329,sprint,,mobile
1555064302117,enter,b5157,sprint,,mobile
1555064319967,respond,q6751,sprint,b,mobile
1555064347235,submit,b5157,sprint,,mobile
1555064360381,enter,b3144,sprint,,mobile
1555064371843,respond,q4612,sprint,c,mobile
1555064382973,submit,b3144,sprint,,mobile
1555328156818,enter,b4891,sprint,,mobile
1555328165771,respond,q6359,sprint,d,mobile
1555328173030,respond,q6359,sprint,b,mobile
1555328175049,respond,q6359,sprint,d,mobile
1555328185323,submit,b4891,sprint,,mobile
1555328194970,enter,b6511,sprint,,mobile
1555328204838,respond,q9160,sprint,b,mobile
1555328217878,respond,q9160,sprint,d,mobile
1555328222422,submit,b6511,sprint,,mobile
1555328231227,enter,b3667,sprint,,mobile
1555328239319,respond,q5135,sprint,b,mobile
1555328246214,submit,b3667,sprint,,mobile
1555328253704,enter,b2351,sprint,,mobile
1555328261324,respond,q3819,sprint,d,mobile
1555328270703,submit,b2351,sprint,,mobile
1555328276361,enter,b4159,sprint,,mobile
1555328282041,respond,q5627,sprint,d,mobile
1555328299344,respond,q5627,sprint,a,mobile
1555328304054,respond,q5627,sprint,d,mobile
1555328307364,submit,b4159,sprint,,mobile
1555328323744,enter,b7145,sprint,,mobile
1555328327106,respond,q9794,sprint,c,mobile
1555328331253,respond,q9794,sprint,a,mobile
1555328334825,submit,b7145,sprint,,mobile
1555328340372,enter,b2211,sprint,,mobile
1555328349371,respond,q3679,sprint,a,mobile
1555328351842,respond,q3679,sprint,d,mobile
1555328356920,submit,b2211,sprint,,mobile
1555328362975,enter,b6990,sprint,,mobile
1555328376681,respond,q9639,sprint,d,mobile
1555328390912,respond,q9639,sprint,c,mobile
1555328397472,submit,b6990,sprint,,mobile
1555328402956,enter,b3574,sprint,,mobile
1555328422384,respond,q5042,sprint,c,mobile
1555328432292,submit,b3574,sprint,,mobile
1555328441610,enter,b6763,sprint,,mobile
1555328449247,respond,q9412,sprint,c,mobile
1555328471324,submit,b6763,sprint,,mobile
1555500824908,enter,b5807,sprint,,mobile
1555500830494,respond,q8456,sprint,c,mobile
1555500834463,submit,b5807,sprint,,mobile
1555500840554,enter,b4706,sprint,,mobile
1555500848045,respond,q6174,sprint,b,mobile
1555500853635,submit,b4706,sprint,,mobile
1555500860399,enter,b4582,sprint,,mobile
1555500863548,respond,q6050,sprint,a,mobile
1555500878503,submit,b4582,sprint,,mobile
1555500893663,enter,b11589,sprint,,mobile
1555500912604,respond,q17352,sprint,c,mobile
1555500919553,respond,q17352,sprint,d,mobile
1555500923423,respond,q17352,sprint,a,mobile
1555500931637,submit,b11589,sprint,,mobile
1555500943784,enter,b3720,sprint,,mobile
1555500953385,respond,q5188,sprint,c,mobile
1555500955265,respond,q5188,sprint,d,mobile
1555500963260,submit,b3720,sprint,,mobile
1555500973551,enter,b2743,sprint,,mobile
1555500977101,respond,q4211,sprint,c,mobile
1555500984100,submit,b2743,sprint,,mobile
1555500989555,enter,b7007,sprint,,mobile
1555501003648,respond,q9656,sprint,b,mobile
1555501008665,submit,b7007,sprint,,mobile
1555501027961,enter,b5925,sprint,,mobile
1555501047670,respond,q8574,sprint,d,mobile
1555501054087,submit,b5925,sprint,,mobile
1555501075893,enter,b4145,sprint,,mobile
1555501087019,respond,q5613,sprint,d,mobile
1555501094391,submit,b4145,sprint,,mobile
1555501115484,enter,b2168,sprint,,mobile
1555501124237,respond,q3636,sprint,b,mobile
1555501129765,submit,b2168,sprint,,mobile
1555982393836,enter,b2426,sprint,,mobile
1555982399571,respond,q3894,sprint,b,mobile
1555982416926,respond,q3894,sprint,d,mobile
1555982422994,submit,b2426,sprint,,mobile
1555982454783,enter,b6873,sprint,,mobile
1555982466740,respond,q9522,sprint,c,mobile
1555982481948,submit,b6873,sprint,,mobile
1555982531728,enter,b7393,sprint,,mobile
1555982544223,respond,q10042,sprint,d,mobile
1555982553315,submit,b7393,sprint,,mobile
1555982576888,enter,b3983,sprint,,mobile
1555982587616,respond,q5451,sprint,a,mobile
1555982596751,respond,q5451,sprint,c,mobile
1555982604870,submit,b3983,sprint,,mobile
1555982626218,enter,b3636,sprint,,mobile
1555982635272,respond,q5104,sprint,d,mobile
1555982645420,submit,b3636,sprint,,mobile
1555982667346,enter,b7593,sprint,,mobile
1555982677435,respond,q10242,sprint,d,mobile
1555982693632,submit,b7593,sprint,,mobile
1555982700035,enter,b4711,sprint,,mobile
1555982711797,respond,q6179,sprint,a,mobile
1555982717931,submit,b4711,sprint,,mobile
1555983249140,enter,b3867,sprint,,mobile
1555983268535,respond,q5335,sprint,d,mobile
1555983276737,submit,b3867,sprint,,mobile
1556009067804,enter,b4238,sprint,,mobile
1556009080548,respond,q5706,sprint,b,mobile
1556009089847,submit,b4238,sprint,,mobile
1556009095306,enter,b11355,sprint,,mobile
1556009101585,respond,q17118,sprint,a,mobile
1556009109981,submit,b11355,sprint,,mobile
1556029665511,enter,b1266,sprint,,mobile
1556029681631,respond,q1266,sprint,b,mobile
1556029685678,submit,b1266,sprint,,mobile
1556029714227,enter,b1316,sprint,,mobile
1556029731690,respond,q1316,sprint,c,mobile
1556029734861,submit,b1316,sprint,,mobile
1556029804960,enter,b774,sprint,,mobile
1556029821022,respond,q774,sprint,c,mobile
1556029823066,respond,q774,sprint,b,mobile
1556029826617,submit,b774,sprint,,mobile
1556029861767,enter,b8315,sprint,,mobile
1556029877336,respond,q11262,sprint,a,mobile
1556029880874,submit,b8315,sprint,,mobile
1556029884626,enter,b1339,sprint,,mobile
1556029901020,respond,q1339,sprint,c,mobile
1556029904214,submit,b1339,sprint,,mobile
1556029914719,enter,b312,sprint,,mobile
1556029926340,respond,q312,sprint,c,mobile
1556029929915,submit,b312,sprint,,mobile
1556029934692,enter,b539,sprint,,mobile
1556029951698,respond,q539,sprint,a,mobile
1556029956410,submit,b539,sprint,,mobile
1556029996847,enter,b902,sprint,,mobile
1556030007077,respond,q902,sprint,a,mobile
1556030010705,submit,b902,sprint,,mobile
1556030015289,enter,b825,sprint,,mobile
1556030029390,respond,q825,sprint,b,mobile
1556030032845,submit,b825,sprint,,mobile
1556030038702,enter,b1115,sprint,,mobile
1556030054813,respond,q1115,sprint,c,mobile
1556030058265,submit,b1115,sprint,,mobile
1556162010493,enter,b5803,sprint,,mobile
1556162015707,respond,q8452,sprint,b,mobile
1556162028633,submit,b5803,sprint,,mobile
1556162041797,enter,b3621,sprint,,mobile
1556162046570,respond,q5089,sprint,c,mobile
1556162065157,respond,q5089,sprint,d,mobile
1556162069605,submit,b3621,sprint,,mobile
1556162083409,enter,b5134,sprint,,mobile
1556162091984,respond,q6728,sprint,b,mobile
1556162098058,submit,b5134,sprint,,mobile
1556162105155,enter,b6368,sprint,,mobile
1556162117473,respond,q9017,sprint,a,mobile
1556162134977,submit,b6368,sprint,,mobile
1556162147180,enter,b4916,sprint,,mobile
1556162157160,respond,q6384,sprint,a,mobile
1556162161851,submit,b4916,sprint,,mobile
1556162168297,enter,b3887,sprint,,mobile
1556162180731,respond,q5355,sprint,c,mobile
1556162207065,respond,q5355,sprint,d,mobile
1556162211035,submit,b3887,sprint,,mobile
1556162217149,enter,b3100,sprint,,mobile
1556162225991,respond,q4568,sprint,c,mobile
1556162235166,respond,q4568,sprint,a,mobile
1556162237326,respond,q4568,sprint,c,mobile
1556162243673,submit,b3100,sprint,,mobile
1556162261003,enter,b7059,sprint,,mobile
1556162280287,respond,q9708,sprint,c,mobile
1556162287886,submit,b7059,sprint,,mobile
1556162295753,enter,b3714,sprint,,mobile
1556162303553,respond,q5182,sprint,c,mobile
1556162306926,respond,q5182,sprint,d,mobile
1556162315497,submit,b3714,sprint,,mobile
1556162327052,enter,b6999,sprint,,mobile
1556162343389,respond,q9648,sprint,c,mobile
1556162351685,submit,b6999,sprint,,mobile
1556248896638,enter,b4320,sprint,,mobile
1556248901520,respond,q5788,sprint,b,mobile
1556248911135,submit,b4320,sprint,,mobile
1556248928507,enter,b7669,sprint,,mobile
1556248935678,respond,q10318,sprint,b,mobile
1556248940569,submit,b7669,sprint,,mobile
1556248946728,enter,b5812,sprint,,mobile
1556248953619,respond,q8461,sprint,b,mobile
1556248957710,respond,q8461,sprint,a,mobile
1556248966051,respond,q8461,sprint,b,mobile
1556248975146,submit,b5812,sprint,,mobile
1556248990211,enter,b3551,sprint,,mobile
1556249000324,respond,q5019,sprint,b,mobile
1556249001475,respond,q5019,sprint,a,mobile
1556249005526,submit,b3551,sprint,,mobile
1556249017761,enter,b4759,sprint,,mobile
1556249024677,respond,q6227,sprint,c,mobile
1556249028580,submit,b4759,sprint,,mobile
1556249035009,enter,b7058,sprint,,mobile
1556249047145,respond,q9707,sprint,a,mobile
1556249051290,submit,b7058,sprint,,mobile
1556249088666,enter,b4911,sprint,,mobile
1556249092866,respond,q6379,sprint,d,mobile
1556249099564,submit,b4911,sprint,,mobile
1556249106577,enter,b4693,sprint,,mobile
1556249130167,respond,q6161,sprint,c,mobile
1556249134689,submit,b4693,sprint,,mobile
1556249152662,enter,b3036,sprint,,mobile
1556249162321,respond,q4504,sprint,c,mobile
1556249179378,submit,b3036,sprint,,mobile
1556249196073,enter,b6489,sprint,,mobile
1556249207140,respond,q9138,sprint,b,mobile
1556249212029,submit,b6489,sprint,,mobile
1556336165834,enter,b652,sprint,,mobile
1556336167803,submit,b652,sprint,,mobile
1556336867715,enter,b3296,sprint,,mobile
1556336878009,respond,q4764,sprint,a,mobile
1556336879165,submit,b3296,sprint,,mobile
1556507258745,enter,b3296,sprint,,mobile
1556507261615,respond,q4764,sprint,a,mobile
1556507270652,submit,b3296,sprint,,mobile
1556507296433,enter,b2266,sprint,,mobile
1556507303788,respond,q3734,sprint,a,mobile
1556507322298,submit,b2266,sprint,,mobile
1556507329484,enter,b4426,sprint,,mobile
1556507346133,respond,q5894,sprint,c,mobile
1556507361471,submit,b4426,sprint,,mobile
1556507379613,enter,b6212,sprint,,mobile
1556507392338,respond,q8861,sprint,d,mobile
1556507402879,submit,b6212,sprint,,mobile
1556507430333,enter,b6052,sprint,,mobile
1556507446877,respond,q8701,sprint,d,mobile
1556507456897,submit,b6052,sprint,,mobile
1556507492821,enter,b2424,sprint,,mobile
1556507499242,respond,q3892,sprint,b,mobile
1556507508181,submit,b2424,sprint,,mobile
1556507523222,enter,b3161,sprint,,mobile
1556507546564,respond,q4629,sprint,b,mobile
1556507555279,submit,b3161,sprint,,mobile
1556507636265,enter,b7444,sprint,,mobile
1556507650116,respond,q10093,sprint,d,mobile
1556507659522,respond,q10093,sprint,b,mobile
1556507668063,submit,b7444,sprint,,mobile
1556507688722,enter,b2454,sprint,,mobile
1556507693279,respond,q3922,sprint,d,mobile
1556507703388,submit,b2454,sprint,,mobile
1556507711430,enter,b2273,sprint,,mobile
1556507715997,respond,q3741,sprint,b,mobile
1556507727356,respond,q3741,sprint,a,mobile
1556507743047,submit,b2273,sprint,,mobile
1556507793641,enter,b5832,sprint,,mobile
1556507804473,respond,q8481,sprint,d,mobile
1556507814276,submit,b5832,sprint,,mobile
1556507822769,enter,b7677,sprint,,mobile
1556507834678,respond,q10326,sprint,a,mobile
1556507844477,submit,b7677,sprint,,mobile
1556507864814,enter,b4798,sprint,,mobile
1556507872970,respond,q6266,sprint,d,mobile
1556507883843,submit,b4798,sprint,,mobile
1556507899249,enter,b7012,sprint,,mobile
1556507913924,respond,q9661,sprint,d,mobile
1556507919914,submit,b7012,sprint,,mobile
1556507948776,enter,b6976,sprint,,mobile
1556507959080,respond,q9625,sprint,b,mobile
1556507972105,submit,b6976,sprint,,mobile
1556508044933,enter,b6727,sprint,,mobile
1556508048112,respond,q9376,sprint,a,mobile
1556508068275,submit,b6727,sprint,,mobile
1556508103775,enter,b5814,sprint,,mobile
1556508113183,respond,q8463,sprint,b,mobile
1556508113823,respond,q8463,sprint,a,mobile
1556508128845,submit,b5814,sprint,,mobile
1556508163201,enter,b3953,sprint,,mobile
1556508179840,respond,q5421,sprint,b,mobile
1556508194589,submit,b3953,sprint,,mobile
1556508225338,enter,b5820,sprint,,mobile
1556508237198,respond,q8469,sprint,a,mobile
1556508248005,respond,q8469,sprint,b,mobile
1556508266574,submit,b5820,sprint,,mobile
1556508337154,enter,b5682,sprint,,mobile
1556508346572,respond,q8211,sprint,d,mobile
1556508368447,submit,b5682,sprint,,mobile
1556594478676,enter,b4814,sprint,,mobile
1556594484451,respond,q6282,sprint,b,mobile
1556594491061,submit,b4814,sprint,,mobile
1556594501989,enter,b3654,sprint,,mobile
1556594512931,respond,q5122,sprint,b,mobile
1556594525326,submit,b3654,sprint,,mobile
1556594541478,enter,b4323,sprint,,mobile
1556594553417,respond,q5791,sprint,b,mobile
1556594572944,submit,b4323,sprint,,mobile
1556594608863,enter,b7342,sprint,,mobile
1556594622680,respond,q9991,sprint,d,mobile
1556594635781,submit,b7342,sprint,,mobile
1556594657328,enter,b4801,sprint,,mobile
1556594669232,respond,q6269,sprint,a,mobile
1556594679702,submit,b4801,sprint,,mobile
1556594709155,enter,b2382,sprint,,mobile
1556594718117,respond,q3850,sprint,b,mobile
1556594723192,submit,b2382,sprint,,mobile
1556594734161,enter,b3473,sprint,,mobile
1556594743966,respond,q4941,sprint,a,mobile
1556594748493,respond,q4941,sprint,d,mobile
1556594750015,respond,q4941,sprint,a,mobile
1556594758420,submit,b3473,sprint,,mobile
1556594772526,enter,b6789,sprint,,mobile
1556594780209,respond,q9438,sprint,a,mobile
1556594789759,submit,b6789,sprint,,mobile
1556594880950,enter,b5746,sprint,,mobile
1556594894078,respond,q8395,sprint,d,mobile
1556594898232,submit,b5746,sprint,,mobile
1556594905101,enter,b2406,sprint,,mobile
1556594917944,respond,q3874,sprint,b,mobile
1556594924142,submit,b2406,sprint,,mobile
1556595197861,enter,b2718,review_quiz,,mobile
1556595208069,respond,q4186,review_quiz,c,mobile
1556595209321,respond,q4186,review_quiz,a,mobile
1556595213173,submit,b2718,review_quiz,,mobile
1556595219657,enter,b1339,review_quiz,,mobile
1556595224407,submit,b1339,review_quiz,,mobile
1556676577379,enter,b4822,sprint,,mobile
1556676586165,respond,q6290,sprint,a,mobile
1556676595853,submit,b4822,sprint,,mobile
1556676602267,enter,b5861,sprint,,mobile
1556676612969,respond,q8510,sprint,d,mobile
1556676622619,respond,q8510,sprint,a,mobile
1556676624557,respond,q8510,sprint,c,mobile
1556676630127,submit,b5861,sprint,,mobile
1556676713685,enter,b5767,sprint,,mobile
1556676726784,respond,q8416,sprint,d,mobile
1556676731745,submit,b5767,sprint,,mobile
1556676976457,enter,b2445,sprint,,mobile
1556676993790,respond,q3913,sprint,c,mobile
1556677003843,respond,q3913,sprint,b,mobile
1556677008696,submit,b2445,sprint,,mobile
1556683179173,enter,b2429,sprint,,mobile
1556683192220,respond,q3897,sprint,c,mobile
1556683197310,submit,b2429,sprint,,mobile
1556683250801,enter,b6417,sprint,,mobile
1556683257749,respond,q9066,sprint,a,mobile
1556683266112,submit,b6417,sprint,,mobile
1556683274556,enter,b3499,sprint,,mobile
1556683283637,respond,q4967,sprint,d,mobile
1556683292302,respond,q4967,sprint,c,mobile
1556683297990,submit,b3499,sprint,,mobile
1556683307635,enter,b3554,sprint,,mobile
1556683316466,respond,q5022,sprint,d,mobile
1556683320709,submit,b3554,sprint,,mobile
1556683331307,enter,b3665,sprint,,mobile
1556683367032,respond,q5133,sprint,d,mobile
1556683371485,submit,b3665,sprint,,mobile
1556683459832,enter,b6168,sprint,,mobile
1556683463460,respond,q8817,sprint,a,mobile
1556683472279,submit,b6168,sprint,,mobile
1556683712658,enter,b3306,review_quiz,,mobile
1556683743536,respond,q4774,review_quiz,b,mobile
1556683748024,submit,b3306,review_quiz,,mobile
1556683889868,enter,b6957,review_quiz,,mobile
1556683897347,respond,q9606,review_quiz,a,mobile
1556683904330,submit,b6957,review_quiz,,mobile
1556683910352,enter,b2855,review_quiz,,mobile
1556683920976,respond,q4323,review_quiz,c,mobile
1556683928927,submit,b2855,review_quiz,,mobile
1556683970897,enter,b4115,review_quiz,,mobile
1556683977261,respond,q5583,review_quiz,a,mobile
1556683982685,submit,b4115,review_quiz,,mobile
1556684000401,enter,b7578,review_quiz,,mobile
1556684010288,respond,q10227,review_quiz,d,mobile
1556684016367,submit,b7578,review_quiz,,mobile
1556684037067,enter,b6237,review_quiz,,mobile
1556684041710,respond,q8886,review_quiz,b,mobile
1556684047935,submit,b6237,review_quiz,,mobile
1556684073440,enter,b4614,review_quiz,,mobile
1556684084374,respond,q6082,review_quiz,a,mobile
1556684093456,submit,b4614,review_quiz,,mobile
1556765852700,enter,b5752,sprint,,mobile
1556765864519,respond,q8401,sprint,d,mobile
1556765870089,submit,b5752,sprint,,mobile
1556765884607,enter,b4410,sprint,,mobile
1556765894933,respond,q5878,sprint,a,mobile
1556765899840,submit,b4410,sprint,,mobile
1556765906847,enter,b3447,sprint,,mobile
1556765916130,respond,q4915,sprint,a,mobile
1556765923423,submit,b3447,sprint,,mobile
1556765944495,enter,b5882,sprint,,mobile
1556765951276,respond,q8531,sprint,c,mobile
1556765959811,submit,b5882,sprint,,mobile
1556765966000,enter,b3262,sprint,,mobile
1556765971398,respond,q4730,sprint,d,mobile
1556765974913,submit,b3262,sprint,,mobile
1556765981079,enter,b4339,sprint,,mobile
1556765998010,respond,q5807,sprint,d,mobile
1556766004087,submit,b4339,sprint,,mobile
1556766011475,enter,b2176,sprint,,mobile
1556766024466,respond,q3644,sprint,a,mobile
1556766033699,submit,b2176,sprint,,mobile
1556766044089,enter,b7221,sprint,,mobile
1556766057721,respond,q9870,sprint,b,mobile
1556766062612,submit,b7221,sprint,,mobile
1556766074662,enter,b3931,sprint,,mobile
1556766099271,respond,q5399,sprint,a,mobile
1556766109055,submit,b3931,sprint,,mobile
1556766138028,enter,b3517,sprint,,mobile
1556766147045,respond,q4985,sprint,a,mobile
1556766156861,respond,q4985,sprint,b,mobile
1556766160871,submit,b3517,sprint,,mobile
1556852105846,enter,b4412,sprint,,mobile
1556852115413,respond,q5880,sprint,d,mobile
1556852129785,submit,b4412,sprint,,mobile
1556852148587,enter,b7033,sprint,,mobile
1556852166197,respond,q9682,sprint,c,mobile
1556852170661,submit,b7033,sprint,,mobile
1556853676448,enter,b3699,sprint,,mobile
1556853689782,respond,q5167,sprint,d,mobile
1556853697231,respond,q5167,sprint,c,mobile
1556853703133,submit,b3699,sprint,,mobile
1556853715042,enter,b3732,sprint,,mobile
1556853747496,respond,q5200,sprint,a,mobile
1556853753538,submit,b3732,sprint,,mobile
1556853765106,enter,b4834,sprint,,mobile
1556853787579,respond,q6302,sprint,a,mobile
1556853792536,submit,b4834,sprint,,mobile
1556855703032,enter,b11484,sprint,,mobile
1556855715076,respond,q17247,sprint,c,mobile
1556855720252,submit,b11484,sprint,,mobile
1556855727963,enter,b2135,sprint,,mobile
1556855734925,respond,q3603,sprint,a,mobile
1556855739106,submit,b2135,sprint,,mobile
1556855746523,enter,b2163,sprint,,mobile
1556855755627,respond,q3631,sprint,a,mobile
1556855759395,submit,b2163,sprint,,mobile
1556855765717,enter,b4811,sprint,,mobile
1556855785501,respond,q6279,sprint,a,mobile
1556855792530,submit,b4811,sprint,,mobile
1556949481207,enter,b4811,sprint,,mobile
1556949491062,respond,q6279,sprint,c,mobile
1556949495717,respond,q6279,sprint,a,mobile
1556949500649,submit,b4811,sprint,,mobile
1556949508121,enter,b5737,sprint,,mobile
1556949521526,respond,q8386,sprint,b,mobile
1556949531909,submit,b5737,sprint,,mobile
1556949608041,enter,b3486,sprint,,mobile
1556949614954,respond,q4954,sprint,b,mobile
1556949618265,submit,b3486,sprint,,mobile
1556949624388,enter,b4146,sprint,,mobile
1556949635467,respond,q5614,sprint,a,mobile
1556949642473,submit,b4146,sprint,,mobile
1556949654672,enter,b4875,sprint,,mobile
1556949663013,respond,q6343,sprint,d,mobile
1556949666839,submit,b4875,sprint,,mobile
1556949672575,enter,b11507,sprint,,mobile
1556949678020,respond,q17270,sprint,b,mobile
1556949686608,submit,b11507,sprint,,mobile
1556949695909,enter,b3522,sprint,,mobile
1556949707965,respond,q4990,sprint,a,mobile
1556949717049,submit,b3522,sprint,,mobile
1556949733382,enter,b3652,sprint,,mobile
1556949746750,respond,q5120,sprint,b,mobile
1556949764708,submit,b3652,sprint,,mobile
1556949781336,enter,b5756,sprint,,mobile
1556949792889,respond,q8405,sprint,a,mobile
1556949807152,submit,b5756,sprint,,mobile
1556949830469,enter,b7670,sprint,,mobile
1556949838740,respond,q10319,sprint,b,mobile
1556949844052,submit,b7670,sprint,,mobile
1556949849994,enter,b5755,sprint,,mobile
1556949857767,respond,q8404,sprint,b,mobile
1556949863696,submit,b5755,sprint,,mobile
1556949910029,enter,b2397,sprint,,mobile
1556949927827,respond,q3865,sprint,b,mobile
1556949939272,submit,b2397,sprint,,mobile
1557144289332,enter,b2733,sprint,,mobile
1557144295687,respond,q4201,sprint,b,mobile
1557144304670,submit,b2733,sprint,,mobile
1557144316070,enter,b5972,sprint,,mobile
1557144336785,respond,q8621,sprint,b,mobile
1557144340502,submit,b5972,sprint,,mobile
1557144388055,enter,b2417,sprint,,mobile
1557144404989,respond,q3885,sprint,c,mobile
1557144411040,submit,b2417,sprint,,mobile
1557144424916,enter,b5750,sprint,,mobile
1557144434959,respond,q8399,sprint,b,mobile
1557144452183,respond,q8399,sprint,d,mobile
1557144462657,submit,b5750,sprint,,mobile
1557144476315,enter,b4804,sprint,,mobile
1557144485255,respond,q6272,sprint,b,mobile
1557144500000,respond,q6272,sprint,d,mobile
1557144504536,submit,b4804,sprint,,mobile
1557144511225,enter,b6366,sprint,,mobile
1557144536059,respond,q9015,sprint,c,mobile
1557144545491,submit,b6366,sprint,,mobile
1557144555814,enter,b3710,sprint,,mobile
1557144576746,respond,q5178,sprint,b,mobile
1557144584105,submit,b3710,sprint,,mobile
1557144595435,enter,b2407,sprint,,mobile
1557144604896,respond,q3875,sprint,d,mobile
1557144608503,respond,q3875,sprint,c,mobile
1557144620345,submit,b2407,sprint,,mobile
1557144626022,enter,b2391,sprint,,mobile
1557144634206,respond,q3859,sprint,b,mobile
1557144640227,submit,b2391,sprint,,mobile
1557144655459,enter,b11634,sprint,,mobile
1557144683806,respond,q17397,sprint,c,mobile
1557144689162,submit,b11634,sprint,,mobile
1557185811581,enter,b2414,sprint,,mobile
1557185822959,respond,q3882,sprint,b,mobile
1557185829885,submit,b2414,sprint,,mobile
1557185848976,enter,b3711,sprint,,mobile
1557185862647,respond,q5179,sprint,b,mobile
1557185870625,submit,b3711,sprint,,mobile
1557185875327,enter,b5745,sprint,,mobile
1557185889629,respond,q8394,sprint,c,mobile
1557185893520,respond,q8394,sprint,d,mobile
1557185901690,respond,q8394,sprint,c,mobile
1557185908149,submit,b5745,sprint,,mobile
1557185919806,enter,b6127,sprint,,mobile
1557185927808,respond,q8776,sprint,a,mobile
1557185933694,submit,b6127,sprint,,mobile
1557185950346,enter,b2387,sprint,,mobile
1557185980599,respond,q3855,sprint,a,mobile
1557185987889,submit,b2387,sprint,,mobile
1557186024066,enter,b3560,sprint,,mobile
1557186030985,respond,q5028,sprint,b,mobile
1557186037527,submit,b3560,sprint,,mobile
1557186055520,enter,b3661,sprint,,mobile
1557186068362,respond,q5129,sprint,c,mobile
1557186085646,submit,b3661,sprint,,mobile
1557186094563,enter,b6273,sprint,,mobile
1557186108842,respond,q8922,sprint,c,mobile
1557186115266,submit,b6273,sprint,,mobile
1557186218369,enter,b3535,sprint,,mobile
1557186221831,respond,q5003,sprint,b,mobile
1557186228125,submit,b3535,sprint,,mobile
1557186240927,enter,b4840,sprint,,mobile
1557186255527,respond,q6308,sprint,b,mobile
1557186258481,respond,q6308,sprint,a,mobile
1557186259067,respond,q6308,sprint,b,mobile
1557186262093,submit,b4840,sprint,,mobile
1557277967620,enter,b4799,sprint,,mobile
1557277977138,respond,q6267,sprint,d,mobile
1557277988420,respond,q6267,sprint,a,mobile
1557277997035,submit,b4799,sprint,,mobile
1557278008801,enter,b7547,sprint,,mobile
1557278015725,respond,q10196,sprint,d,mobile
1557278019629,submit,b7547,sprint,,mobile
1557285107881,enter,b5757,sprint,,mobile
1557285115635,respond,q8406,sprint,d,mobile
1557285121389,submit,b5757,sprint,,mobile
1557285138456,enter,b2418,sprint,,mobile
1557285143504,respond,q3886,sprint,b,mobile
1557285147383,submit,b2418,sprint,,mobile
1557285159259,enter,b2422,sprint,,mobile
1557285170949,respond,q3890,sprint,a,mobile
1557285174631,submit,b2422,sprint,,mobile
1557285179746,enter,b7530,sprint,,mobile
1557285197545,respond,q10179,sprint,a,mobile
1557285202520,respond,q10179,sprint,d,mobile
1557285212424,submit,b7530,sprint,,mobile
1557285226847,enter,b3462,sprint,,mobile
1557285233928,respond,q4930,sprint,b,mobile
1557285237679,submit,b3462,sprint,,mobile
1557285247156,enter,b3548,sprint,,mobile
1557285264031,respond,q5016,sprint,d,mobile
1557285278471,submit,b3548,sprint,,mobile
1557285289713,enter,b4400,sprint,,mobile
1557285304751,respond,q5868,sprint,b,mobile
1557285315372,submit,b4400,sprint,,mobile
1557285344653,enter,b7466,sprint,,mobile
1557285370976,respond,q10115,sprint,b,mobile
1557285384230,submit,b7466,sprint,,mobile
1557369213674,enter,b5794,sprint,,mobile
1557369229058,respond,q8443,sprint,c,mobile
1557369242650,submit,b5794,sprint,,mobile
1557370558999,enter,b3701,sprint,,mobile
1557370567135,respond,q5169,sprint,c,mobile
1557370572270,submit,b3701,sprint,,mobile
1557370578386,enter,b2398,sprint,,mobile
1557370592763,respond,q3866,sprint,c,mobile
1557370598909,submit,b2398,sprint,,mobile
1557370818106,enter,b4364,sprint,,mobile
1557370824792,respond,q5832,sprint,a,mobile
1557370825575,respond,q5832,sprint,b,mobile
1557370829450,submit,b4364,sprint,,mobile
1557371149291,enter,b5751,sprint,,mobile
1557371165685,respond,q8400,sprint,d,mobile
1557371168436,respond,q8400,sprint,c,mobile
1557371169957,respond,q8400,sprint,a,mobile
1557371173581,respond,q8400,sprint,b,mobile
1557371185191,respond,q8400,sprint,d,mobile
1557371188934,submit,b5751,sprint,,mobile
1557371207200,enter,b3485,sprint,,mobile
1557371219064,respond,q4953,sprint,c,mobile
1557371229553,submit,b3485,sprint,,mobile
1557371247511,enter,b4347,sprint,,mobile
1557371259367,respond,q5815,sprint,c,mobile
1557371263873,submit,b4347,sprint,,mobile
1557371269022,enter,b11427,sprint,,mobile
1557371274882,respond,q17190,sprint,a,mobile
1557371285367,submit,b11427,sprint,,mobile
1557371294187,enter,b3530,sprint,,mobile
1557371312798,respond,q4998,sprint,b,mobile
1557371326715,submit,b3530,sprint,,mobile
1557371355655,enter,b4833,sprint,,mobile
1557371394119,respond,q6301,sprint,b,mobile
1557371395027,respond,q6301,sprint,c,mobile
1557371396964,respond,q6301,sprint,d,mobile
1557371398952,respond,q6301,sprint,c,mobile
1557371404562,submit,b4833,sprint,,mobile
1557449629747,enter,b2642,sprint,,mobile
1557449633738,respond,q4110,sprint,b,mobile
1557449637509,respond,q4110,sprint,a,mobile
1557449642516,submit,b2642,sprint,,mobile
1557449657275,enter,b6160,sprint,,mobile
1557449668562,respond,q8809,sprint,a,mobile
1557449679869,submit,b6160,sprint,,mobile
1557458996950,enter,b3479,sprint,,mobile
1557459004252,respond,q4947,sprint,d,mobile
1557459009054,submit,b3479,sprint,,mobile
1557459020630,enter,b5805,sprint,,mobile
1557459039010,respond,q8454,sprint,b,mobile
1557459045258,submit,b5805,sprint,,mobile
1557459057784,enter,b2401,sprint,,mobile
1557459070076,respond,q3869,sprint,a,mobile
1557459076289,submit,b2401,sprint,,mobile
1557459083052,enter,b7230,sprint,,mobile
1557459119284,respond,q9879,sprint,c,mobile
1557459122791,submit,b7230,sprint,,mobile
1557459157496,enter,b2400,sprint,,mobile
1557459177169,respond,q3868,sprint,d,mobile
1557459181076,submit,b2400,sprint,,mobile
1557459240651,enter,b4340,sprint,,mobile
1557459246952,respond,q5808,sprint,c,mobile
1557459252736,submit,b4340,sprint,,mobile
1557459293955,enter,b2389,sprint,,mobile
1557459299485,respond,q3857,sprint,d,mobile
1557459307671,submit,b2389,sprint,,mobile
1557459314745,enter,b11392,sprint,,mobile
1557459326027,respond,q17155,sprint,a,mobile
1557459335133,submit,b11392,sprint,,mobile
1557563121020,enter,b5532,sprint,,mobile
1557563134401,respond,q8061,sprint,b,mobile
1557563144376,submit,b5532,sprint,,mobile
1557563149349,enter,b5585,sprint,,mobile
1557563158765,respond,q8114,sprint,a,mobile
1557563172366,submit,b5585,sprint,,mobile
1557563183601,enter,b53,sprint,,mobile
1557563200226,respond,q53,sprint,c,mobile
1557563206180,submit,b53,sprint,,mobile
1557563213362,enter,b8296,sprint,,mobile
1557563228187,respond,q11243,sprint,b,mobile
1557563239691,submit,b8296,sprint,,mobile
1557563255248,enter,b11,sprint,,mobile
1557563265103,respond,q11,sprint,b,mobile
1557563280427,submit,b11,sprint,,mobile
1557563296776,enter,b10,sprint,,mobile
1557563320074,respond,q10,sprint,d,mobile
1557563322826,submit,b10,sprint,,mobile
1557563342842,enter,b5574,sprint,,mobile
1557563360968,respond,q8103,sprint,d,mobile
1557563366433,submit,b5574,sprint,,mobile
1557563372257,enter,b8292,sprint,,mobile
1557563381413,respond,q11239,sprint,a,mobile
1557563384422,submit,b8292,sprint,,mobile
1557563388293,enter,b187,sprint,,mobile
1557563398169,respond,q187,sprint,a,mobile
1557563413471,submit,b187,sprint,,mobile
1557563463823,enter,b7,sprint,,mobile
1557563483559,respond,q7,sprint,c,mobile
1557563493569,submit,b7,sprint,,mobile
1557566384377,enter,b8247,sprint,,mobile
1557566393467,respond,q11194,sprint,b,mobile
1557566400040,respond,q11194,sprint,c,mobile
1557566404104,respond,q11194,sprint,d,mobile
1557566407814,submit,b8247,sprint,,mobile
1557566413547,enter,b63,sprint,,mobile
1557566424129,respond,q63,sprint,b,mobile
1557566433351,submit,b63,sprint,,mobile
1557566438508,enter,b5613,sprint,,mobile
1557566452056,respond,q8142,sprint,b,mobile
1557566455274,respond,q8142,sprint,c,mobile
1557566459172,submit,b5613,sprint,,mobile
1557566463372,enter,b158,sprint,,mobile
1557566473558,respond,q158,sprint,b,mobile
1557566477036,respond,q158,sprint,c,mobile
1557566488179,submit,b158,sprint,,mobile
1557566508791,enter,b8272,sprint,,mobile
1557566518558,respond,q11219,sprint,b,mobile
1557566522382,respond,q11219,sprint,c,mobile
1557566526634,respond,q11219,sprint,d,mobile
1557566532320,submit,b8272,sprint,,mobile
1557566536881,enter,b46,sprint,,mobile
1557566547132,respond,q46,sprint,a,mobile
1557566560928,submit,b46,sprint,,mobile
1557566612768,enter,b4,sprint,,mobile
1557566621546,respond,q4,sprint,b,mobile
1557566626805,respond,q4,sprint,b,mobile
1557566630807,respond,q4,sprint,c,mobile
1557566637210,submit,b4,sprint,,mobile
1557566647871,enter,b135,sprint,,mobile
1557566662131,respond,q135,sprint,b,mobile
1557566674048,submit,b135,sprint,,mobile
1557566694509,enter,b8138,sprint,,mobile
1557566709233,respond,q11085,sprint,c,mobile
1557566712424,respond,q11085,sprint,d,mobile
1557566718936,submit,b8138,sprint,,mobile
1557566724136,enter,b5579,sprint,,mobile
1557566733435,respond,q8108,sprint,b,mobile
1557566742506,respond,q8108,sprint,d,mobile
1557566746189,submit,b5579,sprint,,mobile
1557566753671,enter,b5653,sprint,,mobile
1557566763551,respond,q8182,sprint,b,mobile
1557566770828,submit,b5653,sprint,,mobile
1557566780143,enter,b3,sprint,,mobile
1557566789789,respond,q3,sprint,b,mobile
1557566796385,respond,q3,sprint,c,mobile
1557566798128,respond,q3,sprint,d,mobile
1557566806005,respond,q3,sprint,b,mobile
1557566809633,submit,b3,sprint,,mobile
1557630054372,enter,b5198,sprint,,mobile
1557630175670,respond,q6888,sprint,d,mobile
1557630184149,submit,b5198,sprint,,mobile
1557630236006,enter,b5197,sprint,,mobile
1557630412736,respond,q6884,sprint,a,mobile
1557630422631,submit,b5197,sprint,,mobile
1557707178620,enter,b4697,sprint,,mobile
1557707199041,respond,q6165,sprint,a,mobile
1557707202366,submit,b4697,sprint,,mobile
1557707258294,enter,b3705,sprint,,mobile
1557707285851,respond,q5173,sprint,a,mobile
1557707292102,respond,q5173,sprint,c,mobile
1557707296523,submit,b3705,sprint,,mobile
1557707335631,enter,b3531,sprint,,mobile
1557707358405,respond,q4999,sprint,a,mobile
1557707364317,submit,b3531,sprint,,mobile
1557707375150,enter,b7070,sprint,,mobile
1557707402151,respond,q9719,sprint,d,mobile
1557707405912,submit,b7070,sprint,,mobile
1557707443334,enter,b3743,sprint,,mobile
1557707469286,respond,q5211,sprint,b,mobile
1557707474011,respond,q5211,sprint,a,mobile
1557707479961,submit,b3743,sprint,,mobile
1557707524425,enter,b4258,sprint,,mobile
1557707544764,respond,q5726,sprint,a,mobile
1557707549032,submit,b4258,sprint,,mobile
1557707614961,enter,b3121,sprint,,mobile
1557707620163,respond,q4589,sprint,c,mobile
1557707624782,submit,b3121,sprint,,mobile
1557707650184,enter,b11541,sprint,,mobile
1557707672296,respond,q17304,sprint,c,mobile
1557707688812,respond,q17304,sprint,a,mobile
1557707705664,submit,b11541,sprint,,mobile
1557707734931,enter,b4407,sprint,,mobile
1557707756508,respond,q5875,sprint,c,mobile
1557707761312,submit,b4407,sprint,,mobile
1557707783117,enter,b4808,sprint,,mobile
1557707796992,respond,q6276,sprint,a,mobile
1557707799560,respond,q6276,sprint,b,mobile
1557707814897,submit,b4808,sprint,,mobile
1557756716657,enter,b652,sprint,,mobile
1557756734187,respond,q652,sprint,a,mobile
1557756738056,submit,b652,sprint,,mobile
1557756769546,enter,b696,sprint,,mobile
1557756787778,respond,q696,sprint,c,mobile
1557756791187,submit,b696,sprint,,mobile
1557756795384,enter,b835,sprint,,mobile
1557756810946,respond,q835,sprint,b,mobile
1557756814852,submit,b835,sprint,,mobile
1557756831623,enter,b1335,sprint,,mobile
1557756850251,respond,q1335,sprint,a,mobile
1557756853843,submit,b1335,sprint,,mobile
1557756877054,enter,b729,sprint,,mobile
1557756890946,respond,q729,sprint,b,mobile
1557756894200,submit,b729,sprint,,mobile
1557756905005,enter,b448,sprint,,mobile
1557756919194,respond,q448,sprint,b,mobile
1557756923096,submit,b448,sprint,,mobile
1557756936045,enter,b633,sprint,,mobile
1557756948460,respond,q633,sprint,c,mobile
1557756951178,submit,b633,sprint,,mobile
1557756955722,enter,b1003,sprint,,mobile
1557756973365,respond,q1003,sprint,c,mobile
1557756978187,submit,b1003,sprint,,mobile
1557756987752,enter,b739,sprint,,mobile
1557757003099,respond,q739,sprint,a,mobile
1557757006544,submit,b739,sprint,,mobile
1557757010906,enter,b447,sprint,,mobile
1557757021040,respond,q447,sprint,a,mobile
1557757023837,submit,b447,sprint,,mobile
1557757058293,enter,b3651,sprint,,mobile
1557757067460,respond,q5119,sprint,a,mobile
1557757071348,submit,b3651,sprint,,mobile
1557757078360,enter,b6198,sprint,,mobile
1557757095140,respond,q8847,sprint,d,mobile
1557757099124,submit,b6198,sprint,,mobile
1557757112759,enter,b5838,sprint,,mobile
1557757129621,respond,q8487,sprint,d,mobile
1557757136276,submit,b5838,sprint,,mobile
1557757157923,enter,b7570,sprint,,mobile
1557757180688,respond,q10219,sprint,c,mobile
1557757183783,submit,b7570,sprint,,mobile
1557757203077,enter,b6457,sprint,,mobile
1557757214368,respond,q9106,sprint,c,mobile
1557757217234,submit,b6457,sprint,,mobile
1557757225827,enter,b7244,sprint,,mobile
1557757240712,respond,q9893,sprint,b,mobile
1557757251473,submit,b7244,sprint,,mobile
1557757286291,enter,b6518,sprint,,mobile
1557757318623,respond,q9167,sprint,b,mobile
1557757319721,respond,q9167,sprint,a,mobile
1557757323446,respond,q9167,sprint,c,mobile
1557757327254,submit,b6518,sprint,,mobile
1557757340095,enter,b7427,sprint,,mobile
1557757350132,respond,q10076,sprint,b,mobile
1557757358273,submit,b7427,sprint,,mobile
1557757367129,enter,b11529,sprint,,mobile
1557757372923,respond,q17292,sprint,c,mobile
1557757377319,submit,b11529,sprint,,mobile
1557757387099,enter,b7053,sprint,,mobile
1557757396228,respond,q9702,sprint,d,mobile
1557757401901,submit,b7053,sprint,,mobile
1557787330822,enter,b7478,sprint,,mobile
1557787340330,respond,q10127,sprint,d,mobile
1557787341695,respond,q10127,sprint,c,mobile
1557787347858,submit,b7478,sprint,,mobile
1557787382116,enter,b6244,sprint,,mobile
1557787402344,respond,q8893,sprint,a,mobile
1557787410452,submit,b6244,sprint,,mobile
1557787432567,enter,b6486,sprint,,mobile
1557787438468,respond,q9135,sprint,a,mobile
1557787445787,submit,b6486,sprint,,mobile
1557787457222,enter,b11374,sprint,,mobile
1557787467438,respond,q17137,sprint,a,mobile
1557787474253,submit,b11374,sprint,,mobile
1557787479425,enter,b7412,sprint,,mobile
1557787500537,respond,q10061,sprint,d,mobile
1557787502107,respond,q10061,sprint,c,mobile
1557787510306,submit,b7412,sprint,,mobile
1557787541354,enter,b7024,sprint,,mobile
1557787553672,respond,q9673,sprint,b,mobile
1557787559051,submit,b7024,sprint,,mobile
1557790222941,enter,b7469,sprint,,mobile
1557790232240,respond,q10118,sprint,b,mobile
1557790240189,respond,q10118,sprint,d,mobile
1557790248677,respond,q10118,sprint,c,mobile
1557790255092,submit,b7469,sprint,,mobile
1557790272045,enter,b5893,sprint,,mobile
1557790283482,respond,q8542,sprint,a,mobile
1557790288996,submit,b5893,sprint,,mobile
1557790298930,enter,b7618,sprint,,mobile
1557790316650,respond,q10267,sprint,c,mobile
1557790323267,respond,q10267,sprint,b,mobile
1557790327462,submit,b7618,sprint,,mobile
1557790344558,enter,b7581,sprint,,mobile
1557790356451,respond,q10230,sprint,a,mobile
1557790373017,submit,b7581,sprint,,mobile
1557889231114,enter,b6204,sprint,,mobile
1557889238550,respond,q8853,sprint,d,mobile
1557889250992,submit,b6204,sprint,,mobile
1557889272926,enter,b5676,sprint,,mobile
1557889278313,respond,q8205,sprint,c,mobile
1557889281716,submit,b5676,sprint,,mobile
1557889287489,enter,b7477,sprint,,mobile
1557889293478,respond,q10126,sprint,c,mobile
1557889300821,submit,b7477,sprint,,mobile
1557889313091,enter,b6066,sprint,,mobile
1557889319268,respond,q8715,sprint,d,mobile
1557889328816,submit,b6066,sprint,,mobile
1557889335408,enter,b2174,sprint,,mobile
1557889340478,respond,q3642,sprint,b,mobile
1557889343751,submit,b2174,sprint,,mobile
1557889349370,enter,b6077,sprint,,mobile
1557889354523,respond,q8726,sprint,b,mobile
1557889358630,submit,b6077,sprint,,mobile
1557889447575,enter,b7520,sprint,,mobile
1557889457626,respond,q10169,sprint,b,mobile
1557889460428,submit,b7520,sprint,,mobile
1557889481142,enter,b6791,sprint,,mobile
1557889491257,respond,q9440,sprint,b,mobile
1557889507681,submit,b6791,sprint,,mobile
1557889521224,enter,b7217,sprint,,mobile
1557889531143,respond,q9866,sprint,b,mobile
1557889540649,submit,b7217,sprint,,mobile
1557889559984,enter,b11509,sprint,,mobile
1557889565853,respond,q17272,sprint,c,mobile
1557889571477,submit,b11509,sprint,,mobile
1557979890736,enter,b11388,sprint,,mobile
1557979913854,respond,q17151,sprint,b,mobile
1557979918176,submit,b11388,sprint,,mobile
1557980095128,enter,b6434,sprint,,mobile
1557980114377,respond,q9083,sprint,c,mobile
1557980120069,submit,b6434,sprint,,mobile
1557980414876,enter,b7267,sprint,,mobile
1557980428735,respond,q9916,sprint,b,mobile
1557980433698,submit,b7267,sprint,,mobile
1557980765743,enter,b5983,sprint,,mobile
1557980782595,respond,q8632,sprint,d,mobile
1557980785733,submit,b5983,sprint,,mobile
1557980903452,enter,b11391,sprint,,mobile
1557980911573,respond,q17154,sprint,c,mobile
1557980914378,submit,b11391,sprint,,mobile
1557980920096,enter,b7528,sprint,,mobile
1557980935071,respond,q10177,sprint,b,mobile
1557980938369,submit,b7528,sprint,,mobile
1557980970909,enter,b11588,sprint,,mobile
1557980980223,respond,q17351,sprint,b,mobile
1557981001047,submit,b11588,sprint,,mobile
1557981020096,enter,b11534,sprint,,mobile
1557981031905,respond,q17297,sprint,c,mobile
1557981039576,submit,b11534,sprint,,mobile
1557981046665,enter,b7500,sprint,,mobile
1557981058343,respond,q10149,sprint,c,mobile
1557981069540,submit,b7500,sprint,,mobile
1557981075649,enter,b11604,sprint,,mobile
1557981087442,respond,q17367,sprint,b,mobile
1557981093172,submit,b11604,sprint,,mobile
1558058004623,enter,b11592,sprint,,mobile
1558058008081,respond,q17355,sprint,a,mobile
1558058014271,respond,q17355,sprint,c,mobile
1558058022527,submit,b11592,sprint,,mobile
1558058026736,enter,b5845,sprint,,mobile
1558058035503,respond,q8494,sprint,b,mobile
1558058054641,submit,b5845,sprint,,mobile
1558058068780,enter,b6422,sprint,,mobile
1558058096021,respond,q9071,sprint,c,mobile
1558058098825,respond,q9071,sprint,d,mobile
1558058109747,respond,q9071,sprint,b,mobile
1558058113634,submit,b6422,sprint,,mobile
1558058127112,enter,b6249,sprint,,mobile
1558058137611,respond,q8898,sprint,d,mobile
1558058161076,respond,q8898,sprint,b,mobile
1558058163867,respond,q8898,sprint,c,mobile
1558058171556,submit,b6249,sprint,,mobile
1558058177608,enter,b11543,sprint,,mobile
1558058186048,respond,q17306,sprint,a,mobile
1558058188553,respond,q17306,sprint,c,mobile
1558058196353,respond,q17306,sprint,d,mobile
1558058207706,submit,b11543,sprint,,mobile
1558058262926,enter,b11375,sprint,,mobile
1558058282342,respond,q17138,sprint,b,mobile
1558058286499,respond,q17138,sprint,c,mobile
1558058292128,respond,q17138,sprint,a,mobile
1558058295622,submit,b11375,sprint,,mobile
1558058313162,enter,b11333,sprint,,mobile
1558058324765,respond,q17096,sprint,b,mobile
1558058339552,submit,b11333,sprint,,mobile
1558058373071,enter,b5872,sprint,,mobile
1558058386010,respond,q8521,sprint,b,mobile
1558058391237,submit,b5872,sprint,,mobile
1558058404728,enter,b6183,sprint,,mobile
1558058422871,respond,q8832,sprint,a,mobile
1558058425557,respond,q8832,sprint,c,mobile
1558058431231,submit,b6183,sprint,,mobile
1558058536528,enter,b11489,sprint,,mobile
1558058547241,respond,q17252,sprint,c,mobile
1558058554976,submit,b11489,sprint,,mobile
1558146125312,enter,b11341,sprint,,mobile
1558146136166,respond,q17104,sprint,a,mobile
1558146139854,submit,b11341,sprint,,mobile
1558146160299,enter,b7025,sprint,,mobile
1558146166252,respond,q9674,sprint,b,mobile
1558146170069,submit,b7025,sprint,,mobile
1558146175641,enter,b7029,sprint,,mobile
1558146190398,respond,q9678,sprint,c,mobile
1558146202117,submit,b7029,sprint,,mobile
1558146208305,enter,b7231,sprint,,mobile
1558146215599,respond,q9880,sprint,d,mobile
1558146218299,submit,b7231,sprint,,mobile
1558146224165,enter,b11302,sprint,,mobile
1558146263834,respond,q17065,sprint,c,mobile
1558146267237,submit,b11302,sprint,,mobile
1558146315314,enter,b7281,sprint,,mobile
1558146324624,respond,q9930,sprint,a,mobile
1558146334921,submit,b7281,sprint,,mobile
1558146348385,enter,b7538,sprint,,mobile
1558146355670,respond,q10187,sprint,c,mobile
1558146377827,submit,b7538,sprint,,mobile
1558146391618,enter,b7564,sprint,,mobile
1558146406307,respond,q10213,sprint,c,mobile
1558146410550,submit,b7564,sprint,,mobile
1558146437263,enter,b11626,sprint,,mobile
1558146481060,respond,q17389,sprint,a,mobile
1558146489457,respond,q17389,sprint,b,mobile
1558146492821,submit,b11626,sprint,,mobile
1558146501674,enter,b2831,sprint,,mobile
1558146512625,respond,q4299,sprint,d,mobile
1558146517092,submit,b2831,sprint,,mobile
1558230548113,enter,b6393,sprint,,mobile
1558230565866,respond,q9042,sprint,a,mobile
1558230570367,submit,b6393,sprint,,mobile
1558230592619,enter,b6803,sprint,,mobile
1558230602801,respond,q9452,sprint,a,mobile
1558230609089,respond,q9452,sprint,b,mobile
1558230618755,respond,q9452,sprint,d,mobile
1558230622976,submit,b6803,sprint,,mobile
1558230646390,enter,b7594,sprint,,mobile
1558230656748,respond,q10243,sprint,b,mobile
1558230661280,submit,b7594,sprint,,mobile
1558230688957,enter,b5848,sprint,,mobile
1558230696110,respond,q8497,sprint,a,mobile
1558230709527,submit,b5848,sprint,,mobile
1558230750749,enter,b11627,sprint,,mobile
1558230775011,respond,q17390,sprint,d,mobile
1558230777903,submit,b11627,sprint,,mobile
1558230783325,enter,b6830,sprint,,mobile
1558230804081,respond,q9479,sprint,a,mobile
1558230807875,submit,b6830,sprint,,mobile
1558230830137,enter,b7325,sprint,,mobile
1558230835663,respond,q9974,sprint,c,mobile
1558230848637,respond,q9974,sprint,a,mobile
1558230853101,submit,b7325,sprint,,mobile
1558233665392,enter,b4835,sprint,,mobile
1558233682379,respond,q6303,sprint,d,mobile
1558233687367,submit,b4835,sprint,,mobile
1558233699706,enter,b6423,sprint,,mobile
1558233707441,respond,q9072,sprint,d,mobile
1558233711418,submit,b6423,sprint,,mobile
1558233723939,enter,b11349,sprint,,mobile
1558233738226,respond,q17112,sprint,d,mobile
1558233747470,submit,b11349,sprint,,mobile
1558358542797,enter,b6348,sprint,,mobile
1558358550527,respond,q8997,sprint,a,mobile
1558358557454,submit,b6348,sprint,,mobile
1558358563456,enter,b6254,sprint,,mobile
1558358581373,respond,q8903,sprint,c,mobile
1558358604472,submit,b6254,sprint,,mobile
1558358629355,enter,b7565,sprint,,mobile
1558358640803,respond,q10214,sprint,d,mobile
1558358644607,submit,b7565,sprint,,mobile
1558358649471,enter,b5894,sprint,,mobile
1558358654568,respond,q8543,sprint,d,mobile
1558358659151,submit,b5894,sprint,,mobile
1558358664525,enter,b11347,sprint,,mobile
1558358675085,respond,q17110,sprint,a,mobile
1558358687527,submit,b11347,sprint,,mobile
1558358692127,enter,b11430,sprint,,mobile
1558358697597,respond,q17193,sprint,d,mobile
1558358703481,submit,b11430,sprint,,mobile
1558358708041,enter,b5994,sprint,,mobile
1558358746027,respond,q8643,sprint,b,mobile
1558358754173,respond,q8643,sprint,d,mobile
1558358756932,submit,b5994,sprint,,mobile
1558358772549,enter,b6834,sprint,,mobile
1558358782367,respond,q9483,sprint,d,mobile
1558358790110,submit,b6834,sprint,,mobile
1558358796382,enter,b6174,sprint,,mobile
1558358807593,respond,q8823,sprint,a,mobile
1558358817529,submit,b6174,sprint,,mobile
1558358833842,enter,b6847,sprint,,mobile
1558358840801,respond,q9496,sprint,b,mobile
1558358856464,submit,b6847,sprint,,mobile
1558486693711,enter,b5964,sprint,,mobile
1558486701162,respond,q8613,sprint,c,mobile
1558486706998,submit,b5964,sprint,,mobile
1558486712763,enter,b7235,sprint,,mobile
1558486723818,respond,q9884,sprint,c,mobile
1558486727470,submit,b7235,sprint,,mobile
1558486734733,enter,b11577,sprint,,mobile
1558486759153,respond,q17340,sprint,c,mobile
1558486765646,submit,b11577,sprint,,mobile
1558486772059,enter,b6181,sprint,,mobile
1558486800287,respond,q8830,sprint,b,mobile
1558486809111,submit,b6181,sprint,,mobile
1558486819424,enter,b5742,sprint,,mobile
1558486825739,respond,q8391,sprint,b,mobile
1558486850422,submit,b5742,sprint,,mobile
1558486879574,enter,b7323,sprint,,mobile
1558486909393,respond,q9972,sprint,b,mobile
1558486912715,submit,b7323,sprint,,mobile
1558486918135,enter,b6155,sprint,,mobile
1558486926560,respond,q8804,sprint,a,mobile
1558486944531,respond,q8804,sprint,d,mobile
1558486948906,submit,b6155,sprint,,mobile
1558486961325,enter,b5950,sprint,,mobile
1558486970983,respond,q8599,sprint,a,mobile
1558486975421,submit,b5950,sprint,,mobile
1558486987486,enter,b6287,sprint,,mobile
1558487000375,respond,q8936,sprint,a,mobile
1558487016871,submit,b6287,sprint,,mobile
1558487032611,enter,b6814,sprint,,mobile
1558487042106,respond,q9463,sprint,b,mobile
1558487058468,submit,b6814,sprint,,mobile
1558539857079,enter,b6541,sprint,,mobile
1558539865564,respond,q9190,sprint,b,mobile
1558539870127,submit,b6541,sprint,,mobile
1558539882547,enter,b11504,sprint,,mobile
1558539888545,respond,q17267,sprint,d,mobile
1558539892020,submit,b11504,sprint,,mobile
1558539898132,enter,b6116,sprint,,mobile
1558539918732,respond,q8765,sprint,d,mobile
1558539920893,respond,q8765,sprint,c,mobile
1558539940137,submit,b6116,sprint,,mobile
1558539949939,enter,b6532,sprint,,mobile
1558539970486,respond,q9181,sprint,b,mobile
1558539972440,respond,q9181,sprint,c,mobile
1558539978364,submit,b6532,sprint,,mobile
1558539994476,enter,b7318,sprint,,mobile
1558540005610,respond,q9967,sprint,b,mobile
1558540009274,submit,b7318,sprint,,mobile
1558540015162,enter,b7468,sprint,,mobile
1558540030799,respond,q10117,sprint,a,mobile
1558540046341,respond,q10117,sprint,b,mobile
1558540050747,submit,b7468,sprint,,mobile
1558540061952,enter,b11448,sprint,,mobile
1558540078745,respond,q17211,sprint,b,mobile
1558540087294,respond,q17211,sprint,d,mobile
1558540096617,respond,q17211,sprint,b,mobile
1558540102045,submit,b11448,sprint,,mobile
1558540137621,enter,b6452,sprint,,mobile
1558540141604,respond,q9101,sprint,c,mobile
1558540150683,submit,b6452,sprint,,mobile
1558540159215,enter,b7428,sprint,,mobile
1558540164957,respond,q10077,sprint,a,mobile
1558540171052,submit,b7428,sprint,,mobile
1558540180010,enter,b11441,sprint,,mobile
1558540193327,respond,q17204,sprint,a,mobile
1558540199914,submit,b11441,sprint,,mobile
1558667705803,enter,b6546,sprint,,mobile
1558667712913,respond,q9195,sprint,b,mobile
1558667717299,submit,b6546,sprint,,mobile
1558667731080,enter,b6410,sprint,,mobile
1558667742500,respond,q9059,sprint,c,mobile
1558667746561,submit,b6410,sprint,,mobile
1558667766105,enter,b6248,sprint,,mobile
1558667770400,respond,q8897,sprint,a,mobile
1558667777262,submit,b6248,sprint,,mobile
1558667783065,enter,b7491,sprint,,mobile
1558667789159,respond,q10140,sprint,b,mobile
1558667795819,respond,q10140,sprint,a,mobile
1558667804783,submit,b7491,sprint,,mobile
1558667836188,enter,b7474,sprint,,mobile
1558667841238,respond,q10123,sprint,a,mobile
1558667849588,submit,b7474,sprint,,mobile
1558667861159,enter,b7314,sprint,,mobile
1558667870847,respond,q9963,sprint,b,mobile
1558667877172,submit,b7314,sprint,,mobile
1558667882803,enter,b7408,sprint,,mobile
1558667892995,respond,q10057,sprint,c,mobile
1558667901025,submit,b7408,sprint,,mobile
1558667916411,enter,b5935,sprint,,mobile
1558667922241,respond,q8584,sprint,a,mobile
1558667938059,respond,q8584,sprint,c,mobile
1558667946240,submit,b5935,sprint,,mobile
1558667961974,enter,b7541,sprint,,mobile
1558667973420,respond,q10190,sprint,b,mobile
1558667976343,submit,b7541,sprint,,mobile
1558667981384,enter,b7105,sprint,,mobile
1558667983296,respond,q9754,sprint,a,mobile
1558667992493,respond,q9754,sprint,b,mobile
1558668000194,submit,b7105,sprint,,mobile
1558746292776,enter,b7173,sprint,,mobile
1558746297464,respond,q9822,sprint,c,mobile
1558746298714,respond,q9822,sprint,d,mobile
1558746303252,submit,b7173,sprint,,mobile
1558746308751,enter,b11284,sprint,,mobile
1558746313376,respond,q17047,sprint,a,mobile
1558746317768,respond,q17047,sprint,b,mobile
1558746319136,respond,q17047,sprint,a,mobile
1558746324602,submit,b11284,sprint,,mobile
1558746336294,enter,b7443,sprint,,mobile
1558746359167,respond,q10092,sprint,d,mobile
1558746362269,submit,b7443,sprint,,mobile
1558746385042,enter,b7585,sprint,,mobile
1558746395299,respond,q10234,sprint,d,mobile
1558746400643,submit,b7585,sprint,,mobile
1558746408031,enter,b11475,sprint,,mobile
1558746413199,respond,q17238,sprint,d,mobile
1558746416193,submit,b11475,sprint,,mobile
1558746422887,enter,b7106,sprint,,mobile
1558746427694,respond,q9755,sprint,c,mobile
1558746431666,submit,b7106,sprint,,mobile
1558746437477,enter,b6690,sprint,,mobile
1558746448136,respond,q9339,sprint,b,mobile
1558746456324,submit,b6690,sprint,,mobile
1558747595653,enter,b6690,sprint,,mobile
1558747612282,respond,q9339,sprint,c,mobile
1558747618433,submit,b6690,sprint,,mobile
1558747641424,enter,b6688,sprint,,mobile
1558747646107,respond,q9337,sprint,a,mobile
1558747658462,submit,b6688,sprint,,mobile
1558749459363,enter,b5988,sprint,,mobile
1558749470311,respond,q8637,sprint,b,mobile
1558749473864,submit,b5988,sprint,,mobile
1558749482978,enter,b6700,sprint,,mobile
1558749493862,respond,q9349,sprint,d,mobile
1558749497986,submit,b6700,sprint,,mobile
1558957421722,enter,b5735,sprint,,mobile
1558957441605,respond,q8384,sprint,b,mobile
1558957471255,respond,q8384,sprint,c,mobile
1558957478307,respond,q8384,sprint,b,mobile
1558957479176,respond,q8384,sprint,a,mobile
1558957485040,submit,b5735,sprint,,mobile
1558957524821,enter,b6754,sprint,,mobile
1558957530870,respond,q9403,sprint,b,mobile
1558957534997,submit,b6754,sprint,,mobile
1558957540486,enter,b6318,sprint,,mobile
1558957546670,respond,q8967,sprint,c,mobile
1558957554539,submit,b6318,sprint,,mobile
1558957572164,enter,b5877,sprint,,mobile
1558957592738,respond,q8526,sprint,a,mobile
1558957596437,submit,b5877,sprint,,mobile
1558957606084,enter,b11615,sprint,,mobile
1558957613531,respond,q17378,sprint,c,mobile
1558957617056,submit,b11615,sprint,,mobile
1558957622785,enter,b6463,sprint,,mobile
1558957629665,respond,q9112,sprint,a,mobile
1558957633241,submit,b6463,sprint,,mobile
1558957638725,enter,b6430,sprint,,mobile
1558957641741,respond,q9079,sprint,a,mobile
1558957645717,submit,b6430,sprint,,mobile
1558957651838,enter,b5674,sprint,,mobile
1558957662225,respond,q8203,sprint,d,mobile
1558957667155,submit,b5674,sprint,,mobile
1558957674884,enter,b6456,sprint,,mobile
1558957684848,respond,q9105,sprint,c,mobile
1558957690861,submit,b6456,sprint,,mobile
1558957697615,enter,b7309,sprint,,mobile
1558957711570,respond,q9958,sprint,d,mobile
1558957716129,submit,b7309,sprint,,mobile
1559015410297,enter,b11521,sprint,,mobile
1559015417723,respond,q17284,sprint,d,mobile
1559015422042,submit,b11521,sprint,,mobile
1559015428507,enter,b6454,sprint,,mobile
1559015434324,respond,q9103,sprint,b,mobile
1559015446956,submit,b6454,sprint,,mobile
1559015453120,enter,b7186,sprint,,mobile
1559015463651,respond,q9835,sprint,b,mobile
1559015469407,submit,b7186,sprint,,mobile
1559015475526,enter,b11351,sprint,,mobile
1559015479831,respond,q17114,sprint,a,mobile
1559015488911,submit,b11351,sprint,,mobile
1559015495367,enter,b7238,sprint,,mobile
1559015505255,respond,q9887,sprint,c,mobile
1559015509722,submit,b7238,sprint,,mobile
1559015519364,enter,b6900,sprint,,mobile
1559015528704,respond,q9549,sprint,c,mobile
1559015539978,submit,b6900,sprint,,mobile
1559015545195,enter,b6495,sprint,,mobile
1559015552010,respond,q9144,sprint,a,mobile
1559015558603,respond,q9144,sprint,d,mobile
1559015561736,submit,b6495,sprint,,mobile
1559015566587,enter,b6522,sprint,,mobile
1559015573751,respond,q9171,sprint,d,mobile
1559015578389,submit,b6522,sprint,,mobile
1559015585142,enter,b7191,sprint,,mobile
1559015601020,respond,q9840,sprint,b,mobile
1559015604621,submit,b7191,sprint,,mobile
1559015619061,enter,b6311,sprint,,mobile
1559015626603,respond,q8960,sprint,a,mobile
1559015634117,submit,b6311,sprint,,mobile
1559100713842,enter,b11384,sprint,,mobile
1559100719337,respond,q17147,sprint,c,mobile
1559100727541,submit,b11384,sprint,,mobile
1559100743907,enter,b7088,sprint,,mobile
1559100750849,respond,q9737,sprint,b,mobile
1559100756012,submit,b7088,sprint,,mobile
1559100771353,enter,b6279,sprint,,mobile
1559100774496,respond,q8928,sprint,b,mobile
1559100779374,submit,b6279,sprint,,mobile
1559100789030,enter,b7072,sprint,,mobile
1559100800724,respond,q9721,sprint,a,mobile
1559100805937,submit,b7072,sprint,,mobile
1559202773852,enter,b6903,sprint,,mobile
1559202781996,respond,q9552,sprint,c,mobile
1559202791111,submit,b6903,sprint,,mobile
1559202803657,enter,b5869,sprint,,mobile
1559202810742,respond,q8518,sprint,b,mobile
1559202827581,respond,q8518,sprint,d,mobile
1559202830405,submit,b5869,sprint,,mobile
1559202835641,enter,b7590,sprint,,mobile
1559202856113,respond,q10239,sprint,b,mobile
1559202868301,submit,b7590,sprint,,mobile
1559202881181,enter,b4076,sprint,,mobile
1559202884628,respond,q5544,sprint,b,mobile
1559202889773,submit,b4076,sprint,,mobile
1559202896211,enter,b6256,sprint,,mobile
1559202906413,respond,q8905,sprint,c,mobile
1559202916974,submit,b6256,sprint,,mobile
1559202922778,enter,b6121,sprint,,mobile
1559202948111,respond,q8770,sprint,a,mobile
1559202950382,respond,q8770,sprint,b,mobile
1559202959692,submit,b6121,sprint,,mobile
1559270105245,enter,b6682,sprint,,mobile
1559270110805,respond,q9331,sprint,d,mobile
1559270118120,respond,q9331,sprint,b,mobile
1559270131386,respond,q9331,sprint,a,mobile
1559270135497,submit,b6682,sprint,,mobile
1559270140957,enter,b11579,sprint,,mobile
1559270168561,respond,q17342,sprint,c,mobile
1559270174507,respond,q17342,sprint,d,mobile
1559270180601,submit,b11579,sprint,,mobile
1559270206278,enter,b7036,sprint,,mobile
1559270215660,respond,q9685,sprint,a,mobile
1559270219534,submit,b7036,sprint,,mobile
1559270228517,enter,b6101,sprint,,mobile
1559270244229,respond,q8750,sprint,a,mobile
1559270249304,submit,b6101,sprint,,mobile
1559273008609,enter,b6215,sprint,,mobile
1559273018632,respond,q8864,sprint,d,mobile
1559273026107,submit,b6215,sprint,,mobile
1559273037352,enter,b5678,sprint,,mobile
1559273042720,respond,q8207,sprint,a,mobile
1559273060656,submit,b5678,sprint,,mobile
1559273070301,enter,b11313,sprint,,mobile
1559273078818,respond,q17076,sprint,c,mobile
1559273081772,submit,b11313,sprint,,mobile
1559273633437,enter,b7625,sprint,,mobile
1559273648310,respond,q10274,sprint,a,mobile
1559273653834,submit,b7625,sprint,,mobile
1559273671503,enter,b6112,sprint,,mobile
1559273693328,respond,q8761,sprint,a,mobile
1559273699249,submit,b6112,sprint,,mobile
1559273706011,enter,b11305,sprint,,mobile
1559273713136,respond,q17068,sprint,d,mobile
1559273718445,submit,b11305,sprint,,mobile
1559357079282,enter,b7239,sprint,,mobile
1559357087308,respond,q9888,sprint,a,mobile
1559357093313,submit,b7239,sprint,,mobile
1559357111808,enter,b7129,sprint,,mobile
1559357118068,respond,q9778,sprint,b,mobile
1559357121477,submit,b7129,sprint,,mobile
1559357128471,enter,b6799,sprint,,mobile
1559357146688,respond,q9448,sprint,c,mobile
1559357149877,submit,b6799,sprint,,mobile
1559357193514,enter,b11469,sprint,,mobile
1559357202847,respond,q17232,sprint,a,mobile
1559357207278,submit,b11469,sprint,,mobile
1559357212776,enter,b5963,sprint,,mobile
1559357227973,respond,q8612,sprint,b,mobile
1559357272322,submit,b5963,sprint,,mobile
1559357315362,enter,b7103,sprint,,mobile
1559357335091,respond,q9752,sprint,a,mobile
1559357342144,submit,b7103,sprint,,mobile
1559357405635,enter,b11554,sprint,,mobile
1559357418146,respond,q17317,sprint,a,mobile
1559357424159,submit,b11554,sprint,,mobile
1559357466067,enter,b6550,sprint,,mobile
1559357505259,respond,q9199,sprint,b,mobile
1559357511608,submit,b6550,sprint,,mobile
1559357522003,enter,b7257,sprint,,mobile
1559357557771,respond,q9906,sprint,a,mobile
1559357566084,submit,b7257,sprint,,mobile
1559357580695,enter,b5895,sprint,,mobile
1559357599154,respond,q8544,sprint,c,mobile
1559357607979,submit,b5895,sprint,,mobile
1559431677179,enter,b5866,sprint,,mobile
1559431682110,respond,q8515,sprint,a,mobile
1559431684670,respond,q8515,sprint,c,mobile
1559431691503,submit,b5866,sprint,,mobile
1559432992805,enter,b6385,sprint,,mobile
1559433000320,respond,q9034,sprint,b,mobile
1559433003569,submit,b6385,sprint,,mobile
1559433010672,enter,b5713,sprint,,mobile
1559433016484,respond,q8362,sprint,a,mobile
1559433019902,submit,b5713,sprint,,mobile
1559433026984,enter,b11309,sprint,,mobile
1559433033602,respond,q17072,sprint,c,mobile
1559433036844,submit,b11309,sprint,,mobile
1559433044587,enter,b7540,sprint,,mobile
1559433051541,respond,q10189,sprint,a,mobile
1559433056376,submit,b7540,sprint,,mobile
1559433063458,enter,b11630,sprint,,mobile
1559433070844,respond,q17393,sprint,b,mobile
1559433101452,submit,b11630,sprint,,mobile
1559433114619,enter,b11506,sprint,,mobile
1559433125663,respond,q17269,sprint,b,mobile
1559433129597,submit,b11506,sprint,,mobile
1559433134780,enter,b5940,sprint,,mobile
1559433142410,respond,q8589,sprint,d,mobile
1559433149139,submit,b5940,sprint,,mobile
1559433162296,enter,b7222,sprint,,mobile
1559433172893,respond,q9871,sprint,d,mobile
1559433189157,respond,q9871,sprint,a,mobile
1559433194067,respond,q9871,sprint,d,mobile
1559433197943,submit,b7222,sprint,,mobile
1559433215679,enter,b7416,sprint,,mobile
1559433232350,respond,q10065,sprint,b,mobile
1559433236512,submit,b7416,sprint,,mobile
1559455756422,enter,b7340,sprint,,mobile
1559455762005,respond,q9989,sprint,b,mobile
1559455767224,submit,b7340,sprint,,mobile
1559455773338,enter,b6206,sprint,,mobile
1559455781135,respond,q8855,sprint,d,mobile
1559455784010,submit,b6206,sprint,,mobile
1559455789347,enter,b6252,sprint,,mobile
1559455796632,respond,q8901,sprint,c,mobile
1559455802181,respond,q8901,sprint,d,mobile
1559455812655,submit,b6252,sprint,,mobile
1559455832954,enter,b6844,sprint,,mobile
1559455841554,respond,q9493,sprint,a,mobile
1559455845293,submit,b6844,sprint,,mobile
1559455850466,enter,b7107,sprint,,mobile
1559455863995,respond,q9756,sprint,b,mobile
1559455874411,respond,q9756,sprint,d,mobile
1559455878473,submit,b7107,sprint,,mobile
1559455897447,enter,b6761,sprint,,mobile
1559455902735,respond,q9410,sprint,a,mobile
1559455911885,submit,b6761,sprint,,mobile
1559456038414,enter,b7146,sprint,,mobile
1559456046390,respond,q9795,sprint,b,mobile
1559456052252,submit,b7146,sprint,,mobile
1559456057408,enter,b7572,sprint,,mobile
1559456067737,respond,q10221,sprint,d,mobile
1559456081249,submit,b7572,sprint,,mobile
1559456094507,enter,b7232,sprint,,mobile
1559456103661,respond,q9881,sprint,c,mobile
1559456106249,respond,q9881,sprint,b,mobile
1559456112536,submit,b7232,sprint,,mobile
1559456127735,enter,b11414,sprint,,mobile
1559456138249,respond,q17177,sprint,c,mobile
1559456146601,respond,q17177,sprint,b,mobile
1559456152625,respond,q17177,sprint,c,mobile
1559456156653,submit,b11414,sprint,,mobile
1559531741146,enter,b6380,sprint,,mobile
1559531749331,respond,q9029,sprint,b,mobile
1559531750743,respond,q9029,sprint,d,mobile
1559531753616,respond,q9029,sprint,a,mobile
1559531760968,respond,q9029,sprint,b,mobile
1559531770823,submit,b6380,sprint,,mobile
1559531796154,enter,b6241,sprint,,mobile
1559531801254,respond,q8890,sprint,b,mobile
1559531819111,respond,q8890,sprint,c,mobile
1559531832695,respond,q8890,sprint,a,mobile
1559531839062,respond,q8890,sprint,b,mobile
1559531846989,submit,b6241,sprint,,mobile
1559531867100,enter,b7542,sprint,,mobile
1559531872929,respond,q10191,sprint,a,mobile
1559531886248,respond,q10191,sprint,d,mobile
1559531887029,respond,q10191,sprint,c,mobile
1559531892601,submit,b7542,sprint,,mobile
1559531906462,enter,b6505,sprint,,mobile
1559531913890,respond,q9154,sprint,a,mobile
1559531929304,respond,q9154,sprint,d,mobile
1559531933917,submit,b6505,sprint,,mobile
1559531944555,enter,b7086,sprint,,mobile
1559531965719,respond,q9735,sprint,b,mobile
1559531981266,submit,b7086,sprint,,mobile
1559531988042,enter,b6426,sprint,,mobile
1559531999560,respond,q9075,sprint,a,mobile
1559532009009,submit,b6426,sprint,,mobile
1559532014450,enter,b5660,sprint,,mobile
1559532018315,respond,q8189,sprint,c,mobile
1559532028602,submit,b5660,sprint,,mobile
1559532034469,enter,b6749,sprint,,mobile
1559532053929,respond,q9398,sprint,a,mobile
1559532064515,submit,b6749,sprint,,mobile
1559532071893,enter,b6392,sprint,,mobile
1559532087004,respond,q9041,sprint,c,mobile
1559532118984,respond,q9041,sprint,b,mobile
1559532125108,submit,b6392,sprint,,mobile
1559532148158,enter,b6090,sprint,,mobile
1559532160923,respond,q8739,sprint,c,mobile
1559532168590,submit,b6090,sprint,,mobile
1559615572866,enter,b6841,sprint,,mobile
1559615582114,respond,q9490,sprint,d,mobile
1559615595813,submit,b6841,sprint,,mobile
1559615625945,enter,b5900,sprint,,mobile
1559615632604,respond,q8549,sprint,d,mobile
1559615642401,respond,q8549,sprint,a,mobile
1559615649058,respond,q8549,sprint,b,mobile
1559615653261,respond,q8549,sprint,c,mobile
1559615662154,submit,b5900,sprint,,mobile
1559617095709,enter,b6058,sprint,,mobile
1559617109675,respond,q8707,sprint,a,mobile
1559617114492,submit,b6058,sprint,,mobile
1559617218198,enter,b6876,sprint,,mobile
1559617230427,respond,q9525,sprint,d,mobile
1559617237389,submit,b6876,sprint,,mobile
1559617242839,enter,b7647,sprint,,mobile
1559617251166,respond,q10296,sprint,b,mobile
1559617257911,submit,b7647,sprint,,mobile
1559617262749,enter,b6703,sprint,,mobile
1559617293548,respond,q9352,sprint,b,mobile
1559617298245,submit,b6703,sprint,,mobile
1559617304350,enter,b6696,sprint,,mobile
1559617327262,respond,q9345,sprint,c,mobile
1559617336616,submit,b6696,sprint,,mobile
1559617341753,enter,b7229,sprint,,mobile
1559617350608,respond,q9878,sprint,c,mobile
1559617353719,respond,q9878,sprint,b,mobile
1559617371431,submit,b7229,sprint,,mobile
1559617497321,enter,b7543,sprint,,mobile
1559617505967,respond,q10192,sprint,b,mobile
1559617509936,respond,q10192,sprint,c,mobile
1559617517755,submit,b7543,sprint,,mobile
1559617532215,enter,b7595,sprint,,mobile
1559617562170,respond,q10244,sprint,c,mobile
1559617569865,submit,b7595,sprint,,mobile
1559705221243,enter,b5981,sprint,,mobile
1559705231473,respond,q8630,sprint,a,mobile
1559705235195,respond,q8630,sprint,b,mobile
1559705240074,respond,q8630,sprint,c,mobile
1559705259036,submit,b5981,sprint,,mobile
1559705285969,enter,b6307,sprint,,mobile
1559705294907,respond,q8956,sprint,d,mobile
1559705303018,submit,b6307,sprint,,mobile
1559705316492,enter,b6738,sprint,,mobile
1559705325805,respond,q9387,sprint,c,mobile
1559705329596,submit,b6738,sprint,,mobile
1559705334755,enter,b6849,sprint,,mobile
1559705340904,respond,q9498,sprint,c,mobile
1559705344678,respond,q9498,sprint,b,mobile
1559705348820,submit,b6849,sprint,,mobile
1559705354907,enter,b7355,sprint,,mobile
1559705365736,respond,q10004,sprint,d,mobile
1559705379062,submit,b7355,sprint,,mobile
1559705389979,enter,b6227,sprint,,mobile
1559705396422,respond,q8876,sprint,c,mobile
1559705401449,respond,q8876,sprint,b,mobile
1559705410129,submit,b6227,sprint,,mobile
1559705416204,enter,b6061,sprint,,mobile
1559705423612,respond,q8710,sprint,a,mobile
1559705432728,submit,b6061,sprint,,mobile
1559705443506,enter,b5669,sprint,,mobile
1559705453573,respond,q8198,sprint,c,mobile
1559705475048,submit,b5669,sprint,,mobile
1559705483731,enter,b6548,sprint,,mobile
1559705491085,respond,q9197,sprint,b,mobile
1559705492554,respond,q9197,sprint,c,mobile
1559705499135,submit,b6548,sprint,,mobile
1559705506777,enter,b6453,sprint,,mobile
1559705523685,respond,q9102,sprint,d,mobile
1559705530127,submit,b6453,sprint,,mobile
1559829513399,enter,b11455,sprint,,mobile
1559829519363,respond,q17218,sprint,a,mobile
1559829522255,submit,b11455,sprint,,mobile
1559829530963,enter,b6226,sprint,,mobile
1559829537334,respond,q8875,sprint,a,mobile
1559829541471,submit,b6226,sprint,,mobile
1559829550189,enter,b6919,sprint,,mobile
1559829559792,respond,q9568,sprint,b,mobile
1559829561361,respond,q9568,sprint,a,mobile
1559829564167,respond,q9568,sprint,c,mobile
1559829571582,respond,q9568,sprint,d,mobile
1559829579548,submit,b6919,sprint,,mobile
1559829595601,enter,b6865,sprint,,mobile
1559829611139,respond,q9514,sprint,b,mobile
1559829630619,respond,q9514,sprint,d,mobile
1559829634250,submit,b6865,sprint,,mobile
1559829646932,enter,b7228,sprint,,mobile
1559829671386,respond,q9877,sprint,c,mobile
1559829681224,submit,b7228,sprint,,mobile
1559829697779,enter,b11565,sprint,,mobile
1559829705353,respond,q17328,sprint,a,mobile
1559829709375,submit,b11565,sprint,,mobile
1559829714539,enter,b11415,sprint,,mobile
1559829720638,respond,q17178,sprint,b,mobile
1559829723010,respond,q17178,sprint,c,mobile
1559829724564,respond,q17178,sprint,a,mobile
1559829728319,submit,b11415,sprint,,mobile
1559829735243,enter,b2709,sprint,,mobile
1559829746501,respond,q4177,sprint,c,mobile
1559829752930,submit,b2709,sprint,,mobile
1559829760305,enter,b5662,sprint,,mobile
1559829773148,respond,q8191,sprint,c,mobile
1559829781309,submit,b5662,sprint,,mobile
1559829793480,enter,b5736,sprint,,mobile
1559829806566,respond,q8385,sprint,a,mobile
1559829830476,submit,b5736,sprint,,mobile
1559914937956,enter,b6442,sprint,,mobile
1559914948918,respond,q9091,sprint,d,mobile
1559914957614,submit,b6442,sprint,,mobile
1559914964489,enter,b7248,sprint,,mobile
1559914971645,respond,q9897,sprint,a,mobile
1559914976938,submit,b7248,sprint,,mobile
1559914982089,enter,b7484,sprint,,mobile
1559914988664,respond,q10133,sprint,d,mobile
1559914999021,submit,b7484,sprint,,mobile
1559915004604,enter,b6424,sprint,,mobile
1559915017774,respond,q9073,sprint,a,mobile
1559915020329,respond,q9073,sprint,b,mobile
1559915031429,submit,b6424,sprint,,mobile
1559915057841,enter,b6797,sprint,,mobile
1559915066395,respond,q9446,sprint,a,mobile
1559915071555,submit,b6797,sprint,,mobile
1559915077018,enter,b7075,sprint,,mobile
1559915093970,respond,q9724,sprint,c,mobile
1559915099410,submit,b7075,sprint,,mobile
1559915117693,enter,b7212,sprint,,mobile
1559915129611,respond,q9861,sprint,d,mobile
1559915141632,submit,b7212,sprint,,mobile
1559915155807,enter,b5842,sprint,,mobile
1559915172083,respond,q8491,sprint,b,mobile
1559915176829,submit,b5842,sprint,,mobile
1559915202161,enter,b6681,sprint,,mobile
1559915215458,respond,q9330,sprint,c,mobile
1559915220404,submit,b6681,sprint,,mobile
1559915226451,enter,b11563,sprint,,mobile
1559915249361,respond,q17326,sprint,a,mobile
1559915260881,submit,b11563,sprint,,mobile
1560084093903,enter,b6825,sprint,,mobile
1560084104600,respond,q9474,sprint,a,mobile
1560084108056,submit,b6825,sprint,,mobile
1560084112957,enter,b11336,sprint,,mobile
1560084123944,respond,q17099,sprint,b,mobile
1560084129972,submit,b11336,sprint,,mobile
1560084137073,enter,b6536,sprint,,mobile
1560084144793,respond,q9185,sprint,d,mobile
1560084155681,submit,b6536,sprint,,mobile
1560084174369,enter,b5913,sprint,,mobile
1560084196480,respond,q8562,sprint,c,mobile
1560084200858,respond,q8562,sprint,a,mobile
1560084203068,submit,b5913,sprint,,mobile
1560084210377,enter,b5867,sprint,,mobile
1560084217778,respond,q8516,sprint,b,mobile
1560084229440,respond,q8516,sprint,a,mobile
1560084234570,submit,b5867,sprint,,mobile
1560084242766,enter,b7568,sprint,,mobile
1560084248067,respond,q10217,sprint,b,mobile
1560084254263,submit,b7568,sprint,,mobile
1560084259233,enter,b7621,sprint,,mobile
1560084266509,respond,q10270,sprint,d,mobile
1560084272559,respond,q10270,sprint,c,mobile
1560084275895,submit,b7621,sprint,,mobile
1560084306042,enter,b11421,sprint,,mobile
1560084322983,respond,q17184,sprint,d,mobile
1560084335370,submit,b11421,sprint,,mobile
1560084346790,enter,b7271,sprint,,mobile
1560084354473,respond,q9920,sprint,b,mobile
1560084357463,respond,q9920,sprint,d,mobile
1560084368350,submit,b7271,sprint,,mobile
1560084374961,enter,b6890,sprint,,mobile
1560084382039,respond,q9539,sprint,a,mobile
1560084409987,submit,b6890,sprint,,mobile
1560155417622,enter,b5846,sprint,,mobile
1560155426674,respond,q8495,sprint,d,mobile
1560155430304,submit,b5846,sprint,,mobile
1560155438623,enter,b7667,sprint,,mobile
1560155442922,respond,q10316,sprint,a,mobile
1560155451581,submit,b7667,sprint,,mobile
1560155456738,enter,b11372,sprint,,mobile
1560155460256,respond,q17135,sprint,c,mobile
1560155464670,submit,b11372,sprint,,mobile
1560155470182,enter,b5844,sprint,,mobile
1560155485774,respond,q8493,sprint,a,mobile
1560155493226,submit,b5844,sprint,,mobile
1560155504879,enter,b5868,sprint,,mobile
1560155516633,respond,q8517,sprint,d,mobile
1560155537858,respond,q8517,sprint,c,mobile
1560155541732,submit,b5868,sprint,,mobile
1560155551410,enter,b6282,sprint,,mobile
1560155562572,respond,q8931,sprint,d,mobile
1560155565741,submit,b6282,sprint,,mobile
1560155570521,enter,b7192,sprint,,mobile
1560155580253,respond,q9841,sprint,c,mobile
1560155581606,respond,q9841,sprint,a,mobile
1560155591881,submit,b7192,sprint,,mobile
1560156460562,enter,b6416,sprint,,mobile
1560156467395,respond,q9065,sprint,c,mobile
1560156474441,submit,b6416,sprint,,mobile
1560162684245,enter,b11353,sprint,,mobile
1560162694548,respond,q17116,sprint,d,mobile
1560162699218,submit,b11353,sprint,,mobile
1560162717205,enter,b7305,sprint,,mobile
1560162728224,respond,q9954,sprint,c,mobile
1560162731589,respond,q9954,sprint,d,mobile
1560162734579,submit,b7305,sprint,,mobile
1560222118562,enter,b7093,sprint,,mobile
1560222125939,respond,q9742,sprint,d,mobile
1560222135397,respond,q9742,sprint,b,mobile
1560222148202,submit,b7093,sprint,,mobile
1560222154537,enter,b6765,sprint,,mobile
1560222164354,respond,q9414,sprint,c,mobile
1560222174816,submit,b6765,sprint,,mobile
1560222239369,enter,b6886,sprint,,mobile
1560222250614,respond,q9535,sprint,a,mobile
1560222269801,submit,b6886,sprint,,mobile
1560222302719,enter,b4344,sprint,,mobile
1560222313868,respond,q5812,sprint,a,mobile
1560222321483,submit,b4344,sprint,,mobile
1560222326813,enter,b6356,sprint,,mobile
1560222337163,respond,q9005,sprint,c,mobile
1560222345010,submit,b6356,sprint,,mobile
1560222411151,enter,b11473,sprint,,mobile
1560222439449,respond,q17236,sprint,a,mobile
1560222448338,submit,b11473,sprint,,mobile
1560222483767,enter,b6770,sprint,,mobile
1560222489092,respond,q9419,sprint,b,mobile
1560222497810,submit,b6770,sprint,,mobile
1560224679433,enter,b7292,sprint,,mobile
1560224692168,respond,q9941,sprint,b,mobile
1560224704728,submit,b7292,sprint,,mobile
1560224721753,enter,b6534,sprint,,mobile
1560224747662,respond,q9183,sprint,a,mobile
1560224751633,respond,q9183,sprint,c,mobile
1560224755311,submit,b6534,sprint,,mobile
1560224767995,enter,b6822,sprint,,mobile
1560224770971,respond,q9471,sprint,b,mobile
1560224775464,submit,b6822,sprint,,mobile
1560299144584,enter,b6088,sprint,,mobile
1560299151682,respond,q8737,sprint,c,mobile
1560299154785,respond,q8737,sprint,d,mobile
1560299161964,respond,q8737,sprint,c,mobile
1560299180443,submit,b6088,sprint,,mobile
1560299198297,enter,b7487,sprint,,mobile
1560299202282,respond,q10136,sprint,a,mobile
1560299212459,respond,q10136,sprint,c,mobile
1560299213987,respond,q10136,sprint,d,mobile
1560299227333,submit,b7487,sprint,,mobile
1560309222016,enter,b11432,sprint,,mobile
1560309232701,respond,q17195,sprint,b,mobile
1560309236272,submit,b11432,sprint,,mobile
1560309466982,enter,b6401,sprint,,mobile
1560309471078,respond,q9050,sprint,a,mobile
1560309475964,submit,b6401,sprint,,mobile
1560309557200,enter,b11369,sprint,,mobile
1560309561620,respond,q17132,sprint,c,mobile
1560309566241,respond,q17132,sprint,d,mobile
1560309577830,respond,q17132,sprint,c,mobile
1560309586568,submit,b11369,sprint,,mobile
1560309758383,enter,b6135,sprint,,mobile
1560309777789,respond,q8784,sprint,a,mobile
1560309781049,submit,b6135,sprint,,mobile
1560309814546,enter,b5668,sprint,,mobile
1560309824466,respond,q8197,sprint,a,mobile
1560309829226,submit,b5668,sprint,,mobile
1560309838548,enter,b6391,sprint,,mobile
1560309844456,respond,q9040,sprint,a,mobile
1560309845145,respond,q9040,sprint,b,mobile
1560309856914,respond,q9040,sprint,a,mobile
1560309860520,respond,q9040,sprint,b,mobile
1560309872104,submit,b6391,sprint,,mobile
1560309922723,enter,b6685,sprint,,mobile
1560309932410,respond,q9334,sprint,d,mobile
1560309943277,submit,b6685,sprint,,mobile
1560310061638,enter,b11583,sprint,,mobile
1560310074555,respond,q17346,sprint,b,mobile
1560310086481,submit,b11583,sprint,,mobile
1560379216574,enter,b6158,sprint,,mobile
1560379223683,respond,q8807,sprint,d,mobile
1560379239185,submit,b6158,sprint,,mobile
1560384457350,enter,b6218,sprint,,mobile
1560384473736,respond,q8867,sprint,d,mobile
1560384478086,submit,b6218,sprint,,mobile
1560385295883,enter,b6904,sprint,,mobile
1560385310217,respond,q9553,sprint,b,mobile
1560385314293,submit,b6904,sprint,,mobile
1560385327483,enter,b6796,sprint,,mobile
1560385334835,respond,q9445,sprint,b,mobile
1560385338930,submit,b6796,sprint,,mobile
1560385344109,enter,b6123,sprint,,mobile
1560385350088,respond,q8772,sprint,b,mobile
1560385362577,respond,q8772,sprint,c,mobile
1560385367942,submit,b6123,sprint,,mobile
1560385470546,enter,b7352,sprint,,mobile
1560385480844,respond,q10001,sprint,b,mobile
1560385486802,submit,b7352,sprint,,mobile
1560385492622,enter,b7301,sprint,,mobile
1560385513917,respond,q9950,sprint,d,mobile
1560385528697,respond,q9950,sprint,b,mobile
1560385535713,respond,q9950,sprint,a,mobile
1560385543810,submit,b7301,sprint,,mobile
1560385632850,enter,b6165,sprint,,mobile
1560385638655,respond,q8814,sprint,a,mobile
1560385646219,submit,b6165,sprint,,mobile
1560385691299,enter,b6472,sprint,,mobile
1560385729969,respond,q9121,sprint,d,mobile
1560385739459,respond,q9121,sprint,b,mobile
1560385742066,respond,q9121,sprint,c,mobile
1560385747663,submit,b6472,sprint,,mobile
1560385785886,enter,b6182,sprint,,mobile
1560385796201,respond,q8831,sprint,a,mobile
1560385831344,submit,b6182,sprint,,mobile
1560478483370,enter,b11607,sprint,,mobile
1560478491081,respond,q17370,sprint,a,mobile
1560478499994,submit,b11607,sprint,,mobile
1560478510253,enter,b6274,sprint,,mobile
1560478527606,respond,q8923,sprint,b,mobile
1560478533764,submit,b6274,sprint,,mobile
1560478547877,enter,b5876,sprint,,mobile
1560478573733,respond,q8525,sprint,a,mobile
1560478580078,submit,b5876,sprint,,mobile
1560478603397,enter,b7649,sprint,,mobile
1560478614294,respond,q10298,sprint,b,mobile
1560478617295,submit,b7649,sprint,,mobile
1560478622271,enter,b7674,sprint,,mobile
1560478632316,respond,q10323,sprint,b,mobile
1560478644326,submit,b7674,sprint,,mobile
1560478650458,enter,b5928,sprint,,mobile
1560478659760,respond,q8577,sprint,c,mobile
1560478663402,submit,b5928,sprint,,mobile
1560478674449,enter,b6887,sprint,,mobile
1560478690370,respond,q9536,sprint,a,mobile
1560478715167,submit,b6887,sprint,,mobile
1560478738238,enter,b7672,sprint,,mobile
1560478750872,respond,q10321,sprint,b,mobile
1560478757081,submit,b7672,sprint,,mobile
1560478765119,enter,b11317,sprint,,mobile
1560478773816,respond,q17080,sprint,b,mobile
1560478779796,submit,b11317,sprint,,mobile
1560478787202,enter,b2800,sprint,,mobile
1560478797501,respond,q4268,sprint,d,mobile
1560478801053,submit,b2800,sprint,,mobile
1560690965342,enter,b1712,sprint,,mobile
1560691041784,respond,q2334,sprint,c,mobile
1560691045922,submit,b1712,sprint,,mobile
1560691052567,enter,b1516,sprint,,mobile
1560691128631,respond,q1746,sprint,b,mobile
1560691133736,submit,b1516,sprint,,mobile
1560691157734,enter,b1791,sprint,,mobile
1560691222979,respond,q2571,sprint,c,mobile
1560691233125,respond,q2571,sprint,c,mobile
1560691239316,submit,b1791,sprint,,mobile
1560691264235,enter,b1481,sprint,,mobile
1560691335057,respond,q1641,sprint,c,mobile
1560691339724,submit,b1481,sprint,,mobile
1560691360143,enter,b1573,sprint,,mobile
1560691439706,respond,q1917,sprint,c,mobile
1560691448771,submit,b1573,sprint,,mobile
1560691499533,enter,b1730,sprint,,mobile
1560691576114,respond,q2388,sprint,c,mobile
1560691586152,submit,b1730,sprint,,mobile
1560691621544,enter,b1741,sprint,,mobile
1560691679768,respond,q2421,sprint,a,mobile
1560691686841,submit,b1741,sprint,,mobile
1560691841610,enter,b1630,sprint,,mobile
1560691910976,respond,q2088,sprint,d,mobile
1560691917044,submit,b1630,sprint,,mobile
1560691924341,enter,b1665,sprint,,mobile
1560692004053,respond,q2193,sprint,a,mobile
1560692009247,submit,b1665,sprint,,mobile
1560692067604,enter,b1530,sprint,,mobile
1560692138676,respond,q1788,sprint,c,mobile
1560692147278,submit,b1530,sprint,,mobile
1560692184547,enter,b1822,sprint,,mobile
1560692257662,respond,q2664,sprint,b,mobile
1560692262432,submit,b1822,sprint,,mobile
1560692328214,enter,b2048,sprint,,mobile
1560692408887,respond,q3342,sprint,c,mobile
1560692410541,respond,q3342,sprint,c,mobile
1560692411040,respond,q3342,sprint,c,mobile
1560692417943,submit,b2048,sprint,,mobile
1560692477613,enter,b2011,sprint,,mobile
1560692563823,respond,q3231,sprint,c,mobile
1560692569427,submit,b2011,sprint,,mobile
1560692615084,enter,b1942,sprint,,mobile
1560692676207,respond,q3024,sprint,a,mobile
1560692680256,submit,b1942,sprint,,mobile
1560692745268,enter,b1807,sprint,,mobile
1560692817258,respond,q2619,sprint,c,mobile
1560692823457,submit,b1807,sprint,,mobile
1560692874950,enter,b1807,sprint,,mobile
1560692915212,submit,b1807,sprint,,mobile
1560692915256,enter,b1827,sprint,,mobile
1560692981296,respond,q2679,sprint,b,mobile
1560692990802,respond,q2679,sprint,a,mobile
1560692997365,submit,b1827,sprint,,mobile
1560693031385,enter,b2071,sprint,,mobile
1560693099491,respond,q3411,sprint,c,mobile
1560693104418,submit,b2071,sprint,,mobile
1560693151595,enter,b2132,sprint,,mobile
1560693220617,respond,q3594,sprint,a,mobile
1560693233243,submit,b2132,sprint,,mobile
1560693273211,enter,b2132,sprint,,mobile
1560693295815,submit,b2132,sprint,,mobile
1560693295861,enter,b1903,sprint,,mobile
1560693364666,respond,q2907,sprint,d,mobile
1560693374728,submit,b1903,sprint,,mobile
1560693402832,enter,b2045,sprint,,mobile
1560693478279,respond,q3333,sprint,c,mobile
1560693483426,submit,b2045,sprint,,mobile
1560693622354,enter,b5181,sprint,,mobile
1560693719223,respond,q6819,sprint,a,mobile
1560693724653,submit,b5181,sprint,,mobile
1560693768564,enter,b7951,sprint,,mobile
1560693836198,respond,q10751,sprint,d,mobile
1560693841924,submit,b7951,sprint,,mobile
1560693849205,enter,b5177,sprint,,mobile
1560693938844,respond,q6804,sprint,c,mobile
1560693941327,respond,q6803,sprint,a,mobile
1560693941655,respond,q6802,sprint,c,mobile
1560693942034,respond,q6801,sprint,b,mobile
1560693943527,respond,q6801,sprint,c,mobile
1560693944354,respond,q6802,sprint,c,mobile
1560693958644,respond,q6802,sprint,b,mobile
1560693967266,submit,b5177,sprint,,mobile
1560693974794,enter,b5214,sprint,,mobile
1560694038757,respond,q6952,sprint,b,mobile
1560694072520,submit,b5214,sprint,,mobile
1560694099446,enter,b5218,sprint,,mobile
1560694223383,respond,q6968,sprint,d,mobile
1560694231891,respond,q6968,sprint,a,mobile
1560694238914,submit,b5218,sprint,,mobile
1560694290273,enter,b5422,sprint,,mobile
1560694440613,respond,q7702,sprint,b,mobile
1560694445532,submit,b5422,sprint,,mobile
1560749473363,enter,b5343,sprint,,mobile
1560749698058,respond,q7425,sprint,d,mobile
1560749704252,submit,b5343,sprint,,mobile
1560777559413,enter,b11453,sprint,,mobile
1560777562512,respond,q17216,sprint,b,mobile
1560777579110,submit,b11453,sprint,,mobile
1560777598514,enter,b6905,sprint,,mobile
1560777610180,respond,q9554,sprint,b,mobile
1560777623710,respond,q9554,sprint,c,mobile
1560777631241,submit,b6905,sprint,,mobile
1560777638768,enter,b6261,sprint,,mobile
1560777647864,respond,q8910,sprint,a,mobile
1560777657867,submit,b6261,sprint,,mobile
1560777675527,enter,b7143,sprint,,mobile
1560777691396,respond,q9792,sprint,a,mobile
1560777709467,submit,b7143,sprint,,mobile
1560777721979,enter,b6431,sprint,,mobile
1560777725140,respond,q9080,sprint,c,mobile
1560777732802,submit,b6431,sprint,,mobile
1560777738509,enter,b6794,sprint,,mobile
1560777745044,respond,q9443,sprint,b,mobile
1560777753077,respond,q9443,sprint,a,mobile
1560777762102,submit,b6794,sprint,,mobile
1560777768387,enter,b6148,sprint,,mobile
1560777785737,respond,q8797,sprint,b,mobile
1560777790662,submit,b6148,sprint,,mobile
1560777806898,enter,b5733,sprint,,mobile
1560777839505,respond,q8382,sprint,a,mobile
1560777850061,submit,b5733,sprint,,mobile
1560777915851,enter,b11364,sprint,,mobile
1560777935039,respond,q17127,sprint,d,mobile
1560777952154,respond,q17127,sprint,c,mobile
1560777956213,respond,q17127,sprint,d,mobile
1560777960140,submit,b11364,sprint,,mobile
1560777966320,enter,b7208,sprint,,mobile
1560777983191,respond,q9857,sprint,d,mobile
1560778002736,submit,b7208,sprint,,mobile
1560821852061,enter,b11445,sprint,,mobile
1560821860975,respond,q17208,sprint,b,mobile
1560821876460,submit,b11445,sprint,,mobile
1560821885805,enter,b4824,sprint,,mobile
1560821895687,respond,q6292,sprint,d,mobile
1560821898415,submit,b4824,sprint,,mobile
1560827945397,enter,b7354,sprint,,mobile
1560827960381,respond,q10003,sprint,a,mobile
1560827963512,submit,b7354,sprint,,mobile
1560827980647,enter,b2472,sprint,,mobile
1560827988635,respond,q3940,sprint,a,mobile
1560827995213,submit,b2472,sprint,,mobile
1560828005924,enter,b6507,sprint,,mobile
1560828038346,respond,q9156,sprint,c,mobile
1560828041918,submit,b6507,sprint,,mobile
1560828276476,enter,b7336,sprint,,mobile
1560828289319,respond,q9985,sprint,d,mobile
1560828300739,submit,b7336,sprint,,mobile
1560828341139,enter,b6150,sprint,,mobile
1560828351757,respond,q8799,sprint,b,mobile
1560828356689,submit,b6150,sprint,,mobile
1560828361160,enter,b7130,sprint,,mobile
1560828364739,respond,q9779,sprint,a,mobile
1560828369160,submit,b7130,sprint,,mobile
1560828374958,enter,b11573,sprint,,mobile
1560828395138,respond,q17336,sprint,d,mobile
1560828404990,submit,b11573,sprint,,mobile
1560828431564,enter,b6389,sprint,,mobile
1560828444478,respond,q9038,sprint,c,mobile
1560828454344,respond,q9038,sprint,b,mobile
1560828467786,submit,b6389,sprint,,mobile
1561088793291,enter,b7156,sprint,,mobile
1561088805530,respond,q9805,sprint,d,mobile
1561088816141,submit,b7156,sprint,,mobile
1561088823680,enter,b6375,sprint,,mobile
1561088831911,respond,q9024,sprint,d,mobile
1561088841252,submit,b6375,sprint,,mobile
1561088850566,enter,b7493,sprint,,mobile
1561088861979,respond,q10142,sprint,d,mobile
1561088863748,respond,q10142,sprint,b,mobile
1561088868695,submit,b7493,sprint,,mobile
1561088882250,enter,b6853,sprint,,mobile
1561088903759,respond,q9502,sprint,b,mobile
1561088907365,respond,q9502,sprint,a,mobile
1561088920916,submit,b6853,sprint,,mobile
1561088936867,enter,b11582,sprint,,mobile
1561088948159,respond,q17345,sprint,c,mobile
1561088960806,submit,b11582,sprint,,mobile
1561089034819,enter,b7027,sprint,,mobile
1561089049248,respond,q9676,sprint,c,mobile
1561089055410,submit,b7027,sprint,,mobile
1561089060895,enter,b7643,sprint,,mobile
1561089067654,respond,q10292,sprint,a,mobile
1561089073334,submit,b7643,sprint,,mobile
1561089078135,enter,b11491,sprint,,mobile
1561089090157,respond,q17254,sprint,c,mobile
1561089101353,submit,b11491,sprint,,mobile
1561089106909,enter,b6396,sprint,,mobile
1561089116855,respond,q9045,sprint,d,mobile
1561089122836,respond,q9045,sprint,c,mobile
1561089123604,respond,q9045,sprint,b,mobile
1561089126528,submit,b6396,sprint,,mobile
1561174183455,enter,b6801,sprint,,mobile
1561174199062,respond,q9450,sprint,d,mobile
1561174212047,submit,b6801,sprint,,mobile
1561422685563,enter,b7513,sprint,,mobile
1561422692335,respond,q10162,sprint,a,mobile
1561422698255,submit,b7513,sprint,,mobile
1561422705964,enter,b7030,sprint,,mobile
1561422723976,respond,q9679,sprint,b,mobile
1561422738480,submit,b7030,sprint,,mobile
1561422743974,enter,b6525,sprint,,mobile
1561422755303,respond,q9174,sprint,c,mobile
1561422766718,respond,q9174,sprint,a,mobile
1561422787518,submit,b6525,sprint,,mobile
1561422831482,enter,b6136,sprint,,mobile
1561422849196,respond,q8785,sprint,c,mobile
1561422858018,submit,b6136,sprint,,mobile
1561422870237,enter,b6542,sprint,,mobile
1561422881710,respond,q9191,sprint,a,mobile
1561422893220,submit,b6542,sprint,,mobile
1561422925883,enter,b7258,sprint,,mobile
1561422937331,respond,q9907,sprint,d,mobile
1561422966416,submit,b7258,sprint,,mobile
1561427413849,enter,b5912,sprint,,mobile
1561427426094,respond,q8561,sprint,d,mobile
1561427440488,submit,b5912,sprint,,mobile
1561427505581,enter,b7445,sprint,,mobile
1561427538876,respond,q10094,sprint,c,mobile
1561427541999,submit,b7445,sprint,,mobile
1561427570718,enter,b11339,sprint,,mobile
1561427582241,respond,q17102,sprint,b,mobile
1561427594128,submit,b11339,sprint,,mobile
1561427600262,enter,b6677,sprint,,mobile
1561427626242,respond,q9326,sprint,a,mobile
1561427640054,submit,b6677,sprint,,mobile
1561437358705,enter,b7637,sprint,,mobile
1561437372783,respond,q10286,sprint,c,mobile
1561437381613,submit,b7637,sprint,,mobile
1561438496963,enter,b7154,sprint,,mobile
1561438512480,respond,q9803,sprint,c,mobile
1561438528576,submit,b7154,sprint,,mobile
1561438610517,enter,b11400,sprint,,mobile
1561438616614,respond,q17163,sprint,d,mobile
1561438621311,submit,b11400,sprint,,mobile
1561438628413,enter,b7411,sprint,,mobile
1561438641273,respond,q10060,sprint,d,mobile
1561438655641,respond,q10060,sprint,b,mobile
1561438659857,submit,b7411,sprint,,mobile
1561438679960,enter,b7115,sprint,,mobile
1561438691508,respond,q9764,sprint,c,mobile
1561438694267,submit,b7115,sprint,,mobile
1561438700770,enter,b5911,sprint,,mobile
1561438712890,respond,q8560,sprint,d,mobile
1561438717346,submit,b5911,sprint,,mobile
1561438723170,enter,b6465,sprint,,mobile
1561438738274,respond,q9114,sprint,b,mobile
1561438744345,submit,b6465,sprint,,mobile
1561438750056,enter,b6676,sprint,,mobile
1561438753717,respond,q9325,sprint,b,mobile
1561438758626,submit,b6676,sprint,,mobile
1561438768606,enter,b6758,sprint,,mobile
1561438778892,respond,q9407,sprint,b,mobile
1561438785822,submit,b6758,sprint,,mobile
1561438792682,enter,b11518,sprint,,mobile
1561438799358,respond,q17281,sprint,d,mobile
1561438803498,submit,b11518,sprint,,mobile
1561509500021,enter,b6317,sprint,,mobile
1561509513762,respond,q8966,sprint,b,mobile
1561509516133,respond,q8966,sprint,d,mobile
1561509524469,submit,b6317,sprint,,mobile
1561509531942,enter,b7321,sprint,,mobile
1561509537850,respond,q9970,sprint,c,mobile
1561509547121,respond,q9970,sprint,b,mobile
1561509555106,respond,q9970,sprint,d,mobile
1561509564040,submit,b7321,sprint,,mobile
1561509570852,enter,b7081,sprint,,mobile
1561509576241,respond,q9730,sprint,a,mobile
1561509582523,respond,q9730,sprint,b,mobile
1561509598877,respond,q9730,sprint,a,mobile
1561509602602,submit,b7081,sprint,,mobile
1561515198935,enter,b6065,sprint,,mobile
1561515211500,respond,q8714,sprint,d,mobile
1561515216605,submit,b6065,sprint,,mobile
1561515224983,enter,b11393,sprint,,mobile
1561515230543,respond,q17156,sprint,d,mobile
1561515238148,submit,b11393,sprint,,mobile
1561515244319,enter,b7441,sprint,,mobile
1561515247567,respond,q10090,sprint,a,mobile
1561515252514,submit,b7441,sprint,,mobile
1561515257920,enter,b6554,sprint,,mobile
1561515265460,respond,q9203,sprint,c,mobile
1561515270665,submit,b6554,sprint,,mobile
1561515281996,enter,b6178,sprint,,mobile
1561515287997,respond,q8827,sprint,b,mobile
1561515292100,submit,b6178,sprint,,mobile
1561515353234,enter,b7435,sprint,,mobile
1561515367293,respond,q10084,sprint,b,mobile
1561515373670,submit,b7435,sprint,,mobile
1561515384283,enter,b7097,sprint,,mobile
1561515394893,respond,q9746,sprint,d,mobile
1561515400122,submit,b7097,sprint,,mobile
1561594172805,enter,b11295,sprint,,mobile
1561594183515,respond,q17058,sprint,c,mobile
1561594194391,submit,b11295,sprint,,mobile
1561594200158,enter,b7341,sprint,,mobile
1561594208900,respond,q9990,sprint,b,mobile
1561594213226,submit,b7341,sprint,,mobile
1561594265993,enter,b7330,sprint,,mobile
1561594275407,respond,q9979,sprint,b,mobile
1561594279073,submit,b7330,sprint,,mobile
1561594286610,enter,b6504,sprint,,mobile
1561594304977,respond,q9153,sprint,a,mobile
1561594311988,respond,q9153,sprint,b,mobile
1561594317349,submit,b6504,sprint,,mobile
1561594384513,enter,b6773,sprint,,mobile
1561594395246,respond,q9422,sprint,c,mobile
1561594410336,respond,q9422,sprint,a,mobile
1561594417008,submit,b6773,sprint,,mobile
1561594436597,enter,b7448,sprint,,mobile
1561594442664,respond,q10097,sprint,a,mobile
1561594444735,respond,q10097,sprint,c,mobile
1561594448040,submit,b7448,sprint,,mobile
1561594453616,enter,b11356,sprint,,mobile
1561594459835,respond,q17119,sprint,a,mobile
1561594470782,respond,q17119,sprint,d,mobile
1561594475895,submit,b11356,sprint,,mobile
1561594534255,enter,b11332,sprint,,mobile
1561594541209,respond,q17095,sprint,b,mobile
1561594548358,submit,b11332,sprint,,mobile
1561594559372,enter,b6527,sprint,,mobile
1561594570841,respond,q9176,sprint,a,mobile
1561594573801,submit,b6527,sprint,,mobile
1561594585881,enter,b6394,sprint,,mobile
1561594597809,respond,q9043,sprint,b,mobile
1561594600347,respond,q9043,sprint,d,mobile
1561594604254,respond,q9043,sprint,b,mobile
1561594615055,submit,b6394,sprint,,mobile
1561768705698,enter,b6220,sprint,,mobile
1561768712543,respond,q8869,sprint,a,mobile
1561768724119,submit,b6220,sprint,,mobile
1561768745471,enter,b6698,sprint,,mobile
1561768757838,respond,q9347,sprint,d,mobile
1561768766404,submit,b6698,sprint,,mobile
1561768795557,enter,b7251,sprint,,mobile
1561768807207,respond,q9900,sprint,c,mobile
1561768829272,submit,b7251,sprint,,mobile
1561768846967,enter,b11532,sprint,,mobile
1561768852064,respond,q17295,sprint,a,mobile
1561768855263,submit,b11532,sprint,,mobile
1561768861296,enter,b7077,sprint,,mobile
1561768874022,respond,q9726,sprint,d,mobile
1561768879336,submit,b7077,sprint,,mobile
1561768884847,enter,b7196,sprint,,mobile
1561768897824,respond,q9845,sprint,a,mobile
1561768901052,submit,b7196,sprint,,mobile
1561768906393,enter,b6260,sprint,,mobile
1561768915904,respond,q8909,sprint,a,mobile
1561768928352,respond,q8909,sprint,b,mobile
1561768937301,submit,b6260,sprint,,mobile
1561768951694,enter,b6863,sprint,,mobile
1561768960844,respond,q9512,sprint,c,mobile
1561768961637,respond,q9512,sprint,d,mobile
1561768971607,respond,q9512,sprint,c,mobile
1561768977325,submit,b6863,sprint,,mobile
1561769040514,enter,b6772,sprint,,mobile
1561769068123,respond,q9421,sprint,a,mobile
1561769073884,submit,b6772,sprint,,mobile
1561769080585,enter,b5880,sprint,,mobile
1561769099950,respond,q8529,sprint,d,mobile
1561769116211,submit,b5880,sprint,,mobile
1561769158776,enter,b666,sprint,,mobile
1561769176815,respond,q666,sprint,b,mobile
1561769180155,submit,b666,sprint,,mobile
1561769228085,enter,b280,sprint,,mobile
1561769237097,respond,q280,sprint,a,mobile
1561769251912,submit,b280,sprint,,mobile
1561769255927,enter,b280,sprint,,mobile
1561769257563,respond,q280,sprint,a,mobile
1561769262210,submit,b280,sprint,,mobile
1561769289779,enter,b1390,sprint,,mobile
1561769299708,respond,q1390,sprint,a,mobile
1561769303473,submit,b1390,sprint,,mobile
1561769333948,enter,b330,sprint,,mobile
1561769352938,respond,q330,sprint,c,mobile
1561769355836,submit,b330,sprint,,mobile
1561769362117,enter,b271,sprint,,mobile
1561769379088,respond,q271,sprint,b,mobile
1561769383759,submit,b271,sprint,,mobile
1561769400842,enter,b938,sprint,,mobile
1561769409778,respond,q938,sprint,a,mobile
1561769413043,submit,b938,sprint,,mobile
1561769417734,enter,b924,sprint,,mobile
1561769432860,respond,q924,sprint,b,mobile
1561769436391,submit,b924,sprint,,mobile
1561769442186,enter,b554,sprint,,mobile
1561769459532,respond,q554,sprint,c,mobile
1561769466389,submit,b554,sprint,,mobile
1561769486792,enter,b507,sprint,,mobile
1561769502454,respond,q507,sprint,c,mobile
1561769505718,submit,b507,sprint,,mobile
1561769511829,enter,b561,sprint,,mobile
1561769529792,respond,q561,sprint,b,mobile
1561769534577,submit,b561,sprint,,mobile
1561769575810,enter,b774,adaptive_offer,,mobile
1561769592773,respond,q774,adaptive_offer,a,mobile
1561769595432,submit,b774,adaptive_offer,,mobile
1561769599333,enter,b280,adaptive_offer,,mobile
1561769606086,respond,q280,adaptive_offer,b,mobile
1561769619674,submit,b280,adaptive_offer,,mobile
1561891639330,enter,b6714,sprint,,mobile
1561891650335,respond,q9363,sprint,d,mobile
1561891660275,submit,b6714,sprint,,mobile
1561891676579,enter,b7065,sprint,,mobile
1561891687234,respond,q9714,sprint,d,mobile
1561891698974,submit,b7065,sprint,,mobile
1561891773582,enter,b6369,sprint,,mobile
1561891784088,respond,q9018,sprint,c,mobile
1561891794306,submit,b6369,sprint,,mobile
1561891800478,enter,b11649,sprint,,mobile
1561891809597,respond,q17419,sprint,c,mobile
1561891814275,respond,q17419,sprint,d,mobile
1561891826740,submit,b11649,sprint,,mobile
1561891837580,enter,b11380,sprint,,mobile
1561891851717,respond,q17143,sprint,c,mobile
1561891855381,submit,b11380,sprint,,mobile
1561891868096,enter,b7617,sprint,,mobile
1561891872868,respond,q10266,sprint,a,mobile
1561891909475,respond,q10266,sprint,b,mobile
1561891913318,submit,b7617,sprint,,mobile
1561891935870,enter,b4334,sprint,,mobile
1561891942652,respond,q5802,sprint,b,mobile
1561891955263,submit,b4334,sprint,,mobile
1561891972373,enter,b7600,sprint,,mobile
1561891977599,respond,q10249,sprint,c,mobile
1561891985657,submit,b7600,sprint,,mobile
1561891992108,enter,b5908,sprint,,mobile
1561892009810,respond,q8557,sprint,d,mobile
1561892019774,submit,b5908,sprint,,mobile
1561892059520,enter,b11544,sprint,,mobile
1561892070066,respond,q17307,sprint,d,mobile
1561892077022,submit,b11544,sprint,,mobile
1561892116637,enter,b1297,sprint,,mobile
1561892131702,respond,q1297,sprint,b,mobile
1561892136681,submit,b1297,sprint,,mobile
1561892141586,enter,b372,sprint,,mobile
1561892153430,respond,q372,sprint,c,mobile
1561892157183,submit,b372,sprint,,mobile
1561892162930,enter,b732,sprint,,mobile
1561892182548,respond,q732,sprint,c,mobile
1561892185762,submit,b732,sprint,,mobile
1561892214965,enter,b1289,sprint,,mobile
1561892227703,respond,q1289,sprint,c,mobile
1561892232241,submit,b1289,sprint,,mobile
1561892238822,enter,b878,sprint,,mobile
1561892253832,respond,q878,sprint,b,mobile
1561892258731,submit,b878,sprint,,mobile
1561892268111,enter,b1195,sprint,,mobile
1561892284973,respond,q1195,sprint,c,mobile
1561892289168,submit,b1195,sprint,,mobile
1561892295447,enter,b423,sprint,,mobile
1561892312101,respond,q423,sprint,b,mobile
1561892316356,submit,b423,sprint,,mobile
1561892346230,enter,b484,sprint,,mobile
1561892360952,respond,q484,sprint,c,mobile
1561892365927,submit,b484,sprint,,mobile
1561892371131,enter,b796,sprint,,mobile
1561892386294,respond,q796,sprint,c,mobile
1561892393163,submit,b796,sprint,,mobile
1561892422329,enter,b596,sprint,,mobile
1561892434936,respond,q596,sprint,a,mobile
1561892438886,respond,q596,sprint,c,mobile
1561892443087,submit,b596,sprint,,mobile
1561942423828,enter,b7104,sprint,,mobile
1561942433049,respond,q9753,sprint,c,mobile
1561942438893,submit,b7104,sprint,,mobile
1561942464849,enter,b6063,sprint,,mobile
1561942472205,respond,q8712,sprint,a,mobile
1561942481788,respond,q8712,sprint,b,mobile
1561942488207,submit,b6063,sprint,,mobile
1561942504963,enter,b5727,sprint,,mobile
1561942511682,respond,q8376,sprint,b,mobile
1561942526541,submit,b5727,sprint,,mobile
1561942547607,enter,b5941,sprint,,mobile
1561942553762,respond,q8590,sprint,a,mobile
1561942564171,submit,b5941,sprint,,mobile
1561942570957,enter,b5743,sprint,,mobile
1561942590355,respond,q8392,sprint,c,mobile
1561942598990,submit,b5743,sprint,,mobile
1561942666737,enter,b5948,sprint,,mobile
1561942677323,respond,q8597,sprint,b,mobile
1561942692283,submit,b5948,sprint,,mobile
1561942699166,enter,b5857,sprint,,mobile
1561942746230,respond,q8506,sprint,a,mobile
1561942751263,submit,b5857,sprint,,mobile
1561942768287,enter,b5677,sprint,,mobile
1561942778936,respond,q8206,sprint,c,mobile
1561942783263,submit,b5677,sprint,,mobile
1561942789421,enter,b5672,sprint,,mobile
1561942800252,respond,q8201,sprint,c,mobile
1561942803899,submit,b5672,sprint,,mobile
1561942809563,enter,b6826,sprint,,mobile
1561942819145,respond,q9475,sprint,d,mobile
1561942828604,submit,b6826,sprint,,mobile
1562228064154,enter,b6858,sprint,,mobile
1562228072716,respond,q9507,sprint,a,mobile
1562228076440,submit,b6858,sprint,,mobile
1562228157497,enter,b7050,sprint,,mobile
1562228167006,respond,q9699,sprint,c,mobile
1562228175646,respond,q9699,sprint,a,mobile
1562228180389,submit,b7050,sprint,,mobile
1562228193279,enter,b11426,sprint,,mobile
1562228204861,respond,q17189,sprint,c,mobile
1562228209173,submit,b11426,sprint,,mobile
1562228219205,enter,b11539,sprint,,mobile
1562228239739,respond,q17302,sprint,d,mobile
1562228243719,submit,b11539,sprint,,mobile
1562228258217,enter,b7653,sprint,,mobile
1562228288601,respond,q10302,sprint,b,mobile
1562228293933,submit,b7653,sprint,,mobile
1562228326789,enter,b6400,sprint,,mobile
1562228337964,respond,q9049,sprint,b,mobile
1562228348816,submit,b6400,sprint,,mobile
1562228364611,enter,b11492,sprint,,mobile
1562228372531,respond,q17255,sprint,d,mobile
1562228385741,submit,b11492,sprint,,mobile
1562228403943,enter,b6871,sprint,,mobile
1562228417102,respond,q9520,sprint,b,mobile
1562228427170,respond,q9520,sprint,c,mobile
1562228433966,submit,b6871,sprint,,mobile
1562228460992,enter,b6716,sprint,,mobile
1562228480308,respond,q9365,sprint,a,mobile
1562228483682,submit,b6716,sprint,,mobile
1562228489521,enter,b6879,sprint,,mobile
1562228499229,respond,q9528,sprint,b,mobile
1562228509080,respond,q9528,sprint,c,mobile
1562228515126,respond,q9528,sprint,b,mobile
1562228520932,respond,q9528,sprint,a,mobile
1562228525462,submit,b6879,sprint,,mobile
1562405628642,enter,b6795,sprint,,mobile
1562405633402,respond,q9444,sprint,a,mobile
1562405640053,respond,q9444,sprint,d,mobile
1562405644036,submit,b6795,sprint,,mobile
1562405667838,enter,b6221,sprint,,mobile
1562405678078,respond,q8870,sprint,c,mobile
1562405685876,submit,b6221,sprint,,mobile
1562405697945,enter,b6105,sprint,,mobile
1562405707007,respond,q8754,sprint,c,mobile
1562405714696,submit,b6105,sprint,,mobile
1562405721643,enter,b5884,sprint,,mobile
1562405732957,respond,q8533,sprint,a,mobile
1562405737052,submit,b5884,sprint,,mobile
1562491069475,enter,b11316,sprint,,mobile
1562491080325,respond,q17079,sprint,d,mobile
1562491084013,submit,b11316,sprint,,mobile
1562491090535,enter,b7185,sprint,,mobile
1562491094979,respond,q9834,sprint,a,mobile
1562491100243,submit,b7185,sprint,,mobile
1562491111615,enter,b5947,sprint,,mobile
1562491120009,respond,q8596,sprint,d,mobile
1562491130783,submit,b5947,sprint,,mobile
1562491157241,enter,b7289,sprint,,mobile
1562491178249,respond,q9938,sprint,c,mobile
1562491184830,submit,b7289,sprint,,mobile
1562491190031,enter,b6149,sprint,,mobile
1562491206334,respond,q8798,sprint,b,mobile
1562491209076,respond,q8798,sprint,d,mobile
1562491212345,submit,b6149,sprint,,mobile
1562491243542,enter,b11555,sprint,,mobile
1562491249227,respond,q17318,sprint,b,mobile
1562491252762,submit,b11555,sprint,,mobile
1562893412896,enter,b6747,sprint,,mobile
1562893421958,respond,q9396,sprint,b,mobile
1562893428269,submit,b6747,sprint,,mobile
1562894901686,enter,b11546,sprint,,mobile
1562894907504,respond,q17309,sprint,b,mobile
1562894912770,submit,b11546,sprint,,mobile
1562895243816,enter,b6686,sprint,,mobile
1562895248888,respond,q9335,sprint,d,mobile
1562895252034,submit,b6686,sprint,,mobile
1562895278380,enter,b7109,sprint,,mobile
1562895284608,respond,q9758,sprint,d,mobile
1562895288506,submit,b7109,sprint,,mobile
1562895295980,enter,b7195,sprint,,mobile
1562895309608,respond,q9844,sprint,c,mobile
1562895311562,respond,q9844,sprint,d,mobile
1562895315036,submit,b7195,sprint,,mobile
1562895775098,enter,b6141,sprint,,mobile
1562895788955,respond,q8790,sprint,c,mobile
1562895793876,submit,b6141,sprint,,mobile
1562895804627,enter,b6141,sprint,,mobile
1562895812153,respond,q8790,sprint,a,mobile
1562895816456,submit,b6141,sprint,,mobile
1562895917491,enter,b6412,sprint,,mobile
1562895931977,respond,q9061,sprint,c,mobile
1562895938571,submit,b6412,sprint,,mobile
1562895949865,enter,b11645,sprint,,mobile
1562895958072,respond,q17415,sprint,a,mobile
1562895967060,submit,b11645,sprint,,mobile
1562895981847,enter,b11288,sprint,,mobile
1562895994982,respond,q17051,sprint,a,mobile
1562896001124,submit,b11288,sprint,,mobile
1562896007415,enter,b6740,sprint,,mobile
1562896012005,respond,q9389,sprint,c,mobile
1562896015271,submit,b6740,sprint,,mobile
1562985176115,enter,b7164,sprint,,mobile
1562985185210,respond,q9813,sprint,c,mobile
1562985189952,submit,b7164,sprint,,mobile
1562985202779,enter,b11593,sprint,,mobile
1562985209020,respond,q17356,sprint,d,mobile
1562985211500,submit,b11593,sprint,,mobile
1562985220070,enter,b6328,sprint,,mobile
1562985225707,respond,q8977,sprint,c,mobile
1562985233149,submit,b6328,sprint,,mobile
1562985239919,enter,b7648,sprint,,mobile
1562985246333,respond,q10297,sprint,a,mobile
1562985250099,submit,b7648,sprint,,mobile
1562985256353,enter,b7490,sprint,,mobile
1562985272012,respond,q10139,sprint,b,mobile
1562985277052,submit,b7490,sprint,,mobile
1562985290241,enter,b6223,sprint,,mobile
1562985293598,respond,q8872,sprint,a,mobile
1562985298807,submit,b6223,sprint,,mobile
1562985303963,enter,b7634,sprint,,mobile
1562985321326,respond,q10283,sprint,a,mobile
1562985324913,submit,b7634,sprint,,mobile
1562985331883,enter,b6831,sprint,,mobile
1562985346847,respond,q9480,sprint,c,mobile
1562985349892,submit,b6831,sprint,,mobile
1562985355070,enter,b7128,sprint,,mobile
1562985359376,respond,q9777,sprint,b,mobile
1562985364297,submit,b7128,sprint,,mobile
1562985371350,enter,b6759,sprint,,mobile
1562985380268,respond,q9408,sprint,c,mobile
1562985385290,submit,b6759,sprint,,mobile
1563418288977,enter,b6724,sprint,,mobile
1563418292858,respond,q9373,sprint,a,mobile
1563418300269,submit,b6724,sprint,,mobile
1563418330486,enter,b11474,sprint,,mobile
1563418341270,respond,q17237,sprint,b,mobile
1563418358872,submit,b11474,sprint,,mobile
1563418364400,enter,b7675,sprint,,mobile
1563418371814,respond,q10324,sprint,c,mobile
1563418378080,submit,b7675,sprint,,mobile
1563418392849,enter,b11502,sprint,,mobile
1563418419126,respond,q17265,sprint,b,mobile
1563418426350,submit,b11502,sprint,,mobile
1563418448203,enter,b6524,sprint,,mobile
1563418461513,respond,q9173,sprint,c,mobile
1563418477253,submit,b6524,sprint,,mobile
1563418512513,enter,b5858,sprint,,mobile
1563418522447,respond,q8507,sprint,d,mobile
1563418529421,submit,b5858,sprint,,mobile
1563418619959,enter,b11511,sprint,,mobile
1563418632943,respond,q17274,sprint,b,mobile
1563418640093,submit,b11511,sprint,,mobile
1563418652012,enter,b11477,sprint,,mobile
1563418658837,respond,q17240,sprint,a,mobile
1563418668201,submit,b11477,sprint,,mobile
1563418674999,enter,b7359,sprint,,mobile
1563418680326,respond,q10008,sprint,b,mobile
1563418683981,submit,b7359,sprint,,mobile
1563418689446,enter,b7062,sprint,,mobile
1563418699282,respond,q9711,sprint,d,mobile
1563418709959,submit,b7062,sprint,,mobile
1563752919260,enter,b6078,sprint,,mobile
1563752926905,respond,q8727,sprint,a,mobile
1563752937576,submit,b6078,sprint,,mobile
1563752944281,enter,b11584,sprint,,mobile
1563752947605,respond,q17347,sprint,b,mobile
1563752952566,submit,b11584,sprint,,mobile
1563752963913,enter,b5851,sprint,,mobile
1563752984326,respond,q8500,sprint,a,mobile
1563752996173,submit,b5851,sprint,,mobile
1563753012887,enter,b11382,sprint,,mobile
1563753043640,respond,q17145,sprint,c,mobile
1563753049000,submit,b11382,sprint,,mobile
1563753059809,enter,b11304,sprint,,mobile
1563753067459,respond,q17067,sprint,b,mobile
1563753082091,respond,q17067,sprint,d,mobile
1563753091023,submit,b11304,sprint,,mobile
1563753411783,enter,b11737,sprint,,mobile
1563753423077,respond,q17594,sprint,b,mobile
1563753432428,submit,b11737,sprint,,mobile
1563753438398,enter,b7633,sprint,,mobile
1563753445483,respond,q10282,sprint,c,mobile
1563753457221,submit,b7633,sprint,,mobile
1563753463504,enter,b5671,sprint,,mobile
1563753476296,respond,q8200,sprint,a,mobile
1563753479756,submit,b5671,sprint,,mobile
1563753485232,enter,b5723,sprint,,mobile
1563753503790,respond,q8372,sprint,a,mobile
1563753517366,submit,b5723,sprint,,mobile
1563753563326,enter,b7632,sprint,,mobile
1563753586550,respond,q10281,sprint,d,mobile
1563753595934,respond,q10281,sprint,b,mobile
1563753602518,submit,b7632,sprint,,mobile
1563801586322,enter,b1162,sprint,,mobile
1563801605695,respond,q1162,sprint,a,mobile
1563801608833,submit,b1162,sprint,,mobile
1563801618082,enter,b373,sprint,,mobile
1563801630851,respond,q373,sprint,b,mobile
1563801633894,submit,b373,sprint,,mobile
1563801638024,enter,b725,sprint,,mobile
1563801647100,respond,q725,sprint,a,mobile
1563801650403,submit,b725,sprint,,mobile
1563801658120,enter,b218,sprint,,mobile
1563801672882,respond,q218,sprint,b,mobile
1563801677954,submit,b218,sprint,,mobile
1563801697134,enter,b684,sprint,,mobile
1563801705977,respond,q684,sprint,b,mobile
1563801715733,submit,b684,sprint,,mobile
1563801729715,enter,b968,sprint,,mobile
1563801740569,respond,q968,sprint,a,mobile
1563801744363,submit,b968,sprint,,mobile
1563801755355,enter,b921,sprint,,mobile
1563801772236,respond,q921,sprint,b,mobile
1563801775276,submit,b921,sprint,,mobile
1563801782253,enter,b442,sprint,,mobile
1563801798328,respond,q442,sprint,c,mobile
1563801801355,submit,b442,sprint,,mobile
1563801828052,enter,b1251,sprint,,mobile
1563801838048,respond,q1251,sprint,a,mobile
1563801840895,submit,b1251,sprint,,mobile
1563801844389,enter,b1292,sprint,,mobile
1563801862700,respond,q1292,sprint,c,mobile
1563801865702,submit,b1292,sprint,,mobile
1563842833807,enter,b5923,sprint,,mobile
1563842839790,respond,q8572,sprint,a,mobile
1563842844067,submit,b5923,sprint,,mobile
1563842857077,enter,b6520,sprint,,mobile
1563842867327,respond,q9169,sprint,d,mobile
1563842870877,submit,b6520,sprint,,mobile
1563842876018,enter,b5974,sprint,,mobile
1563842888741,respond,q8623,sprint,a,mobile
1563842894245,submit,b5974,sprint,,mobile
1563842904274,enter,b11406,sprint,,mobile
1563842909431,respond,q17169,sprint,a,mobile
1563842911802,respond,q17169,sprint,b,mobile
1563842917686,submit,b11406,sprint,,mobile
1563843225791,enter,b7645,sprint,,mobile
1563843231440,respond,q10294,sprint,b,mobile
1563843238151,respond,q10294,sprint,d,mobile
1563843252312,submit,b7645,sprint,,mobile
1563843258605,enter,b11732,sprint,,mobile
1563843274078,respond,q17589,sprint,b,mobile
1563843278286,submit,b11732,sprint,,mobile
1563843284064,enter,b6678,sprint,,mobile
1563843292633,respond,q9327,sprint,d,mobile
1563843298263,submit,b6678,sprint,,mobile
1563843316481,enter,b6185,sprint,,mobile
1563843323417,respond,q8834,sprint,c,mobile
1563843347768,respond,q8834,sprint,a,mobile
1563843349021,respond,q8834,sprint,b,mobile
1563843351517,respond,q8834,sprint,c,mobile
1563843355927,submit,b6185,sprint,,mobile
1563843498526,enter,b7599,sprint,,mobile
1563843518339,respond,q10248,sprint,a,mobile
1563843521648,submit,b7599,sprint,,mobile
1563843527879,enter,b6064,sprint,,mobile
1563843537813,respond,q8713,sprint,a,mobile
1563843545647,submit,b6064,sprint,,mobile
1563926338065,enter,b11387,sprint,,mobile
1563926346235,respond,q17150,sprint,c,mobile
1563926355060,respond,q17150,sprint,b,mobile
1563926374556,submit,b11387,sprint,,mobile
1563926522087,enter,b11558,sprint,,mobile
1563926528672,respond,q17321,sprint,a,mobile
1563926533852,submit,b11558,sprint,,mobile
1563926623787,enter,b4630,sprint,,mobile
1563926628401,respond,q6098,sprint,b,mobile
1563926654029,submit,b4630,sprint,,mobile
1563926680308,enter,b7555,sprint,,mobile
1563926692075,respond,q10204,sprint,d,mobile
1563926698758,submit,b7555,sprint,,mobile
1563926718373,enter,b7519,sprint,,mobile
1563926758640,respond,q10168,sprint,a,mobile
1563926761599,submit,b7519,sprint,,mobile
1563926766460,enter,b5681,sprint,,mobile
1563926773796,respond,q8210,sprint,b,mobile
1563926775258,respond,q8210,sprint,a,mobile
1563926779702,submit,b5681,sprint,,mobile
1563926786263,enter,b11597,sprint,,mobile
1563926791210,respond,q17360,sprint,d,mobile
1563926794618,submit,b11597,sprint,,mobile
1563926808028,enter,b6687,sprint,,mobile
1563926816300,respond,q9336,sprint,a,mobile
1563926819546,submit,b6687,sprint,,mobile
1563926824601,enter,b6449,sprint,,mobile
1563926832971,respond,q9098,sprint,b,mobile
1563926836795,submit,b6449,sprint,,mobile
1563926842529,enter,b7421,sprint,,mobile
1563926858997,respond,q10070,sprint,a,mobile
1563926867814,submit,b7421,sprint,,mobile
1564024739523,enter,b5888,sprint,,mobile
1564024747934,respond,q8537,sprint,b,mobile
1564024751236,submit,b5888,sprint,,mobile
1564024756385,enter,b5886,sprint,,mobile
1564024760073,respond,q8535,sprint,a,mobile
1564024766588,submit,b5886,sprint,,mobile
1564024772959,enter,b5975,sprint,,mobile
1564024790873,respond,q8624,sprint,c,mobile
1564024800573,submit,b5975,sprint,,mobile
1564024826772,enter,b2486,sprint,,mobile
1564024836213,respond,q3954,sprint,d,mobile
1564024848586,respond,q3954,sprint,c,mobile
1564024849704,respond,q3954,sprint,d,mobile
1564024858789,respond,q3954,sprint,a,mobile
1564024862003,submit,b2486,sprint,,mobile
1564024886903,enter,b5906,sprint,,mobile
1564024898838,respond,q8555,sprint,a,mobile
1564024902478,respond,q8555,sprint,c,mobile
1564024907136,submit,b5906,sprint,,mobile
1564024913404,enter,b11377,sprint,,mobile
1564024920016,respond,q17140,sprint,d,mobile
1564024925657,submit,b11377,sprint,,mobile
1564024931723,enter,b7178,sprint,,mobile
1564024939678,respond,q9827,sprint,c,mobile
1564024949330,submit,b7178,sprint,,mobile
1564024955985,enter,b11550,sprint,,mobile
1564024962168,respond,q17313,sprint,b,mobile
1564024967057,submit,b11550,sprint,,mobile
1564024994416,enter,b6289,sprint,,mobile
1564025004756,respond,q8938,sprint,d,mobile
1564025009407,submit,b6289,sprint,,mobile
1564025014866,enter,b11570,sprint,,mobile
1564025022777,respond,q17333,sprint,c,mobile
1564025026152,submit,b11570,sprint,,mobile
1564127408326,enter,b7247,sprint,,mobile
1564127415417,respond,q9896,sprint,d,mobile
1564127418583,submit,b7247,sprint,,mobile
1564127424102,enter,b7488,sprint,,mobile
1564127431239,respond,q10137,sprint,a,mobile
1564127436866,submit,b7488,sprint,,mobile
1564127450238,enter,b7225,sprint,,mobile
1564127464882,respond,q9874,sprint,c,mobile
1564127466484,respond,q9874,sprint,d,mobile
1564127480304,submit,b7225,sprint,,mobile
1564127569565,enter,b11485,sprint,,mobile
1564127577513,respond,q17248,sprint,c,mobile
1564127581673,submit,b11485,sprint,,mobile
1564127586659,enter,b6286,sprint,,mobile
1564127592179,respond,q8935,sprint,a,mobile
1564127628651,submit,b6286,sprint,,mobile
1564127635024,enter,b7661,sprint,,mobile
1564127648238,respond,q10310,sprint,b,mobile
1564127652702,submit,b7661,sprint,,mobile
1564127658508,enter,b7193,sprint,,mobile
1564127668104,respond,q9842,sprint,b,mobile
1564127680317,submit,b7193,sprint,,mobile
1564127686575,enter,b6432,sprint,,mobile
1564127692071,respond,q9081,sprint,a,mobile
1564127695037,submit,b6432,sprint,,mobile
1564127699873,enter,b11348,sprint,,mobile
1564127717394,respond,q17111,sprint,d,mobile
1564127721205,submit,b11348,sprint,,mobile
1564127726748,enter,b5971,sprint,,mobile
1564127733018,respond,q8620,sprint,c,mobile
1564127739502,submit,b5971,sprint,,mobile
1564356900748,enter,b5879,sprint,,mobile
1564356905987,respond,q8528,sprint,a,mobile
1564356909539,submit,b5879,sprint,,mobile
1564356917096,enter,b7270,sprint,,mobile
1564356929049,respond,q9919,sprint,a,mobile
1564356932098,submit,b7270,sprint,,mobile
1564356937115,enter,b6073,sprint,,mobile
1564356950542,respond,q8722,sprint,d,mobile
1564356957037,submit,b6073,sprint,,mobile
1564356962252,enter,b5719,sprint,,mobile
1564356972946,respond,q8368,sprint,b,mobile
1564356975373,respond,q8368,sprint,a,mobile
1564356977828,respond,q8368,sprint,b,mobile
1564357004426,submit,b5719,sprint,,mobile
1564378269467,enter,b7481,sprint,,mobile
1564378276655,respond,q10130,sprint,a,mobile
1564378281518,submit,b7481,sprint,,mobile
1564378286690,enter,b6067,sprint,,mobile
1564378295690,respond,q8716,sprint,d,mobile
1564378303627,submit,b6067,sprint,,mobile
1564378309173,enter,b5942,sprint,,mobile
1564378316680,respond,q8591,sprint,a,mobile
1564378331565,submit,b5942,sprint,,mobile
1564378345641,enter,b6793,sprint,,mobile
1564378362066,respond,q9442,sprint,c,mobile
1564378365373,submit,b6793,sprint,,mobile
1564378371645,enter,b3803,sprint,,mobile
1564378378297,respond,q5271,sprint,b,mobile
1564378383119,submit,b3803,sprint,,mobile
1564378388508,enter,b6382,sprint,,mobile
1564378399688,respond,q9031,sprint,a,mobile
1564378417375,submit,b6382,sprint,,mobile
1564457382172,enter,b2705,sprint,,mobile
1564457393729,respond,q4173,sprint,b,mobile
1564457399004,submit,b2705,sprint,,mobile
1564457407700,enter,b5726,sprint,,mobile
1564457418485,respond,q8375,sprint,c,mobile
1564457421708,submit,b5726,sprint,,mobile
1564457427232,enter,b6726,sprint,,mobile
1564457457583,respond,q9375,sprint,d,mobile
1564457460902,submit,b6726,sprint,,mobile
1564457465979,enter,b6774,sprint,,mobile
1564457472461,respond,q9423,sprint,d,mobile
1564457477427,submit,b6774,sprint,,mobile
1564457496950,enter,b6341,sprint,,mobile
1564457511908,respond,q8990,sprint,a,mobile
1564457520478,respond,q8990,sprint,b,mobile
1564457530340,submit,b6341,sprint,,mobile
1564457546418,enter,b6173,sprint,,mobile
1564457577591,respond,q8822,sprint,a,mobile
1564457594172,submit,b6173,sprint,,mobile
1564457607767,enter,b11572,sprint,,mobile
1564457617388,respond,q17335,sprint,a,mobile
1564457621989,submit,b11572,sprint,,mobile
1564457628788,enter,b11482,sprint,,mobile
1564457649120,respond,q17245,sprint,c,mobile
1564457656674,submit,b11482,sprint,,mobile
1564457666623,enter,b5993,sprint,,mobile
1564457676810,respond,q8642,sprint,a,mobile
1564457680167,respond,q8642,sprint,c,mobile
1564457685410,respond,q8642,sprint,a,mobile
1564457688911,submit,b5993,sprint,,mobile
1564457718760,enter,b6901,sprint,,mobile
1564457726878,respond,q9550,sprint,a,mobile
1564457737432,submit,b6901,sprint,,mobile
1564542716180,enter,b7532,sprint,,mobile
1564542730993,respond,q10181,sprint,b,mobile
1564542736523,submit,b7532,sprint,,mobile
1564542759368,enter,b11328,sprint,,mobile
1564542769687,respond,q17091,sprint,a,mobile
1564542784541,submit,b11328,sprint,,mobile
1564542819747,enter,b11525,sprint,,mobile
1564542831185,respond,q17288,sprint,c,mobile
1564542838050,respond,q17288,sprint,d,mobile
1564542862739,submit,b11525,sprint,,mobile
1564542879130,enter,b6492,sprint,,mobile
1564542889877,respond,q9141,sprint,a,mobile
1564542896509,submit,b6492,sprint,,mobile
1564542902978,enter,b6475,sprint,,mobile
1564542918452,respond,q9124,sprint,d,mobile
1564542922363,submit,b6475,sprint,,mobile
1564542956706,enter,b11729,sprint,,mobile
1564542964964,respond,q17586,sprint,a,mobile
1564542973886,submit,b11729,sprint,,mobile
1564542992176,enter,b11312,sprint,,mobile
1564543011879,respond,q17075,sprint,c,mobile
1564543015482,submit,b11312,sprint,,mobile
1564543022913,enter,b6819,sprint,,mobile
1564543027093,respond,q9468,sprint,a,mobile
1564543040857,submit,b6819,sprint,,mobile
1564543061882,enter,b6404,sprint,,mobile
1564543064502,respond,q9053,sprint,a,mobile
1564543088499,respond,q9053,sprint,d,mobile
1564543091526,submit,b6404,sprint,,mobile
1564543105342,enter,b11606,sprint,,mobile
1564543110114,respond,q17369,sprint,b,mobile
1564543114468,submit,b11606,sprint,,mobile
1564628170173,enter,b7296,sprint,,mobile
1564628176399,respond,q9945,sprint,c,mobile
1564628179917,submit,b7296,sprint,,mobile
1564628190855,enter,b7431,sprint,,mobile
1564628205077,respond,q10080,sprint,b,mobile
1564628211960,respond,q10080,sprint,a,mobile
1564628215139,submit,b7431,sprint,,mobile
1564628229940,enter,b11287,sprint,,mobile
1564628234365,respond,q17050,sprint,c,mobile
1564628236772,submit,b11287,sprint,,mobile
1564628241760,enter,b11306,sprint,,mobile
1564628247063,respond,q17069,sprint,c,mobile
1564628256969,respond,q17069,sprint,a,mobile
1564628265697,submit,b11306,sprint,,mobile
1564628285345,enter,b11735,sprint,,mobile
1564628297488,respond,q17592,sprint,c,mobile
1564628304609,submit,b11735,sprint,,mobile
1564628309230,enter,b11494,sprint,,mobile
1564628315366,respond,q17257,sprint,a,mobile
1564628320137,submit,b11494,sprint,,mobile
1564628328369,enter,b6304,sprint,,mobile
1564628334196,respond,q8953,sprint,c,mobile
1564628337881,submit,b6304,sprint,,mobile
1564628362704,enter,b11501,sprint,,mobile
1564628374325,respond,q17264,sprint,a,mobile
1564628387372,respond,q17264,sprint,c,mobile
1564628391610,submit,b11501,sprint,,mobile
1564628400002,enter,b6167,sprint,,mobile
1564628406688,respond,q8816,sprint,d,mobile
1564628411248,respond,q8816,sprint,c,mobile
1564628420837,respond,q8816,sprint,d,mobile
1564628437158,respond,q8816,sprint,c,mobile
1564628439924,submit,b6167,sprint,,mobile
1564628463031,enter,b6277,sprint,,mobile
1564628481952,respond,q8926,sprint,c,mobile
1564628486428,respond,q8926,sprint,b,mobile
1564628495831,respond,q8926,sprint,c,mobile
1564628504192,submit,b6277,sprint,,mobile
1565046936590,enter,b7286,sprint,,mobile
1565046946840,respond,q9935,sprint,c,mobile
1565046954135,submit,b7286,sprint,,mobile
1565046959315,enter,b6405,sprint,,mobile
1565046972780,respond,q9054,sprint,a,mobile
1565046975723,respond,q9054,sprint,b,mobile
1565046979070,submit,b6405,sprint,,mobile
1565046992290,enter,b5937,sprint,,mobile
1565046996093,respond,q8586,sprint,c,mobile
1565046999554,submit,b5937,sprint,,mobile
1565047005714,enter,b6320,sprint,,mobile
1565047008709,respond,q8969,sprint,b,mobile
1565047017160,submit,b6320,sprint,,mobile
1565047021861,enter,b7110,sprint,,mobile
1565047026604,respond,q9759,sprint,c,mobile
1565047030625,submit,b7110,sprint,,mobile
1565047036114,enter,b11301,sprint,,mobile
1565047047132,respond,q17064,sprint,c,mobile
1565047057169,submit,b11301,sprint,,mobile
1565047062374,enter,b5740,sprint,,mobile
1565047072910,respond,q8389,sprint,b,mobile
1565047079576,submit,b5740,sprint,,mobile
1565047086067,enter,b6528,sprint,,mobile
1565047095621,respond,q9177,sprint,b,mobile
1565047109556,submit,b6528,sprint,,mobile
1565047144090,enter,b7664,sprint,,mobile
1565047151686,respond,q10313,sprint,c,mobile
1565047155855,submit,b7664,sprint,,mobile
1565047162023,enter,b11571,sprint,,mobile
1565047170408,respond,q17334,sprint,b,mobile
1565047173092,respond,q17334,sprint,c,mobile
1565047178564,submit,b11571,sprint,,mobile
1565147488175,enter,b7082,sprint,,mobile
1565147505634,respond,q9731,sprint,c,mobile
1565147509126,submit,b7082,sprint,,mobile
1565147540545,enter,b6821,sprint,,mobile
1565147547900,respond,q9470,sprint,d,mobile
1565147555200,submit,b6821,sprint,,mobile
1565147560365,enter,b7522,sprint,,mobile
1565147593267,respond,q10171,sprint,d,mobile
1565147600908,submit,b7522,sprint,,mobile
1565147605769,enter,b11357,sprint,,mobile
1565147612445,respond,q17120,sprint,b,mobile
1565147615410,respond,q17120,sprint,d,mobile
1565147618049,respond,q17120,sprint,a,mobile
1565147623410,respond,q17120,sprint,b,mobile
1565147627307,submit,b11357,sprint,,mobile
1565147654760,enter,b11522,sprint,,mobile
1565147673145,respond,q17285,sprint,c,mobile
1565147678514,submit,b11522,sprint,,mobile
1565147689775,enter,b6519,sprint,,mobile
1565147699239,respond,q9168,sprint,a,mobile
1565147701896,submit,b6519,sprint,,mobile
1565147708055,enter,b6169,sprint,,mobile
1565147713598,respond,q8818,sprint,d,mobile
1565147715368,submit,b6169,sprint,,mobile
1565147739401,enter,b7250,sprint,,mobile
1565147750391,respond,q9899,sprint,b,mobile
1565147753326,submit,b7250,sprint,,mobile
1565147757957,enter,b6503,sprint,,mobile
1565147767200,respond,q9152,sprint,b,mobile
1565147771212,submit,b6503,sprint,,mobile
1565147775908,enter,b7446,sprint,,mobile
1565147799628,respond,q10095,sprint,a,mobile
1565147804064,submit,b7446,sprint,,mobile
1565309834645,enter,b6757,sprint,,mobile
1565309840795,respond,q9406,sprint,a,mobile
1565309844340,submit,b6757,sprint,,mobile
1565309849194,enter,b7138,sprint,,mobile
1565309852441,respond,q9787,sprint,a,mobile
1565309869444,submit,b7138,sprint,,mobile
1565309874778,enter,b11561,sprint,,mobile
1565309879899,respond,q17324,sprint,d,mobile
1565309886882,submit,b11561,sprint,,mobile
1565309891566,enter,b6818,sprint,,mobile
1565309896132,respond,q9467,sprint,a,mobile
1565309901603,submit,b6818,sprint,,mobile
1565309905832,enter,b6374,sprint,,mobile
1565309913301,respond,q9023,sprint,d,mobile
1565309920934,submit,b6374,sprint,,mobile
1565309936723,enter,b11556,sprint,,mobile
1565309948173,respond,q17319,sprint,c,mobile
1565309955037,submit,b11556,sprint,,mobile
1565310690011,enter,b11636,sprint,,mobile
1565310700587,respond,q17399,sprint,d,mobile
1565310707426,submit,b11636,sprint,,mobile
1565310715014,enter,b7153,sprint,,mobile
1565310718001,respond,q9802,sprint,d,mobile
1565310720995,submit,b7153,sprint,,mobile
1565311706237,enter,b7454,sprint,,mobile
1565311713584,respond,q10103,sprint,b,mobile
1565311719317,submit,b7454,sprint,,mobile
1565311730901,enter,b7458,sprint,,mobile
1565311735185,respond,q10107,sprint,a,mobile
1565311751294,submit,b7458,sprint,,mobile
1565407140314,enter,b6310,sprint,,mobile
1565407151429,respond,q8959,sprint,d,mobile
1565407160401,submit,b6310,sprint,,mobile
1565407170721,enter,b5898,sprint,,mobile
1565407184494,respond,q8547,sprint,b,mobile
1565407192105,submit,b5898,sprint,,mobile
1565407199523,enter,b6823,sprint,,mobile
1565407208306,respond,q9472,sprint,b,mobile
1565407212851,submit,b6823,sprint,,mobile
1565407219296,enter,b7069,sprint,,mobile
1565407229253,respond,q9718,sprint,a,mobile
1565407239229,submit,b7069,sprint,,mobile
1565407243658,enter,b7515,sprint,,mobile
1565407262610,respond,q10164,sprint,c,mobile
1565407292982,respond,q10164,sprint,d,mobile
1565407295720,respond,q10164,sprint,c,mobile
1565407298865,submit,b7515,sprint,,mobile
1565407321812,enter,b6132,sprint,,mobile
1565407329581,respond,q8781,sprint,b,mobile
1565407332866,submit,b6132,sprint,,mobile
1565407345103,enter,b6704,sprint,,mobile
1565407353960,respond,q9353,sprint,a,mobile
1565407357803,submit,b6704,sprint,,mobile
1565407362185,enter,b11516,sprint,,mobile
1565407368838,respond,q17279,sprint,a,mobile
1565407373481,submit,b11516,sprint,,mobile
1565407388024,enter,b5865,sprint,,mobile
1565407405145,respond,q8514,sprint,d,mobile
1565407413480,submit,b5865,sprint,,mobile
1565407426200,enter,b4262,sprint,,mobile
1565407446559,respond,q5730,sprint,c,mobile
1565407464148,submit,b4262,sprint,,mobile
1566098295057,enter,b11530,sprint,,mobile
1566098302678,respond,q17293,sprint,b,mobile
1566098311077,submit,b11530,sprint,,mobile
1566357569460,enter,b6081,sprint,,mobile
1566357572483,respond,q8730,sprint,a,mobile
1566357581453,submit,b6081,sprint,,mobile
1566357586459,enter,b6399,sprint,,mobile
1566357590759,respond,q9048,sprint,c,mobile
1566357592678,respond,q9048,sprint,b,mobile
1566357598245,submit,b6399,sprint,,mobile
1566357616321,enter,b5658,sprint,,mobile
1566357622124,respond,q8187,sprint,c,mobile
1566357630974,submit,b5658,sprint,,mobile
1566357635718,enter,b6154,sprint,,mobile
1566357652237,respond,q8803,sprint,a,mobile
1566357669599,submit,b6154,sprint,,mobile
1566357707167,enter,b6119,sprint,,mobile
1566357718001,respond,q8768,sprint,b,mobile
1566357722017,submit,b6119,sprint,,mobile
1566357728156,enter,b6733,sprint,,mobile
1566357736789,respond,q9382,sprint,d,mobile
1566357743317,submit,b6733,sprint,,mobile
1566357747758,enter,b5716,sprint,,mobile
1566357772191,respond,q8365,sprint,b,mobile
1566357778853,respond,q8365,sprint,c,mobile
1566357784231,respond,q8365,sprint,b,mobile
1566357786960,submit,b5716,sprint,,mobile
1566357798739,enter,b11625,sprint,,mobile
1566357803825,respond,q17388,sprint,c,mobile
1566357807517,submit,b11625,sprint,,mobile
1566357812591,enter,b7429,sprint,,mobile
1566357823064,respond,q10078,sprint,b,mobile
1566357826537,submit,b7429,sprint,,mobile
1566357841916,enter,b6326,sprint,,mobile
1566357852348,respond,q8975,sprint,b,mobile
1566357876240,respond,q8975,sprint,a,mobile
1566357879339,submit,b6326,sprint,,mobile
1566357899561,enter,b11425,sprint,,mobile
1566357906155,respond,q17188,sprint,a,mobile
1566357911239,submit,b11425,sprint,,mobile
1566357916542,enter,b4744,sprint,,mobile
1566357925946,respond,q6212,sprint,d,mobile
1566357928692,submit,b4744,sprint,,mobile
1566357941122,enter,b5731,sprint,,mobile
1566357946974,respond,q8380,sprint,c,mobile
1566357950017,submit,b5731,sprint,,mobile
1566357954247,enter,b7202,sprint,,mobile
1566357962073,respond,q9851,sprint,b,mobile
1566357966675,submit,b7202,sprint,,mobile
1566357972509,enter,b6885,sprint,,mobile
1566357984553,respond,q9534,sprint,a,mobile
1566357988283,submit,b6885,sprint,,mobile
1566357993559,enter,b6407,sprint,,mobile
1566357997547,respond,q9056,sprint,a,mobile
1566358001444,submit,b6407,sprint,,mobile
1566358006130,enter,b11397,sprint,,mobile
1566358016554,respond,q17160,sprint,d,mobile
1566358022928,submit,b11397,sprint,,mobile
1566358031974,enter,b6829,sprint,,mobile
1566358038150,respond,q9478,sprint,a,mobile
1566358041919,submit,b6829,sprint,,mobile
1566358047009,enter,b6768,sprint,,mobile
1566358054052,respond,q9417,sprint,b,mobile
1566358057172,submit,b6768,sprint,,mobile
1566442240358,enter,b6513,sprint,,mobile
1566442257340,respond,q9162,sprint,b,mobile
1566442272711,submit,b6513,sprint,,mobile
1566442286234,enter,b11480,sprint,,mobile
1566442300406,respond,q17243,sprint,d,mobile
1566442303708,submit,b11480,sprint,,mobile
1566442312106,enter,b11330,sprint,,mobile
1566442320684,respond,q17093,sprint,d,mobile
1566442323802,submit,b11330,sprint,,mobile
1566442328793,enter,b6060,sprint,,mobile
1566442338591,respond,q8709,sprint,d,mobile
1566442341859,submit,b6060,sprint,,mobile
1566442352507,enter,b6162,sprint,,mobile
1566442370244,respond,q8811,sprint,c,mobile
1566442373865,submit,b6162,sprint,,mobile
1566442400154,enter,b5910,sprint,,mobile
1566442409597,respond,q8559,sprint,d,mobile
1566442423846,submit,b5910,sprint,,mobile
1566442449442,enter,b7557,sprint,,mobile
1566442466112,respond,q10206,sprint,c,mobile
1566442470115,submit,b7557,sprint,,mobile
1566442487743,enter,b6736,sprint,,mobile
1566442496124,respond,q9385,sprint,d,mobile
1566442499420,submit,b6736,sprint,,mobile
1566442637070,enter,b6190,sprint,,mobile
1566442643589,respond,q8839,sprint,b,mobile
1566442647213,submit,b6190,sprint,,mobile
1566442651531,enter,b7453,sprint,,mobile
1566442666439,respond,q10102,sprint,b,mobile
1566442669435,submit,b7453,sprint,,mobile
1566780928649,enter,b5934,sprint,,mobile
1566780943682,respond,q8583,sprint,b,mobile
1566780947457,submit,b5934,sprint,,mobile
1566790035793,enter,b7316,sprint,,mobile
1566790050842,respond,q9965,sprint,d,mobile
1566790056052,submit,b7316,sprint,,mobile
1566790075676,enter,b7125,sprint,,mobile
1566790088594,respond,q9774,sprint,b,mobile
1566790094727,submit,b7125,sprint,,mobile
1566790108215,enter,b7644,sprint,,mobile
1566790116948,respond,q10293,sprint,a,mobile
1566790120953,submit,b7644,sprint,,mobile
1566790174169,enter,b7170,sprint,,mobile
1566790181189,respond,q9819,sprint,a,mobile
1566790194241,submit,b7170,sprint,,mobile
1566790227596,enter,b6699,sprint,,mobile
1566790240747,respond,q9348,sprint,b,mobile
1566790244003,respond,q9348,sprint,a,mobile
1566790251796,submit,b6699,sprint,,mobile
1566790261132,enter,b6106,sprint,,mobile
1566790269592,respond,q8755,sprint,d,mobile
1566790276733,submit,b6106,sprint,,mobile
1566790283212,enter,b7028,sprint,,mobile
1566790289404,respond,q9677,sprint,a,mobile
1566790294651,submit,b7028,sprint,,mobile
1566790476153,enter,b6122,sprint,,mobile
1566790495555,respond,q8771,sprint,a,mobile
1566790501449,submit,b6122,sprint,,mobile
1566790514953,enter,b5657,sprint,,mobile
1566790528575,respond,q8186,sprint,d,mobile
1566790535317,submit,b5657,sprint,,mobile
1567055874982,enter,b6762,sprint,,mobile
1567055883953,respond,q9411,sprint,a,mobile
1567055888831,submit,b6762,sprint,,mobile
1567055893872,enter,b7433,sprint,,mobile
1567055908676,respond,q10082,sprint,a,mobile
1567055929954,submit,b7433,sprint,,mobile
1567055988428,enter,b6455,sprint,,mobile
1567055998809,respond,q9104,sprint,a,mobile
1567056008033,submit,b6455,sprint,,mobile
1567379698852,enter,b6783,sprint,,mobile
1567379708752,respond,q9432,sprint,c,mobile
1567379712343,submit,b6783,sprint,,mobile
1567639420796,enter,b5897,sprint,,mobile
1567639448503,respond,q8546,sprint,c,mobile
1567639451562,submit,b5897,sprint,,mobile
1567639475294,enter,b7679,sprint,,mobile
1567639491444,respond,q10328,sprint,b,mobile
1567639495062,submit,b7679,sprint,,mobile
1567639582269,enter,b6478,sprint,,mobile
1567639594157,respond,q9127,sprint,d,mobile
1567639617794,submit,b6478,sprint,,mobile
1567639663298,enter,b6108,sprint,,mobile
1567639672142,respond,q8757,sprint,d,mobile
1567639676001,submit,b6108,sprint,,mobile
1567642605172,enter,b11342,sprint,,mobile
1567642613002,respond,q17105,sprint,c,mobile
1567642623203,submit,b11342,sprint,,mobile
1567642630619,enter,b6069,sprint,,mobile
1567642643581,respond,q8718,sprint,b,mobile
1567642653467,submit,b6069,sprint,,mobile
1567642787168,enter,b6192,sprint,,mobile
1567642806893,respond,q8841,sprint,c,mobile
1567642826335,submit,b6192,sprint,,mobile
1567642887685,enter,b11470,sprint,,mobile
1567642897703,respond,q17233,sprint,b,mobile
1567642903601,submit,b11470,sprint,,mobile
1567642960442,enter,b11435,sprint,,mobile
1567642967399,respond,q17198,sprint,b,mobile
1567642971310,submit,b11435,sprint,,mobile
1567643007568,enter,b7312,sprint,,mobile
1567643018054,respond,q9961,sprint,a,mobile
1567643031916,submit,b7312,sprint,,mobile
1567643051251,enter,b11585,sprint,,mobile
1567643059776,respond,q17348,sprint,b,mobile
1567643063563,submit,b11585,sprint,,mobile
1567643070115,enter,b7327,sprint,,mobile
1567643083594,respond,q9976,sprint,c,mobile
1567643089802,submit,b7327,sprint,,mobile
1567643095020,enter,b7589,sprint,,mobile
1567643106927,respond,q10238,sprint,c,mobile
1567643116798,submit,b7589,sprint,,mobile
1567643164688,enter,b6197,sprint,,mobile
1567643177617,respond,q8846,sprint,a,mobile
1567643191088,submit,b6197,sprint,,mobile
1567646157864,enter,b7616,sprint,,mobile
1567646188424,respond,q10265,sprint,a,mobile
1567646196557,submit,b7616,sprint,,mobile
1567646206231,enter,b11442,sprint,,mobile
1567646217063,respond,q17205,sprint,a,mobile
1567646220878,submit,b11442,sprint,,mobile
1567840872960,enter,b6852,sprint,,mobile
1567840885939,respond,q9501,sprint,a,mobile
1567840894182,respond,q9501,sprint,d,mobile
1567840897675,submit,b6852,sprint,,mobile
1567840906610,enter,b6838,sprint,,mobile
1567840917719,respond,q9487,sprint,c,mobile
1567840930516,submit,b6838,sprint,,mobile
1567840936483,enter,b6332,sprint,,mobile
1567840941316,respond,q8981,sprint,a,mobile
1567840944231,submit,b6332,sprint,,mobile
1567840949909,enter,b7546,sprint,,mobile
1567840957393,respond,q10195,sprint,b,mobile
1567840961645,submit,b7546,sprint,,mobile
1567840967823,enter,b11497,sprint,,mobile
1567840990442,respond,q17260,sprint,c,mobile
1567841003625,submit,b11497,sprint,,mobile
1567841014114,enter,b11559,sprint,,mobile
1567841020190,respond,q17322,sprint,c,mobile
1567841024383,submit,b11559,sprint,,mobile
1567841029886,enter,b11457,sprint,,mobile
1567841040934,respond,q17220,sprint,c,mobile
1567841045291,submit,b11457,sprint,,mobile
1567841054448,enter,b5883,sprint,,mobile
1567841078922,respond,q8532,sprint,a,mobile
1567841081647,submit,b5883,sprint,,mobile
1567841132294,enter,b7047,sprint,,mobile
1567841146127,respond,q9696,sprint,b,mobile
1567841162986,submit,b7047,sprint,,mobile
1567841200945,enter,b7249,sprint,,mobile
1567841218408,respond,q9898,sprint,a,mobile
1567841224307,submit,b7249,sprint,,mobile
1567856451139,enter,b291,sprint,,mobile
1567856460528,respond,q291,sprint,a,mobile
1567856464193,submit,b291,sprint,,mobile
1567856512873,enter,b767,sprint,,mobile
1567856526327,respond,q767,sprint,c,mobile
1567856529145,submit,b767,sprint,,mobile
1567856547789,enter,b588,sprint,,mobile
1567856560498,respond,q588,sprint,a,mobile
1567856563704,submit,b588,sprint,,mobile
1567856570633,enter,b787,sprint,,mobile
1567856579823,respond,q787,sprint,a,mobile
1567856583232,submit,b787,sprint,,mobile
1567856588398,enter,b1185,sprint,,mobile
1567856598189,respond,q1185,sprint,a,mobile
1567856600555,submit,b1185,sprint,,mobile
1567856604115,enter,b1000,sprint,,mobile
1567856618441,respond,q1000,sprint,c,mobile
1567856622911,submit,b1000,sprint,,mobile
1567856665510,enter,b973,sprint,,mobile
1567856683796,respond,q973,sprint,b,mobile
1567856684383,respond,q973,sprint,c,mobile
1567856688827,submit,b973,sprint,,mobile
1567986337006,enter,b5664,sprint,,mobile
1567986342689,respond,q8193,sprint,c,mobile
1567986346595,submit,b5664,sprint,,mobile
1567986372404,enter,b7473,sprint,,mobile
1567986385621,respond,q10122,sprint,c,mobile
1567986395697,submit,b7473,sprint,,mobile
1567993530125,enter,b7639,sprint,,mobile
1567993538386,respond,q10288,sprint,d,mobile
1567993551534,submit,b7639,sprint,,mobile
1567993587700,enter,b6695,sprint,,mobile
1567993595743,respond,q9344,sprint,c,mobile
1567993619004,submit,b6695,sprint,,mobile
1568026203146,enter,b5905,sprint,,mobile
1568026208385,respond,q8554,sprint,a,mobile
1568026214843,submit,b5905,sprint,,mobile
1568026220243,enter,b7611,sprint,,mobile
1568026229762,respond,q10260,sprint,c,mobile
1568026233261,submit,b7611,sprint,,mobile
1568026238584,enter,b5998,sprint,,mobile
1568026251590,respond,q8647,sprint,a,mobile
1568026262133,respond,q8647,sprint,d,mobile
1568026265955,submit,b5998,sprint,,mobile
1568026280969,enter,b6907,sprint,,mobile
1568026287403,respond,q9556,sprint,c,mobile
1568026301379,submit,b6907,sprint,,mobile
1568026307289,enter,b7177,sprint,,mobile
1568026321167,respond,q9826,sprint,b,mobile
1568026324840,submit,b7177,sprint,,mobile
1568026330953,enter,b11551,sprint,,mobile
1568026342253,respond,q17314,sprint,c,mobile
1568026355343,submit,b11551,sprint,,mobile
1568776317951,enter,b6730,sprint,,mobile
1568776324758,respond,q9379,sprint,a,mobile
1568776331232,submit,b6730,sprint,,mobile
1568776337056,enter,b6717,sprint,,mobile
1568776343031,respond,q9366,sprint,b,mobile
1568776347348,submit,b6717,sprint,,mobile
1568776352993,enter,b6420,sprint,,mobile
1568776359289,respond,q9069,sprint,a,mobile
1568776362887,submit,b6420,sprint,,mobile
1568776370332,enter,b5931,sprint,,mobile
1568776383986,respond,q8580,sprint,d,mobile
1568776396805,submit,b5931,sprint,,mobile
1568776403917,enter,b6800,sprint,,mobile
1568776413722,respond,q9449,sprint,d,mobile
1568776417709,submit,b6800,sprint,,mobile
1568776424724,enter,b7676,sprint,,mobile
1568776446268,respond,q10325,sprint,d,mobile
1568776452523,submit,b7676,sprint,,mobile
1568776502168,enter,b7080,sprint,,mobile
1568776510895,respond,q9729,sprint,a,mobile
1568776515846,submit,b7080,sprint,,mobile
1568776533148,enter,b7245,sprint,,mobile
1568776538014,respond,q9894,sprint,b,mobile
1568776549117,submit,b7245,sprint,,mobile
1568776554422,enter,b6435,sprint,,mobile
1568776559987,respond,q9084,sprint,d,mobile
1568776562845,submit,b6435,sprint,,mobile
1568776568707,enter,b11294,sprint,,mobile
1568776576194,respond,q17057,sprint,a,mobile
1568776577564,respond,q17057,sprint,b,mobile
1568776581109,submit,b11294,sprint,,mobile
1569929493782,enter,b11292,sprint,,mobile
1569929501136,respond,q17055,sprint,d,mobile
1569929521264,submit,b11292,sprint,,mobile
1569929533758,enter,b6802,sprint,,mobile
1569929542528,respond,q9451,sprint,a,mobile
1569929561153,submit,b6802,sprint,,mobile
1569929583718,enter,b6255,sprint,,mobile
1569929597829,respond,q8904,sprint,d,mobile
1569929610988,submit,b6255,sprint,,mobile
1569929622279,enter,b6364,sprint,,mobile
1569929633396,respond,q9013,sprint,c,mobile
1569929640678,submit,b6364,sprint,,mobile
1569929655802,enter,b6920,sprint,,mobile
1569929671563,respond,q9569,sprint,b,mobile
1569929674884,respond,q9569,sprint,c,mobile
1569929681594,submit,b6920,sprint,,mobile
1569929688712,enter,b7655,sprint,,mobile
1569929704051,respond,q10304,sprint,a,mobile
1569929710467,submit,b7655,sprint,,mobile
1569929778923,enter,b6694,sprint,,mobile
1569929789915,respond,q9343,sprint,b,mobile
1569929797224,submit,b6694,sprint,,mobile
1569929871427,enter,b2597,sprint,,mobile
1569929884512,respond,q4065,sprint,c,mobile
1569929895754,submit,b2597,sprint,,mobile
1569929900955,enter,b11466,sprint,,mobile
1569929908451,respond,q17229,sprint,d,mobile
1569929912943,submit,b11466,sprint,,mobile
1569929919435,enter,b6349,sprint,,mobile
1569929934932,respond,q8998,sprint,a,mobile
1569929942978,respond,q8998,sprint,b,mobile
1569929945384,respond,q8998,sprint,c,mobile
1569929952138,submit,b6349,sprint,,mobile
1569972052968,enter,b5724,sprint,,mobile
1569972058529,respond,q8373,sprint,c,mobile
1569972059617,respond,q8373,sprint,d,mobile
1569972062683,submit,b5724,sprint,,mobile
1569973838756,enter,b6843,sprint,,mobile
1569973848062,respond,q9492,sprint,b,mobile
1569973852543,submit,b6843,sprint,,mobile
1569973867448,enter,b11495,sprint,,mobile
1569973872574,respond,q17258,sprint,c,mobile
1569973875777,submit,b11495,sprint,,mobile
1569979971926,enter,b7335,sprint,,mobile
1569979980011,respond,q9984,sprint,c,mobile
1569979987810,respond,q9984,sprint,a,mobile
1569979991389,submit,b7335,sprint,,mobile
1569980006180,enter,b7554,sprint,,mobile
1569980016413,respond,q10203,sprint,b,mobile
1569980029009,submit,b7554,sprint,,mobile
1569980035673,enter,b11527,sprint,,mobile
1569980045345,respond,q17290,sprint,b,mobile
1569980050922,submit,b11527,sprint,,mobile
1569980057079,enter,b11327,sprint,,mobile
1569980071272,respond,q17090,sprint,a,mobile
1569980074251,respond,q17090,sprint,b,mobile
1569980079990,respond,q17090,sprint,a,mobile
1569980088666,submit,b11327,sprint,,mobile
1569980186439,enter,b6201,sprint,,mobile
1569980192184,respond,q8850,sprint,a,mobile
1569980194154,respond,q8850,sprint,d,mobile
1569980203214,submit,b6201,sprint,,mobile
1569980260040,enter,b4631,sprint,,mobile
1569980269182,respond,q6099,sprint,a,mobile
1569980277218,submit,b4631,sprint,,mobile
1569980283019,enter,b7642,sprint,,mobile
1569980288665,respond,q10291,sprint,a,mobile
1569980293519,submit,b7642,sprint,,mobile
1570406656417,enter,b6283,sprint,,mobile
1570406664109,respond,q8932,sprint,b,mobile
1570406668439,submit,b6283,sprint,,mobile
1570406688063,enter,b6194,sprint,,mobile
1570406696029,respond,q8843,sprint,a,mobile
1570406701007,submit,b6194,sprint,,mobile
1570406725105,enter,b6880,sprint,,mobile
1570406744617,respond,q9529,sprint,a,mobile
1570406770845,submit,b6880,sprint,,mobile
1570406794734,enter,b6742,sprint,,mobile
1570406802173,respond,q9391,sprint,a,mobile
1570406813058,submit,b6742,sprint,,mobile
1570406839971,enter,b6188,sprint,,mobile
1570406859820,respond,q8837,sprint,d,mobile
1570406868051,submit,b6188,sprint,,mobile
1570406880982,enter,b6157,sprint,,mobile
1570406895297,respond,q8806,sprint,c,mobile
1570406897502,respond,q8806,sprint,d,mobile
1570406920051,respond,q8806,sprint,c,mobile
1570406930815,submit,b6157,sprint,,mobile
1570406953321,enter,b7155,sprint,,mobile
1570406961382,respond,q9804,sprint,b,mobile
1570406984226,submit,b7155,sprint,,mobile
1570407057231,enter,b11635,sprint,,mobile
1570407068894,respond,q17398,sprint,b,mobile
1570407078624,submit,b11635,sprint,,mobile
1570407093109,enter,b11279,sprint,,mobile
1570407103169,respond,q17042,sprint,a,mobile
1570407110924,submit,b11279,sprint,,mobile
1570408292299,enter,b11632,sprint,,mobile
1570408330109,respond,q17395,sprint,c,mobile
1570408353884,submit,b11632,sprint,,mobile
1570666285774,enter,b11337,sprint,,mobile
1570666301055,respond,q17100,sprint,a,mobile
1570666326428,respond,q17100,sprint,c,mobile
1570666333451,submit,b11337,sprint,,mobile
1570666369892,enter,b6835,sprint,,mobile
1570666382276,respond,q9484,sprint,b,mobile
1570666391454,submit,b6835,sprint,,mobile
1570666743146,enter,b5680,sprint,,mobile
1570666755112,respond,q8209,sprint,b,mobile
1570666757044,respond,q8209,sprint,d,mobile
1570666766524,respond,q8209,sprint,b,mobile
1570666770341,submit,b5680,sprint,,mobile
1570666775512,enter,b6267,sprint,,mobile
1570666782845,respond,q8916,sprint,c,mobile
1570666788375,submit,b6267,sprint,,mobile
1570666806476,enter,b7076,sprint,,mobile
1570666815504,respond,q9725,sprint,a,mobile
1570666833966,submit,b7076,sprint,,mobile
1570666869558,enter,b6751,sprint,,mobile
1570666877214,respond,q9400,sprint,d,mobile
1570666896621,submit,b6751,sprint,,mobile
1570666914897,enter,b11433,sprint,,mobile
1570666935196,respond,q17196,sprint,a,mobile
1570666948326,submit,b11433,sprint,,mobile
1570666973069,enter,b7604,sprint,,mobile
1570666987882,respond,q10253,sprint,c,mobile
1570666992011,submit,b7604,sprint,,mobile
1570667004414,enter,b6373,sprint,,mobile
1570667011488,respond,q9022,sprint,b,mobile
1570667024665,submit,b6373,sprint,,mobile
1570667030491,enter,b6269,sprint,,mobile
1570667048656,respond,q8918,sprint,b,mobile
1570667061231,respond,q8918,sprint,d,mobile
1570667065330,submit,b6269,sprint,,mobile
1570799857912,enter,b434,sprint,,mobile
1570799872466,respond,q434,sprint,b,mobile
1570799878338,respond,q434,sprint,c,mobile
1570799883187,submit,b434,sprint,,mobile
1570799950499,enter,b1189,sprint,,mobile
1570799967161,respond,q1189,sprint,c,mobile
1570799970176,submit,b1189,sprint,,mobile
1570800029125,enter,b769,sprint,,mobile
1570800040757,respond,q769,sprint,b,mobile
1570800043369,submit,b769,sprint,,mobile
1570800096813,enter,b758,sprint,,mobile
1570800113609,respond,q758,sprint,c,mobile
1570800116085,submit,b758,sprint,,mobile
1573168269342,enter,b6299,sprint,,mobile
1573168286580,respond,q8948,sprint,c,mobile
1573168300464,submit,b6299,sprint,,mobile
1573168577587,enter,b6299,sprint,,mobile
1573168578926,respond,q8948,sprint,d,mobile
1573168586379,respond,q8948,sprint,a,mobile
1573168595879,submit,b6299,sprint,,mobile
1573168613335,enter,b6187,sprint,,mobile
1573168624527,respond,q8836,sprint,a,mobile
1573168641525,respond,q8836,sprint,d,mobile
1573168655207,submit,b6187,sprint,,mobile
1573168755984,enter,b11734,sprint,,mobile
1573168763397,respond,q17591,sprint,d,mobile
1573168768874,submit,b11734,sprint,,mobile
1573168775031,enter,b6771,sprint,,mobile
1573168783201,respond,q9420,sprint,b,mobile
1573168794714,submit,b6771,sprint,,mobile
1573168800210,enter,b7673,sprint,,mobile
1573168826276,respond,q10322,sprint,a,mobile
1573168835652,respond,q10322,sprint,b,mobile
1573168840569,submit,b7673,sprint,,mobile
1573168959299,enter,b6097,sprint,,mobile
1573168978782,respond,q8746,sprint,a,mobile
1573168987376,submit,b6097,sprint,,mobile
1573168997368,enter,b5714,sprint,,mobile
1573169004819,respond,q8363,sprint,a,mobile
1573169015157,submit,b5714,sprint,,mobile
1573169021011,enter,b7501,sprint,,mobile
1573169033455,respond,q10150,sprint,a,mobile
1573169045320,submit,b7501,sprint,,mobile
1573169103611,enter,b6712,sprint,,mobile
1573169121498,respond,q9361,sprint,a,mobile
1573169123700,respond,q9361,sprint,c,mobile
1573169140407,submit,b6712,sprint,,mobile
1573169299092,enter,b6080,sprint,,mobile
1573169325468,respond,q8729,sprint,c,mobile
1573169329362,submit,b6080,sprint,,mobile
1573295852055,enter,b11411,sprint,,mobile
1573295871162,respond,q17174,sprint,c,mobile
1573295881790,submit,b11411,sprint,,mobile
1573295895692,enter,b6196,sprint,,mobile
1573295912634,respond,q8845,sprint,a,mobile
1573295929549,respond,q8845,sprint,b,mobile
1573295936268,submit,b6196,sprint,,mobile
1573295941243,enter,b7165,sprint,,mobile
1573295946858,respond,q9814,sprint,a,mobile
1573295960214,submit,b7165,sprint,,mobile
1573295981489,enter,b6535,sprint,,mobile
1573295993934,respond,q9184,sprint,d,mobile
1573295999666,submit,b6535,sprint,,mobile
1573296031139,enter,b7224,sprint,,mobile
1573296039209,respond,q9873,sprint,b,mobile
1573296052190,submit,b7224,sprint,,mobile
1573296081757,enter,b6775,sprint,,mobile
1573296085797,respond,q9424,sprint,b,mobile
1573296097087,respond,q9424,sprint,a,mobile
1573296113010,submit,b6775,sprint,,mobile
1573296118271,enter,b6756,sprint,,mobile
1573296129229,respond,q9405,sprint,a,mobile
1573296134706,respond,q9405,sprint,c,mobile
1573296140240,submit,b6756,sprint,,mobile
1573296144938,enter,b11517,sprint,,mobile
1573296149364,respond,q17280,sprint,b,mobile
1573296157914,submit,b11517,sprint,,mobile
1573296163362,enter,b11376,sprint,,mobile
1573296168317,respond,q17139,sprint,c,mobile
1573296172170,submit,b11376,sprint,,mobile
1573296177587,enter,b6309,sprint,,mobile
1573296179283,respond,q8958,sprint,a,mobile
1573296183719,respond,q8958,sprint,c,mobile
1573296198816,submit,b6309,sprint,,mobile
1573296252202,enter,b6276,sprint,,mobile
1573296264578,respond,q8925,sprint,b,mobile
1573296271626,respond,q8925,sprint,c,mobile
1573296273647,respond,q8925,sprint,d,mobile
1573296278987,submit,b6276,sprint,,mobile
1573296350171,enter,b6729,sprint,,mobile
1573296354966,respond,q9378,sprint,b,mobile
1573296363102,submit,b6729,sprint,,mobile
1573296383565,enter,b6897,sprint,,mobile
1573296404749,respond,q9546,sprint,c,mobile
1573296435612,submit,b6897,sprint,,mobile
1573296460523,enter,b4431,sprint,,mobile
1573296471573,respond,q5899,sprint,b,mobile
1573296478088,respond,q5899,sprint,c,mobile
1573296485762,submit,b4431,sprint,,mobile
1573296495948,enter,b7556,sprint,,mobile
1573296501814,respond,q10205,sprint,a,mobile
1573296509614,submit,b7556,sprint,,mobile
1573296515315,enter,b6820,sprint,,mobile
1573296522231,respond,q9469,sprint,d,mobile
1573296527852,submit,b6820,sprint,,mobile
1573296533016,enter,b7291,sprint,,mobile
1573296552655,respond,q9940,sprint,b,mobile
1573296577804,submit,b7291,sprint,,mobile
1573296861567,enter,b4930,adaptive_offer,,mobile
1573296884721,respond,q6398,adaptive_offer,b,mobile
1573296894508,submit,b4930,adaptive_offer,,mobile
1573296906011,enter,b4161,adaptive_offer,,mobile
1573296931062,respond,q5629,adaptive_offer,a,mobile
1573296933719,submit,b4161,adaptive_offer,,mobile
1573296981492,enter,b7333,sprint,,mobile
1573296996922,respond,q9982,sprint,d,mobile
1573296999762,submit,b7333,sprint,,mobile
1573297005233,enter,b6338,sprint,,mobile
1573297029878,respond,q8987,sprint,a,mobile
1573297040067,respond,q8987,sprint,c,mobile
1573297049229,submit,b6338,sprint,,mobile
1573297083683,enter,b6895,sprint,,mobile
1573297091202,respond,q9544,sprint,c,mobile
1573297122240,respond,q9544,sprint,d,mobile
1573297129369,respond,q9544,sprint,b,mobile
1573297141488,submit,b6895,sprint,,mobile
1573297204182,enter,b2722,adaptive_offer,,mobile
1573297212788,respond,q4190,adaptive_offer,c,mobile
1573297225249,respond,q4190,adaptive_offer,a,mobile
1573297232815,submit,b2722,adaptive_offer,,mobile
1573297262472,enter,b6835,adaptive_offer,,mobile
1573297271951,respond,q9484,adaptive_offer,d,mobile
1573297286584,submit,b6835,adaptive_offer,,mobile
1573297543474,enter,b1112,sprint,,mobile
1573297558805,respond,q1112,sprint,c,mobile
1573297561632,respond,q1112,sprint,b,mobile
1573297565114,submit,b1112,sprint,,mobile
1573297742111,enter,b1112,adaptive_offer,,mobile
1573297758756,respond,q1112,adaptive_offer,c,mobile
1573297759590,respond,q1112,adaptive_offer,a,mobile
1573297762644,submit,b1112,adaptive_offer,,mobile
1573297786241,enter,b666,adaptive_offer,,mobile
1573297803726,respond,q666,adaptive_offer,a,mobile
1573297806478,submit,b666,adaptive_offer,,mobile
1574046386928,enter,b11408,sprint,,mobile
1574046402166,respond,q17171,sprint,d,mobile
1574046406559,submit,b11408,sprint,,mobile
1574046430375,enter,b7150,sprint,,mobile
1574046438432,respond,q9799,sprint,b,mobile
1574046442789,submit,b7150,sprint,,mobile
1574046461485,enter,b7360,sprint,,mobile
1574046472591,respond,q10009,sprint,c,mobile
1574046486299,submit,b7360,sprint,,mobile
1574046523169,enter,b5939,sprint,,mobile
1574046533968,respond,q8588,sprint,a,mobile
1574046544815,submit,b5939,sprint,,mobile
1574046565451,enter,b7536,sprint,,mobile
1574046582067,respond,q10185,sprint,b,mobile
1574046584735,respond,q10185,sprint,d,mobile
1574046616007,respond,q10185,sprint,a,mobile
1574046620536,respond,q10185,sprint,c,mobile
1574046626141,submit,b7536,sprint,,mobile
1574046723795,enter,b6915,sprint,,mobile
1574046729546,respond,q9564,sprint,b,mobile
1574046742533,respond,q9564,sprint,a,mobile
1574046747086,respond,q9564,sprint,b,mobile
1574046753559,submit,b6915,sprint,,mobile
1574046842835,enter,b11395,sprint,,mobile
1574046872694,respond,q17158,sprint,a,mobile
1574046877031,submit,b11395,sprint,,mobile
1574046929255,enter,b6494,sprint,,mobile
1574046947418,respond,q9143,sprint,d,mobile
1574046952439,submit,b6494,sprint,,mobile
1574047128306,enter,b4930,adaptive_offer,,mobile
1574047151628,respond,q6398,adaptive_offer,b,mobile
1574047163984,submit,b4930,adaptive_offer,,mobile
1574047370184,enter,b6494,adaptive_offer,,mobile
1574047377090,respond,q9143,adaptive_offer,b,mobile
1574047380695,submit,b6494,adaptive_offer,,mobile
1574047967227,enter,b6788,sprint,,mobile
1574047984191,respond,q9437,sprint,a,mobile
1574047987864,submit,b6788,sprint,,mobile
1574048506195,enter,b7142,sprint,,mobile
1574048513336,respond,q9791,sprint,a,mobile
1574048523574,submit,b7142,sprint,,mobile
1574645490542,enter,b5728,sprint,,mobile
1574645503338,respond,q8377,sprint,d,mobile
1574645549703,respond,q8377,sprint,b,mobile
1574645554213,submit,b5728,sprint,,mobile
1574645582683,enter,b6848,sprint,,mobile
1574645593710,respond,q9497,sprint,b,mobile
1574645597633,submit,b6848,sprint,,mobile
1574645620775,enter,b7169,sprint,,mobile
1574645628577,respond,q9818,sprint,a,mobile
1574645632542,submit,b7169,sprint,,mobile
1574645638404,enter,b7310,sprint,,mobile
1574645645100,respond,q9959,sprint,b,mobile
1574645649159,submit,b7310,sprint,,mobile
1574645665856,enter,b11472,sprint,,mobile
1574645683247,respond,q17235,sprint,b,mobile
1574645690924,submit,b11472,sprint,,mobile
1574645709618,enter,b7499,sprint,,mobile
1574645736396,respond,q10148,sprint,b,mobile
1574645744756,submit,b7499,sprint,,mobile
1574645843409,enter,b6910,sprint,,mobile
1574645853911,respond,q9559,sprint,a,mobile
1574645871160,respond,q9559,sprint,d,mobile
1574645882054,submit,b6910,sprint,,mobile
1574645903622,enter,b6697,sprint,,mobile
1574645910037,respond,q9346,sprint,b,mobile
1574645914639,respond,q9346,sprint,d,mobile
1574645929798,submit,b6697,sprint,,mobile
1574645955840,enter,b6891,sprint,,mobile
1574645967366,respond,q9540,sprint,d,mobile
1574645969534,respond,q9540,sprint,c,mobile
1574645978350,respond,q9540,sprint,d,mobile
1574645995978,submit,b6891,sprint,,mobile
1574646031173,enter,b7479,sprint,,mobile
1574646042254,respond,q10128,sprint,c,mobile
1574646048145,respond,q10128,sprint,a,mobile
1574646066928,respond,q10128,sprint,c,mobile
1574646072061,respond,q10128,sprint,d,mobile
1574646075302,submit,b7479,sprint,,mobile
