timestamp,action_type,item_id,source,user_answer,platform
1567237599913,enter,b3956,diagnosis,,mobile
1567237620741,respond,q5424,diagnosis,b,mobile
1567237630700,submit,b3956,diagnosis,,mobile
1567474353102,enter,b3953,diagnosis,,mobile
1567474378201,respond,q5421,diagnosis,c,mobile
1567474388887,submit,b3953,diagnosis,,mobile
1567474389013,enter,b377,diagnosis,,mobile
1567474409363,respond,q377,diagnosis,a,mobile
1567474418772,submit,b377,diagnosis,,mobile
1567474418948,enter,b3799,diagnosis,,mobile
1567474445290,respond,q5267,diagnosis,c,mobile
1567474458883,submit,b3799,diagnosis,,mobile
1567474459025,enter,b2713,diagnosis,,mobile
1567474465709,respond,q4181,diagnosis,b,mobile
1567474476114,submit,b2713,diagnosis,,mobile
1567474476194,enter,b3867,diagnosis,,mobile
1567474500718,respond,q5335,diagnosis,a,mobile
1567474518029,respond,q5335,diagnosis,c,mobile
1567474530805,submit,b3867,diagnosis,,mobile
1567474530930,enter,b2846,diagnosis,,mobile
1567474563098,respond,q4314,diagnosis,d,mobile
1567474573994,submit,b2846,diagnosis,,mobile
