timestamp,action_type,item_id,source,user_answer,platform
1567483749187,enter,b6051,diagnosis,,mobile
1567483776851,respond,q8700,diagnosis,a,mobile
1567483782971,submit,b6051,diagnosis,,mobile
1567483783070,enter,b2671,diagnosis,,mobile
1567483797620,respond,q4139,diagnosis,b,mobile
1567483802310,submit,b2671,diagnosis,,mobile
1567483802400,enter,b4272,diagnosis,,mobile
1567483824139,respond,q5740,diagnosis,b,mobile
1567483826713,respond,q5740,diagnosis,d,mobile
1567483830917,submit,b4272,diagnosis,,mobile
1567483830996,enter,b4307,diagnosis,,mobile
1567483851901,respond,q5775,diagnosis,a,mobile
1567483859574,submit,b4307,diagnosis,,mobile
1567483859658,enter,b4288,diagnosis,,mobile
1567483879660,respond,q5756,diagnosis,c,mobile
1567483886142,submit,b4288,diagnosis,,mobile
1567483886240,enter,b2273,diagnosis,,mobile
1567483899139,respond,q3741,diagnosis,d,mobile
1567483903219,respond,q3741,diagnosis,c,mobile
1567483916585,submit,b2273,diagnosis,,mobile
