timestamp,action_type,item_id,source,user_answer,platform
1567566974053,enter,b4575,diagnosis,,mobile
1567567010527,respond,q6043,diagnosis,c,mobile
1567567017393,submit,b4575,diagnosis,,mobile
1567567017474,enter,b2195,diagnosis,,mobile
1567567034721,respond,q3663,diagnosis,c,mobile
1567567038497,submit,b2195,diagnosis,,mobile
1567567038541,enter,b4790,diagnosis,,mobile
1567567054962,respond,q6258,diagnosis,a,mobile
1567567058917,submit,b4790,diagnosis,,mobile
1567567059006,enter,b2591,diagnosis,,mobile
1567567076733,respond,q4059,diagnosis,a,mobile
1567567080861,submit,b2591,diagnosis,,mobile
1567567080933,enter,b3149,diagnosis,,mobile
1567567107352,respond,q4617,diagnosis,d,mobile
1567567111025,submit,b3149,diagnosis,,mobile
1567567111118,enter,b297,diagnosis,,mobile
1567567130221,respond,q297,diagnosis,b,mobile
1567567134863,submit,b297,diagnosis,,mobile
