timestamp,action_type,item_id,source,user_answer,platform
1537940949078,enter,b1760,sprint,,mobile
1537941018678,respond,q2478,sprint,c,mobile
1537941021728,submit,b1760,sprint,,mobile
1537941120154,enter,b1606,sprint,,mobile
1537941193297,respond,q2016,sprint,c,mobile
1537941200113,submit,b1606,sprint,,mobile
1537941317888,enter,b1445,sprint,,mobile
1537941396273,respond,q1533,sprint,b,mobile
1537941400094,submit,b1445,sprint,,mobile
1537941710784,enter,b1441,sprint,,mobile
1537941787469,respond,q1521,sprint,d,mobile
1537941796952,submit,b1441,sprint,,mobile
1537942053525,enter,b1515,sprint,,mobile
1537942137679,respond,q1743,sprint,b,mobile
1537942141866,submit,b1515,sprint,,mobile
1537942276985,enter,b1764,sprint,,mobile
1537942352197,respond,q2490,sprint,b,mobile
1537942355838,submit,b1764,sprint,,mobile
1537942551178,enter,b1685,sprint,,mobile
1537942609858,respond,q2253,sprint,a,mobile
1537942622871,submit,b1685,sprint,,mobile
1537942740605,enter,b1635,sprint,,mobile
1537942821553,respond,q2103,sprint,b,mobile
1537942829122,submit,b1635,sprint,,mobile
1537943072139,enter,b1779,sprint,,mobile
1537943155865,respond,q2535,sprint,d,mobile
1537943160866,submit,b1779,sprint,,mobile
1537943287829,enter,b1508,sprint,,mobile
1537943371170,respond,q1722,sprint,a,mobile
1537943373808,respond,q1722,sprint,a,mobile
1537943377042,submit,b1508,sprint,,mobile
1537943847890,enter,b5172,adaptive_offer,,mobile
1537943948735,respond,q6784,adaptive_offer,b,mobile
1537943951523,respond,q6784,adaptive_offer,a,mobile
1537943964285,respond,q6784,adaptive_offer,d,mobile
1537943965934,respond,q6784,adaptive_offer,c,mobile
1537943968957,submit,b5172,adaptive_offer,,mobile
1537944931659,enter,b5218,adaptive_offer,,mobile
1537945014242,respond,q6968,adaptive_offer,a,mobile
1537945025913,submit,b5218,adaptive_offer,,mobile
1537945249192,enter,b5187,sprint,,mobile
1537945360393,respond,q6844,sprint,a,mobile
1537945372364,respond,q6841,sprint,b,mobile
1537945381117,respond,q6842,sprint,b,mobile
1537945382957,respond,q6843,sprint,a,mobile
1537945397033,submit,b5187,sprint,,mobile
1537945463252,enter,b7978,sprint,,mobile
1537945559450,respond,q10859,sprint,b,mobile
1537945560731,respond,q10856,sprint,a,mobile
1537945576648,submit,b7978,sprint,,mobile
1537945675909,enter,b5225,sprint,,mobile
1537945798851,respond,q6996,sprint,a,mobile
1537945803956,submit,b5225,sprint,,mobile
1537945883517,enter,b5113,sprint,,mobile
1537945991255,respond,q6668,sprint,a,mobile
1537945996632,respond,q6665,sprint,d,mobile
1537946011329,submit,b5113,sprint,,mobile
1537946114144,enter,b5210,sprint,,mobile
1537946188875,respond,q6936,sprint,a,mobile
1537946194618,submit,b5210,sprint,,mobile
1537946564456,enter,b5210,adaptive_offer,,mobile
1537946606209,respond,q6936,adaptive_offer,a,mobile
1537946608996,submit,b5210,adaptive_offer,,mobile
1537946901480,enter,b5212,adaptive_offer,,mobile
1537947033694,respond,q6944,adaptive_offer,c,mobile
1537947037129,respond,q6944,adaptive_offer,d,mobile
1537947045404,respond,q6944,adaptive_offer,c,mobile
1537947049496,submit,b5212,adaptive_offer,,mobile
1537947216260,enter,b406,sprint,,mobile
1537947235853,respond,q406,sprint,c,mobile
1537947242624,submit,b406,sprint,,mobile
1537947270324,enter,b952,sprint,,mobile
1537947278767,respond,q952,sprint,a,mobile
1537947289827,submit,b952,sprint,,mobile
1537947315278,enter,b973,sprint,,mobile
1537947334125,respond,q973,sprint,b,mobile
1537947336374,submit,b973,sprint,,mobile
1537947410800,enter,b1193,sprint,,mobile
1537947428608,respond,q1193,sprint,a,mobile
1537947431231,submit,b1193,sprint,,mobile
1537947483992,enter,b588,sprint,,mobile
1537947502021,respond,q588,sprint,c,mobile
1537947504619,submit,b588,sprint,,mobile
1537947573208,enter,b200,sprint,,mobile
1537947586598,respond,q200,sprint,b,mobile
1537947591245,submit,b200,sprint,,mobile
1537959060204,enter,b7992,sprint,,mobile
1537959179808,respond,q10915,sprint,c,mobile
1537959183404,submit,b7992,sprint,,mobile
1537959250184,enter,b5112,sprint,,mobile
1537959334938,respond,q6664,sprint,d,mobile
1537959351116,respond,q6664,sprint,b,mobile
1537959351672,respond,q6664,sprint,d,mobile
1537959362710,respond,q6664,sprint,c,mobile
1537959370429,submit,b5112,sprint,,mobile
1537959415203,enter,b5089,sprint,,mobile
1537959536222,respond,q6572,sprint,b,mobile
1537959542708,respond,q6572,sprint,d,mobile
1537959547431,submit,b5089,sprint,,mobile
1537959648161,enter,b5213,sprint,,mobile
1537959750981,respond,q6945,sprint,d,mobile
1537959755701,submit,b5213,sprint,,mobile
1537959816970,enter,b5172,adaptive_offer,,mobile
1537959855707,respond,q6784,adaptive_offer,d,mobile
1537959858445,submit,b5172,adaptive_offer,,mobile
1537959881183,enter,b618,sprint,,mobile
1537959897839,respond,q618,sprint,a,mobile
1537959900144,submit,b618,sprint,,mobile
1537959970270,enter,b903,sprint,,mobile
1537959980063,respond,q903,sprint,a,mobile
1537959983122,respond,q903,sprint,b,mobile
1537959987201,submit,b903,sprint,,mobile
1537960004689,enter,b719,sprint,,mobile
1537960018446,respond,q719,sprint,b,mobile
1537960023199,submit,b719,sprint,,mobile
1537960045463,enter,b769,sprint,,mobile
1537960059818,respond,q769,sprint,b,mobile
1537960062318,submit,b769,sprint,,mobile
1537960081987,enter,b1012,sprint,,mobile
1537960096772,respond,q1012,sprint,b,mobile
1537960099134,submit,b1012,sprint,,mobile
1537960118683,enter,b350,sprint,,mobile
1537960138175,respond,q350,sprint,b,mobile
1537960140773,submit,b350,sprint,,mobile
1537960185038,enter,b722,sprint,,mobile
1537960203788,respond,q722,sprint,a,mobile
1537960206050,submit,b722,sprint,,mobile
1537960239791,enter,b463,sprint,,mobile
1537960255352,respond,q463,sprint,a,mobile
1537960257921,submit,b463,sprint,,mobile
1537960461822,enter,b922,adaptive_offer,,mobile
1537960480774,respond,q922,adaptive_offer,a,mobile
1537960483218,submit,b922,adaptive_offer,,mobile
1537960524989,enter,b952,adaptive_offer,,mobile
1537960533319,respond,q952,adaptive_offer,a,mobile
1537960536701,respond,q952,adaptive_offer,b,mobile
1537960541715,submit,b952,adaptive_offer,,mobile
1537960721157,enter,b463,adaptive_offer,,mobile
1537960741090,respond,q463,adaptive_offer,b,mobile
1537960743061,submit,b463,adaptive_offer,,mobile
1537960754233,enter,b922,adaptive_offer,,mobile
1537960772658,respond,q922,adaptive_offer,c,mobile
1537960775070,submit,b922,adaptive_offer,,mobile
1537960790255,enter,b1111,sprint,,mobile
1537960805862,respond,q1111,sprint,a,mobile
1537960807912,submit,b1111,sprint,,mobile
1537960827872,enter,b729,sprint,,mobile
1537960850480,respond,q729,sprint,b,mobile
1537960852888,submit,b729,sprint,,mobile
1537960894212,enter,b1390,sprint,,mobile
1537960910774,respond,q1390,sprint,a,mobile
1537960912854,submit,b1390,sprint,,mobile
1537961077010,enter,b936,sprint,,mobile
1537961090876,respond,q936,sprint,b,mobile
1537961096474,submit,b936,sprint,,mobile
1537961128537,enter,b515,sprint,,mobile
1537961151553,respond,q515,sprint,a,mobile
1537961156091,submit,b515,sprint,,mobile
1537963949190,enter,b7957,sprint,,mobile
1537964053545,respond,q10775,sprint,c,mobile
1537964055428,respond,q10772,sprint,a,mobile
1537964061329,respond,q10772,sprint,c,mobile
1537964063369,respond,q10773,sprint,c,mobile
1537964087321,submit,b7957,sprint,,mobile
1537964236003,enter,b5224,sprint,,mobile
1537964336352,respond,q6992,sprint,b,mobile
1537964351077,submit,b5224,sprint,,mobile
1537964458702,enter,b5221,sprint,,mobile
1537964578561,respond,q6980,sprint,c,mobile
1537964602602,submit,b5221,sprint,,mobile
1537964712819,enter,b5217,sprint,,mobile
1537964828750,respond,q6964,sprint,b,mobile
1537964832612,respond,q6964,sprint,c,mobile
1537964847975,submit,b5217,sprint,,mobile
1543139646873,enter,b5206,adaptive_offer,,mobile
1543139810264,respond,q6920,adaptive_offer,c,mobile
1543139816085,submit,b5206,adaptive_offer,,mobile
1543140426103,enter,b5105,adaptive_offer,,mobile
1543140527974,respond,q6636,adaptive_offer,b,mobile
1543140533452,submit,b5105,adaptive_offer,,mobile
1543141613207,enter,b5214,sprint,,mobile
1543141707026,respond,q6952,sprint,b,mobile
1543141722691,submit,b5214,sprint,,mobile
1543141823005,enter,b7974,sprint,,mobile
1543141953758,respond,q10843,sprint,c,mobile
1543141967504,respond,q10840,sprint,a,mobile
1543141982306,respond,q10840,sprint,c,mobile
1543141984035,respond,q10841,sprint,a,mobile
1543141999766,submit,b7974,sprint,,mobile
1543142922559,enter,b5219,sprint,,mobile
1543143127925,respond,q6972,sprint,d,mobile
1543143134007,submit,b5219,sprint,,mobile
1543143578733,enter,b5123,sprint,,mobile
1543143767392,respond,q6707,sprint,c,mobile
1543143773695,submit,b5123,sprint,,mobile
1543143979877,enter,b5197,sprint,,mobile
1543144330646,respond,q6884,sprint,a,mobile
1543144336919,submit,b5197,sprint,,mobile
1543144411715,enter,b7998,sprint,,mobile
1543144579038,respond,q10939,sprint,b,mobile
1543144579454,respond,q10939,sprint,c,mobile
1543144583761,submit,b7998,sprint,,mobile
1545787440806,enter,b5177,sprint,,mobile
1545787535743,respond,q6804,sprint,c,mobile
1545787537383,respond,q6801,sprint,b,mobile
1545787558968,respond,q6801,sprint,a,mobile
1545787563572,submit,b5177,sprint,,mobile
1545797122123,enter,b7941,sprint,,mobile
1545797261727,respond,q10711,sprint,b,mobile
1545797284352,respond,q10711,sprint,b,mobile
1545797290432,submit,b7941,sprint,,mobile
1545797323308,enter,b5178,sprint,,mobile
1545797471957,respond,q6808,sprint,b,mobile
1545797476926,submit,b5178,sprint,,mobile
1545797522809,enter,b5185,sprint,,mobile
1545797706094,respond,q6836,sprint,d,mobile
1545797714060,submit,b5185,sprint,,mobile
1545819082931,enter,b1297,sprint,,mobile
1545819105907,respond,q1297,sprint,c,mobile
1545819109118,submit,b1297,sprint,,mobile
1545819137336,enter,b763,sprint,,mobile
1545819156756,respond,q763,sprint,a,mobile
1545819159915,submit,b763,sprint,,mobile
1545819194929,enter,b1030,sprint,,mobile
1545819214358,respond,q1030,sprint,b,mobile
1545819218095,submit,b1030,sprint,,mobile
1545819250065,enter,b833,sprint,,mobile
1545819268270,respond,q833,sprint,c,mobile
1545819270941,submit,b833,sprint,,mobile
1545819290949,enter,b871,sprint,,mobile
1545819315323,respond,q871,sprint,b,mobile
1545819318391,submit,b871,sprint,,mobile
1545819353893,enter,b237,sprint,,mobile
1545819373934,respond,q237,sprint,c,mobile
1545819377190,submit,b237,sprint,,mobile
1545819398930,enter,b289,sprint,,mobile
1545819415921,respond,q289,sprint,a,mobile
1545819418914,submit,b289,sprint,,mobile
1545819453881,enter,b790,sprint,,mobile
1545819471292,respond,q790,sprint,c,mobile
1545819474023,submit,b790,sprint,,mobile
1545819570376,enter,b391,sprint,,mobile
1545819592368,respond,q391,sprint,b,mobile
1545819595324,submit,b391,sprint,,mobile
1545819621999,enter,b497,sprint,,mobile
1545819641557,respond,q497,sprint,c,mobile
1545819644844,submit,b497,sprint,,mobile
1545819672746,enter,b436,sprint,,mobile
1545819696495,respond,q436,sprint,c,mobile
1545819699175,submit,b436,sprint,,mobile
1545876955888,enter,b3286,sprint,,mobile
1545876976200,respond,q4754,sprint,a,mobile
1545876982075,submit,b3286,sprint,,mobile
1546129241452,enter,b5634,sprint,,mobile
1546129262500,respond,q8163,sprint,a,mobile
1546129267605,submit,b5634,sprint,,mobile
1546129274052,enter,b13,sprint,,mobile
1546129295789,respond,q13,sprint,d,mobile
1546129299246,respond,q13,sprint,c,mobile
1546129300231,respond,q13,sprint,d,mobile
1546129303432,submit,b13,sprint,,mobile
1546129313399,enter,b8009,sprint,,mobile
1546129331736,respond,q10956,sprint,c,mobile
1546129336613,submit,b8009,sprint,,mobile
1546129340529,enter,b5528,sprint,,mobile
1546129363451,respond,q8057,sprint,d,mobile
1546129366712,submit,b5528,sprint,,mobile
1546129378310,enter,b5633,sprint,,mobile
1546129394333,respond,q8162,sprint,b,mobile
1546129405424,respond,q8162,sprint,d,mobile
1546129409000,submit,b5633,sprint,,mobile
1546129418326,enter,b11,sprint,,mobile
1546129432297,respond,q11,sprint,b,mobile
1546129437010,respond,q11,sprint,c,mobile
1546129442639,submit,b11,sprint,,mobile
1546129453233,enter,b8257,sprint,,mobile
1546129466739,respond,q11204,sprint,b,mobile
1546129475167,submit,b8257,sprint,,mobile
1546129480308,enter,b115,sprint,,mobile
1546129503046,respond,q115,sprint,d,mobile
1546129506216,submit,b115,sprint,,mobile
1546129530898,enter,b878,sprint,,mobile
1546129546794,respond,q878,sprint,b,mobile
1546129549792,submit,b878,sprint,,mobile
1546129569933,enter,b683,sprint,,mobile
1546129585049,respond,q683,sprint,b,mobile
1546129588156,submit,b683,sprint,,mobile
1546129599728,enter,b1017,sprint,,mobile
1546129622130,submit,b1017,sprint,,mobile
1546129797894,enter,b1481,sprint,,mobile
1546129871401,respond,q1641,sprint,c,mobile
1546129871812,respond,q1641,sprint,c,mobile
1546129875489,submit,b1481,sprint,,mobile
1546129880646,enter,b1735,sprint,,mobile
1546129948661,respond,q2403,sprint,a,mobile
1546129955670,submit,b1735,sprint,,mobile
1546130030619,enter,b2062,sprint,,mobile
1546130107418,respond,q3384,sprint,b,mobile
1546130113175,submit,b2062,sprint,,mobile
1546130159935,enter,b2098,sprint,,mobile
1546130233337,respond,q3492,sprint,a,mobile
1546130237230,submit,b2098,sprint,,mobile
1546130279505,enter,b5088,sprint,,mobile
1546130419639,respond,q6568,sprint,b,mobile
1546130426426,submit,b5088,sprint,,mobile
1546226506920,enter,b1225,sprint,,mobile
1546226517120,respond,q1225,sprint,a,mobile
1546226523694,respond,q1225,sprint,c,mobile
1546226524931,respond,q1225,sprint,a,mobile
1546226526883,respond,q1225,sprint,c,mobile
1546226530350,submit,b1225,sprint,,mobile
1546226557979,enter,b875,sprint,,mobile
1546226575775,respond,q875,sprint,a,mobile
1546226579058,submit,b875,sprint,,mobile
1546226628818,enter,b264,sprint,,mobile
1546226646453,respond,q264,sprint,c,mobile
1546226647233,respond,q264,sprint,b,mobile
1546226652771,submit,b264,sprint,,mobile
1546226678505,enter,b503,sprint,,mobile
1546226698186,respond,q503,sprint,b,mobile
1546226701475,submit,b503,sprint,,mobile
1546226745371,enter,b1303,sprint,,mobile
1546226764465,respond,q1303,sprint,a,mobile
1546226767529,submit,b1303,sprint,,mobile
1546226894538,enter,b1008,sprint,,mobile
1546226907535,respond,q1008,sprint,b,mobile
1546226912434,submit,b1008,sprint,,mobile
1547016595630,enter,b3845,sprint,,mobile
1547016605723,respond,q5313,sprint,c,mobile
1547016624520,submit,b3845,sprint,,mobile
1547167307383,enter,b5048,sprint,,mobile
1547167347571,respond,q6516,sprint,b,mobile
1547167351407,respond,q6516,sprint,a,mobile
1547167357188,respond,q6516,sprint,b,mobile
1547167361197,submit,b5048,sprint,,mobile
1547168829475,enter,b7037,sprint,,mobile
1547168859456,respond,q9686,sprint,c,mobile
1547168863298,submit,b7037,sprint,,mobile
1547168902223,enter,b2962,sprint,,mobile
1547168935357,respond,q4430,sprint,a,mobile
1547168946878,submit,b2962,sprint,,mobile
1547168968358,enter,b3235,sprint,,mobile
1547168984684,respond,q4703,sprint,c,mobile
1547168988007,submit,b3235,sprint,,mobile
1547169013972,enter,b3573,sprint,,mobile
1547169059090,respond,q5041,sprint,a,mobile
1547169072204,submit,b3573,sprint,,mobile
1547169355578,enter,b6196,sprint,,mobile
1547169384146,respond,q8845,sprint,b,mobile
1547169400345,submit,b6196,sprint,,mobile
1547169461134,enter,b2591,sprint,,mobile
1547169518673,respond,q4059,sprint,b,mobile
1547169528015,submit,b2591,sprint,,mobile
1547302161957,enter,b4688,sprint,,mobile
1547302173785,respond,q6156,sprint,c,mobile
1547302178540,submit,b4688,sprint,,mobile
1547302221630,enter,b2654,sprint,,mobile
1547302238863,respond,q4122,sprint,b,mobile
1547302248602,respond,q4122,sprint,a,mobile
1547302252258,submit,b2654,sprint,,mobile
1547302302071,enter,b7317,sprint,,mobile
1547302327565,respond,q9966,sprint,a,mobile
1547302331361,submit,b7317,sprint,,mobile
1547377369430,enter,b187,sprint,,mobile
1547377390972,respond,q187,sprint,c,mobile
1547377394689,submit,b187,sprint,,mobile
1547377406900,enter,b181,sprint,,mobile
1547377428923,respond,q181,sprint,c,mobile
1547377432085,submit,b181,sprint,,mobile
1547377454599,enter,b8208,sprint,,mobile
1547377470385,respond,q11155,sprint,c,mobile
1547377475560,submit,b8208,sprint,,mobile
1547377493498,enter,b5638,sprint,,mobile
1547377512199,respond,q8167,sprint,c,mobile
1547377520894,submit,b5638,sprint,,mobile
1547377551445,enter,b131,sprint,,mobile
1547377569073,respond,q131,sprint,c,mobile
1547377576099,submit,b131,sprint,,mobile
1547377600033,enter,b171,sprint,,mobile
1547377619296,respond,q171,sprint,d,mobile
1547377622263,submit,b171,sprint,,mobile
1547377641533,enter,b8074,sprint,,mobile
1547377651200,respond,q11021,sprint,a,mobile
1547377660576,respond,q11021,sprint,a,mobile
1547377666486,submit,b8074,sprint,,mobile
1547377687691,enter,b5589,sprint,,mobile
1547377707120,respond,q8118,sprint,a,mobile
1547377711457,respond,q8118,sprint,c,mobile
1547377714108,submit,b5589,sprint,,mobile
1547377766097,enter,b10,sprint,,mobile
1547377789329,respond,q10,sprint,d,mobile
1547377792438,submit,b10,sprint,,mobile
1547377830502,enter,b84,sprint,,mobile
1547377849347,respond,q84,sprint,c,mobile
1547377856080,submit,b84,sprint,,mobile
1547377926360,enter,b1193,adaptive_offer,,mobile
1547377940832,respond,q1193,adaptive_offer,a,mobile
1547377944912,submit,b1193,adaptive_offer,,mobile
1547377965286,enter,b952,adaptive_offer,,mobile
1547377973889,respond,q952,adaptive_offer,a,mobile
1547377983377,respond,q952,adaptive_offer,b,mobile
1547377986016,submit,b952,adaptive_offer,,mobile
1547378021743,enter,b1235,adaptive_offer,,mobile
1547378031887,respond,q1235,adaptive_offer,a,mobile
1547378039952,submit,b1235,adaptive_offer,,mobile
1547378057361,enter,b588,adaptive_offer,,mobile
1547378076787,respond,q588,adaptive_offer,b,mobile
1547378079585,submit,b588,adaptive_offer,,mobile
1547378117682,enter,b990,sprint,,mobile
1547378121614,submit,b990,sprint,,mobile
1547378127855,enter,b751,adaptive_offer,,mobile
1547378136792,respond,q751,adaptive_offer,a,mobile
1547378147829,submit,b751,adaptive_offer,,mobile
1547378161697,enter,b573,adaptive_offer,,mobile
1547378178221,respond,q573,adaptive_offer,c,mobile
1547378183583,submit,b573,adaptive_offer,,mobile
1547378205128,enter,b406,adaptive_offer,,mobile
1547378219315,respond,q406,adaptive_offer,b,mobile
1547378225736,submit,b406,adaptive_offer,,mobile
1547378268562,enter,b350,adaptive_offer,,mobile
1547378278220,respond,q350,adaptive_offer,a,mobile
1547378289356,submit,b350,adaptive_offer,,mobile
1547378295021,enter,b990,sprint,,mobile
1547378298096,submit,b990,sprint,,mobile
1547378310760,enter,b922,adaptive_offer,,mobile
1547378334494,respond,q922,adaptive_offer,c,mobile
1547378337044,submit,b922,adaptive_offer,,mobile
1547378364440,enter,b952,adaptive_offer,,mobile
1547378375022,respond,q952,adaptive_offer,a,mobile
1547378375806,respond,q952,adaptive_offer,b,mobile
1547378381855,submit,b952,adaptive_offer,,mobile
1547378389689,enter,b990,sprint,,mobile
1547378401233,respond,q990,sprint,c,mobile
1547378408416,submit,b990,sprint,,mobile
1547378427894,enter,b1252,sprint,,mobile
1547378438871,respond,q1252,sprint,a,mobile
1547378446624,submit,b1252,sprint,,mobile
1547378472948,enter,b1038,sprint,,mobile
1547378487588,respond,q1038,sprint,c,mobile
1547378491790,submit,b1038,sprint,,mobile
1547379050173,enter,b581,sprint,,mobile
1547379068599,respond,q581,sprint,b,mobile
1547379070940,submit,b581,sprint,,mobile
1547379093000,enter,b739,sprint,,mobile
1547379108805,respond,q739,sprint,c,mobile
1547379112586,submit,b739,sprint,,mobile
1547379139221,enter,b404,sprint,,mobile
1547379160219,submit,b404,sprint,,mobile
1547379172078,enter,b854,sprint,,mobile
1547379181990,respond,q854,sprint,a,mobile
1547379190781,submit,b854,sprint,,mobile
1547379238595,enter,b1368,sprint,,mobile
1547379257773,respond,q1368,sprint,c,mobile
1547379261120,submit,b1368,sprint,,mobile
1547379300084,enter,b289,adaptive_offer,,mobile
1547379315276,respond,q289,adaptive_offer,b,mobile
1547379318505,submit,b289,adaptive_offer,,mobile
1547379335163,enter,b1368,adaptive_offer,,mobile
1547379351488,respond,q1368,adaptive_offer,b,mobile
1547379354100,submit,b1368,adaptive_offer,,mobile
1547379657077,enter,b4757,adaptive_offer,,mobile
1547379669521,respond,q6225,adaptive_offer,d,mobile
1547379670898,respond,q6225,adaptive_offer,b,mobile
1547379695314,respond,q6225,adaptive_offer,b,mobile
1547379698554,submit,b4757,adaptive_offer,,mobile
1547379717674,enter,b4709,adaptive_offer,,mobile
1547379736690,respond,q6177,adaptive_offer,d,mobile
1547379742464,submit,b4709,adaptive_offer,,mobile
1547379876188,enter,b5225,adaptive_offer,,mobile
1547380042828,respond,q6996,adaptive_offer,a,mobile
1547380050760,submit,b5225,adaptive_offer,,mobile
1547380473827,enter,b5221,adaptive_offer,,mobile
1547380581879,respond,q6980,adaptive_offer,c,mobile
1547380588473,submit,b5221,adaptive_offer,,mobile
1547436544366,enter,b8279,sprint,,mobile
1547436555734,respond,q11226,sprint,a,mobile
1547436566590,submit,b8279,sprint,,mobile
1547436570484,enter,b5536,sprint,,mobile
1547436579891,respond,q8065,sprint,a,mobile
1547436591597,respond,q8065,sprint,d,mobile
1547436595711,submit,b5536,sprint,,mobile
1547436605031,enter,b64,sprint,,mobile
1547436630457,respond,q64,sprint,d,mobile
1547436633507,submit,b64,sprint,,mobile
1547436711680,enter,b158,sprint,,mobile
1547436736147,respond,q158,sprint,b,mobile
1547436741248,submit,b158,sprint,,mobile
1547436774761,enter,b8235,sprint,,mobile
1547436796370,respond,q11182,sprint,d,mobile
1547436799035,submit,b8235,sprint,,mobile
1547436815361,enter,b955,sprint,,mobile
1547436832129,respond,q955,sprint,a,mobile
1547436835507,submit,b955,sprint,,mobile
1547436856673,enter,b1345,sprint,,mobile
1547436875937,respond,q1345,sprint,c,mobile
1547436878957,submit,b1345,sprint,,mobile
1547436927042,enter,b454,sprint,,mobile
1547436937750,respond,q454,sprint,a,mobile
1547436945629,submit,b454,sprint,,mobile
1547436958093,enter,b446,sprint,,mobile
1547436976292,respond,q446,sprint,b,mobile
1547436979802,submit,b446,sprint,,mobile
1547437112132,enter,b1001,sprint,,mobile
1547437129504,respond,q1001,sprint,a,mobile
1547437132870,submit,b1001,sprint,,mobile
1547437176819,enter,b1559,sprint,,mobile
1547437249773,respond,q1875,sprint,b,mobile
1547437253960,submit,b1559,sprint,,mobile
1547521686560,enter,b190,sprint,,mobile
1547521709864,respond,q190,sprint,a,mobile
1547521712382,respond,q190,sprint,d,mobile
1547521715252,submit,b190,sprint,,mobile
1547521739690,enter,b5614,sprint,,mobile
1547521757680,respond,q8143,sprint,c,mobile
1547521763166,submit,b5614,sprint,,mobile
1547521804085,enter,b5572,sprint,,mobile
1547521826742,respond,q8101,sprint,b,mobile
1547521830681,submit,b5572,sprint,,mobile
1547521853778,enter,b8232,sprint,,mobile
1547521868074,respond,q11179,sprint,b,mobile
1547521876768,submit,b8232,sprint,,mobile
1547521896965,enter,b721,sprint,,mobile
1547521912850,respond,q721,sprint,c,mobile
1547521918551,submit,b721,sprint,,mobile
1547521959287,enter,b393,sprint,,mobile
1547521979638,respond,q393,sprint,b,mobile
1547521980237,respond,q393,sprint,c,mobile
1547521983396,submit,b393,sprint,,mobile
1547522015018,enter,b1231,sprint,,mobile
1547522037212,submit,b1231,sprint,,mobile
1547522090830,enter,b1559,sprint,,mobile
1547522096653,submit,b1559,sprint,,mobile
1547522219943,enter,b1559,sprint,,mobile
1547522263773,submit,b1559,sprint,,mobile
1547693838823,enter,b1519,sprint,,mobile
1547693938752,submit,b1519,sprint,,mobile
1547693949539,enter,b5284,sprint,,mobile
1547694199647,respond,q7196,sprint,b,mobile
1547694203699,submit,b5284,sprint,,mobile
1547694279803,enter,b5685,sprint,,mobile
1547694619007,respond,q8226,sprint,b,mobile
1547694623331,submit,b5685,sprint,,mobile
1547725694749,enter,b1639,adaptive_offer,,mobile
1547725763420,respond,q2115,adaptive_offer,b,mobile
1547725773634,respond,q2115,adaptive_offer,b,mobile
1547725775973,respond,q2115,adaptive_offer,b,mobile
1547725776439,respond,q2115,adaptive_offer,b,mobile
1547725782756,respond,q2115,adaptive_offer,c,mobile
1547725790482,submit,b1639,adaptive_offer,,mobile
1547725850882,enter,b188,adaptive_offer,,mobile
1547725873474,respond,q188,adaptive_offer,c,mobile
1547725876780,submit,b188,adaptive_offer,,mobile
1547725909773,enter,b749,sprint,,mobile
1547725927853,respond,q749,sprint,a,mobile
1547725931093,submit,b749,sprint,,mobile
1547725950562,enter,b1224,sprint,,mobile
1547725966617,respond,q1224,sprint,b,mobile
1547725969602,submit,b1224,sprint,,mobile
1547725989864,enter,b422,sprint,,mobile
1547725998049,respond,q422,sprint,a,mobile
1547726008763,submit,b422,sprint,,mobile
1547726029907,enter,b1240,sprint,,mobile
1547726046379,respond,q1240,sprint,a,mobile
1547726049327,submit,b1240,sprint,,mobile
1547726072338,enter,b404,sprint,,mobile
1547726087948,respond,q404,sprint,b,mobile
1547726090556,submit,b404,sprint,,mobile
1547726111223,enter,b501,sprint,,mobile
1547726128348,respond,q501,sprint,c,mobile
1547726133147,submit,b501,sprint,,mobile
1547726162916,enter,b856,sprint,,mobile
1547726174079,submit,b856,sprint,,mobile
1547726176999,enter,b856,sprint,,mobile
1547726179487,submit,b856,sprint,,mobile
1547726182394,enter,b856,sprint,,mobile
1547726198690,respond,q856,sprint,b,mobile
1547726199207,respond,q856,sprint,a,mobile
1547726202085,submit,b856,sprint,,mobile
1547726225898,enter,b750,sprint,,mobile
1547726245021,respond,q750,sprint,a,mobile
1547726247958,submit,b750,sprint,,mobile
1547726268696,enter,b1157,sprint,,mobile
1547726285999,respond,q1157,sprint,a,mobile
1547726289831,submit,b1157,sprint,,mobile
1547726312789,enter,b216,sprint,,mobile
1547726332563,respond,q216,sprint,c,mobile
1547726336257,submit,b216,sprint,,mobile
1547726356431,enter,b921,sprint,,mobile
1547726366467,respond,q921,sprint,a,mobile
1547726375042,submit,b921,sprint,,mobile
1547726408282,enter,b463,adaptive_offer,,mobile
1547726422988,respond,q463,adaptive_offer,b,mobile
1547726425363,submit,b463,adaptive_offer,,mobile
1547726443070,enter,b921,adaptive_offer,,mobile
1547726458318,respond,q921,adaptive_offer,b,mobile
1547726461383,submit,b921,adaptive_offer,,mobile
1547726464642,enter,b264,adaptive_offer,,mobile
1547726483488,respond,q264,adaptive_offer,a,mobile
1547726486581,submit,b264,adaptive_offer,,mobile
1547726512182,enter,b99,sprint,,mobile
1547726533463,respond,q99,sprint,a,mobile
1547726536429,submit,b99,sprint,,mobile
1547726558382,enter,b136,sprint,,mobile
1547726576386,respond,q136,sprint,c,mobile
1547726582369,submit,b136,sprint,,mobile
1547726602804,enter,b5604,sprint,,mobile
1547726626884,respond,q8133,sprint,c,mobile
1547726629165,submit,b5604,sprint,,mobile
1547726653398,enter,b8182,sprint,,mobile
1547726676100,respond,q11129,sprint,b,mobile
1547726679003,submit,b8182,sprint,,mobile
1547726700178,enter,b5567,sprint,,mobile
1547726725195,respond,q8096,sprint,d,mobile
1547726728113,submit,b5567,sprint,,mobile
1547726749740,enter,b18,sprint,,mobile
1547726763683,respond,q18,sprint,b,mobile
1547726774026,submit,b18,sprint,,mobile
1547726795613,enter,b175,sprint,,mobile
1547726808842,respond,q175,sprint,b,mobile
1547726820252,submit,b175,sprint,,mobile
1547726843033,enter,b8123,sprint,,mobile
1547726865618,respond,q11070,sprint,d,mobile
1547726867981,submit,b8123,sprint,,mobile
1547726884511,enter,b133,sprint,,mobile
1547726898849,respond,q133,sprint,b,mobile
1547726909352,submit,b133,sprint,,mobile
1547726921880,enter,b62,sprint,,mobile
1547726941073,respond,q62,sprint,c,mobile
1547726946519,submit,b62,sprint,,mobile
1547726967955,enter,b27,sprint,,mobile
1547726984231,respond,q27,sprint,a,mobile
1547726992634,submit,b27,sprint,,mobile
1547726998357,enter,b8115,sprint,,mobile
1547727007458,respond,q11062,sprint,a,mobile
1547727014259,submit,b8115,sprint,,mobile
1547727017707,enter,b54,sprint,,mobile
1547727031003,respond,q54,sprint,b,mobile
1547727040459,submit,b54,sprint,,mobile
1547727057236,enter,b5532,sprint,,mobile
1547727070046,respond,q8061,sprint,b,mobile
1547727072857,submit,b5532,sprint,,mobile
1547727076695,enter,b5545,sprint,,mobile
1547727095219,respond,q8074,sprint,c,mobile
1547727100223,submit,b5545,sprint,,mobile
1547727129241,enter,b1938,sprint,,mobile
1547727198120,respond,q3012,sprint,c,mobile
1547727200972,submit,b1938,sprint,,mobile
1547727352082,enter,b1869,sprint,,mobile
1547727434525,respond,q2805,sprint,b,mobile
1547727438119,submit,b1869,sprint,,mobile
1547727522342,enter,b2035,sprint,,mobile
1547727597385,respond,q3303,sprint,d,mobile
1547727601793,submit,b2035,sprint,,mobile
1547727640742,enter,b2035,sprint,,mobile
1547727706538,submit,b2035,sprint,,mobile
1547736211878,enter,b5213,adaptive_offer,,mobile
1547736287622,respond,q6948,adaptive_offer,c,mobile
1547736291311,submit,b5213,adaptive_offer,,mobile
1547736350501,enter,b5122,adaptive_offer,,mobile
1547736472457,respond,q6703,adaptive_offer,a,mobile
1547736475667,submit,b5122,adaptive_offer,,mobile
1547876817447,enter,b2076,sprint,,mobile
1547876883435,respond,q3426,sprint,d,mobile
1547876891544,submit,b2076,sprint,,mobile
1547877012401,enter,b1987,sprint,,mobile
1547877113686,respond,q3159,sprint,a,mobile
1547877119800,submit,b1987,sprint,,mobile
1547877173208,enter,b1987,sprint,,mobile
1547877307231,submit,b1987,sprint,,mobile
1547877307287,enter,b1866,sprint,,mobile
1547877414691,respond,q2796,sprint,a,mobile
1547877429617,submit,b1866,sprint,,mobile
1547877463638,enter,b1866,sprint,,mobile
1547877602200,submit,b1866,sprint,,mobile
1547877602253,enter,b1996,sprint,,mobile
1547877698931,respond,q3186,sprint,b,mobile
1547877699616,respond,q3186,sprint,b,mobile
1547877700075,respond,q3186,sprint,b,mobile
1547877701730,respond,q3186,sprint,b,mobile
1547877702171,respond,q3186,sprint,b,mobile
1547877702785,respond,q3186,sprint,b,mobile
1547877703993,respond,q3186,sprint,b,mobile
1547877711197,submit,b1996,sprint,,mobile
1548246112330,enter,b1996,adaptive_offer,,mobile
1548246176651,submit,b1996,adaptive_offer,,mobile
1548246200896,enter,b1906,sprint,,mobile
1548246272806,respond,q2916,sprint,a,mobile
1548246281559,submit,b1906,sprint,,mobile
1548246343652,enter,b1902,sprint,,mobile
1548246437834,respond,q2904,sprint,a,mobile
1548246444575,submit,b1902,sprint,,mobile
1548246642663,enter,b8322,sprint,,mobile
1548246718050,respond,q11272,sprint,b,mobile
1548246719093,respond,q11272,sprint,b,mobile
1548246725438,respond,q11272,sprint,b,mobile
1548246726692,respond,q11272,sprint,b,mobile
1548246730596,submit,b8322,sprint,,mobile
1548247059186,enter,b879,sprint,,mobile
1548247075148,respond,q879,sprint,a,mobile
1548247077540,submit,b879,sprint,,mobile
1548248645956,enter,b298,sprint,,mobile
1548248661416,respond,q298,sprint,c,mobile
1548248664744,submit,b298,sprint,,mobile
1548250234529,enter,b1161,sprint,,mobile
1548250253174,respond,q1161,sprint,b,mobile
1548250256082,submit,b1161,sprint,,mobile
1548250285416,enter,b988,sprint,,mobile
1548250301765,respond,q988,sprint,c,mobile
1548250307548,submit,b988,sprint,,mobile
1548250341840,enter,b644,sprint,,mobile
1548250361096,respond,q644,sprint,a,mobile
1548250364015,submit,b644,sprint,,mobile
1548250390571,enter,b1026,sprint,,mobile
1548250406116,respond,q1026,sprint,a,mobile
1548250408648,submit,b1026,sprint,,mobile
1548251720017,enter,b741,sprint,,mobile
1548251736360,respond,q741,sprint,b,mobile
1548251738789,submit,b741,sprint,,mobile
1548254378789,enter,b1985,sprint,,mobile
1548254444981,respond,q3153,sprint,b,mobile
1548254465166,submit,b1985,sprint,,mobile
1548254558430,enter,b1956,sprint,,mobile
1548254647880,respond,q3066,sprint,b,mobile
1548254651097,submit,b1956,sprint,,mobile
1548254781531,enter,b2081,sprint,,mobile
1548254868771,respond,q3441,sprint,b,mobile
1548254872406,submit,b2081,sprint,,mobile
1548254960608,enter,b8325,sprint,,mobile
1548255041481,respond,q11281,sprint,b,mobile
1548255044483,submit,b8325,sprint,,mobile
1548255079635,enter,b8325,sprint,,mobile
1548255127570,submit,b8325,sprint,,mobile
1548337680905,enter,b1819,sprint,,mobile
1548337763525,respond,q2655,sprint,a,mobile
1548337768555,submit,b1819,sprint,,mobile
1548337823039,enter,b1855,sprint,,mobile
1548337849628,respond,q2763,sprint,a,mobile
1548337850872,respond,q2763,sprint,a,mobile
1548337891021,respond,q2763,sprint,a,mobile
1548337895313,submit,b1855,sprint,,mobile
1548337969960,enter,b1999,sprint,,mobile
1548338048996,respond,q3195,sprint,c,mobile
1548338053951,submit,b1999,sprint,,mobile
1548338070572,enter,b1999,sprint,,mobile
1548338106557,submit,b1999,sprint,,mobile
1548338284268,enter,b8336,sprint,,mobile
1548338370988,respond,q11314,sprint,c,mobile
1548338374359,submit,b8336,sprint,,mobile
1548338454209,enter,b1854,sprint,,mobile
1548338537576,respond,q2760,sprint,d,mobile
1548338541631,submit,b1854,sprint,,mobile
1548338710702,enter,b2033,sprint,,mobile
1548338783137,respond,q3297,sprint,c,mobile
1548338786648,respond,q3297,sprint,b,mobile
1548338788125,respond,q3297,sprint,d,mobile
1548338790153,respond,q3297,sprint,b,mobile
1548338793566,submit,b2033,sprint,,mobile
1548338829544,enter,b2131,sprint,,mobile
1548338904650,respond,q3591,sprint,b,mobile
1548338908826,submit,b2131,sprint,,mobile
1548387368406,enter,b2062,adaptive_offer,,mobile
1548387447527,respond,q3384,adaptive_offer,b,mobile
1548387451441,submit,b2062,adaptive_offer,,mobile
1548387503556,enter,b2080,sprint,,mobile
1548387579001,respond,q3438,sprint,d,mobile
1548387582443,submit,b2080,sprint,,mobile
1548387637141,enter,b2105,sprint,,mobile
1548387710222,respond,q3513,sprint,c,mobile
1548387711572,respond,q3513,sprint,c,mobile
1548387712369,respond,q3513,sprint,c,mobile
1548387717452,submit,b2105,sprint,,mobile
1548387760914,enter,b1826,sprint,,mobile
1548387833044,respond,q2676,sprint,d,mobile
1548387833909,respond,q2676,sprint,d,mobile
1548387834589,respond,q2676,sprint,d,mobile
1548387839029,submit,b1826,sprint,,mobile
1548387890012,enter,b2092,sprint,,mobile
1548387966761,respond,q3474,sprint,b,mobile
1548387972423,submit,b2092,sprint,,mobile
1548388038464,enter,b1867,sprint,,mobile
1548388108673,respond,q2799,sprint,c,mobile
1548388115090,submit,b1867,sprint,,mobile
1548388177920,enter,b2110,sprint,,mobile
1548388248023,respond,q3528,sprint,b,mobile
1548388253136,submit,b2110,sprint,,mobile
1548388320251,enter,b1881,sprint,,mobile
1548388391174,respond,q2841,sprint,b,mobile
1548388394863,submit,b1881,sprint,,mobile
1548683156058,enter,b2014,sprint,,mobile
1548683220037,respond,q3240,sprint,d,mobile
1548683226351,submit,b2014,sprint,,mobile
1548683279757,enter,b1977,sprint,,mobile
1548683351826,respond,q3129,sprint,a,mobile
1548683362505,submit,b1977,sprint,,mobile
1548683428491,enter,b2030,sprint,,mobile
1548683502399,respond,q3288,sprint,a,mobile
1548683508073,submit,b2030,sprint,,mobile
1548683570052,enter,b1877,sprint,,mobile
1548683666986,respond,q2829,sprint,c,mobile
1548683670895,submit,b1877,sprint,,mobile
1548683736371,enter,b1909,sprint,,mobile
1548683802745,respond,q2925,sprint,d,mobile
1548683805490,submit,b1909,sprint,,mobile
1548683851577,enter,b1859,sprint,,mobile
1548683917602,respond,q2775,sprint,b,mobile
1548683920839,submit,b1859,sprint,,mobile
1548683959667,enter,b1967,sprint,,mobile
1548684037001,respond,q3099,sprint,c,mobile
1548684040686,submit,b1967,sprint,,mobile
1548684110545,enter,b1847,sprint,,mobile
1548684188619,respond,q2739,sprint,a,mobile
1548684190208,respond,q2739,sprint,a,mobile
1548684194872,submit,b1847,sprint,,mobile
1548684230529,enter,b1847,sprint,,mobile
1548684321767,submit,b1847,sprint,,mobile
1548708094246,enter,b1118,sprint,,mobile
1548708111816,respond,q1118,sprint,a,mobile
1548708112873,respond,q1118,sprint,b,mobile
1548708117526,submit,b1118,sprint,,mobile
1548708144949,enter,b1018,sprint,,mobile
1548708157835,respond,q1018,sprint,b,mobile
1548708161718,submit,b1018,sprint,,mobile
1548708164710,enter,b276,sprint,,mobile
1548708178099,respond,q276,sprint,b,mobile
1548708182069,submit,b276,sprint,,mobile
1548708186109,enter,b327,sprint,,mobile
1548708204473,respond,q327,sprint,c,mobile
1548708207400,submit,b327,sprint,,mobile
1548708246817,enter,b1061,sprint,,mobile
1548708263854,respond,q1061,sprint,c,mobile
1548708266598,submit,b1061,sprint,,mobile
1548708285324,enter,b1249,sprint,,mobile
1548708306746,respond,q1249,sprint,b,mobile
1548708309886,submit,b1249,sprint,,mobile
1548708339003,enter,b693,sprint,,mobile
1548708362518,respond,q693,sprint,a,mobile
1548708365040,submit,b693,sprint,,mobile
1548708420821,enter,b562,sprint,,mobile
1548708440761,respond,q562,sprint,c,mobile
1548708443310,submit,b562,sprint,,mobile
1548708462919,enter,b542,sprint,,mobile
1548708481732,respond,q542,sprint,c,mobile
1548708485675,submit,b542,sprint,,mobile
1548708507854,enter,b1145,sprint,,mobile
1548708520046,respond,q1145,sprint,a,mobile
1548708525727,submit,b1145,sprint,,mobile
1548708539354,enter,b1240,adaptive_offer,,mobile
1548708556642,respond,q1240,adaptive_offer,b,mobile
1548708559509,submit,b1240,adaptive_offer,,mobile
1548708578828,enter,b1249,adaptive_offer,,mobile
1548708598272,respond,q1249,adaptive_offer,c,mobile
1548708600711,submit,b1249,adaptive_offer,,mobile
1548708636119,enter,b1935,sprint,,mobile
1548708707243,respond,q3003,sprint,a,mobile
1548708710332,submit,b1935,sprint,,mobile
1548708744557,enter,b1935,sprint,,mobile
1548708783770,submit,b1935,sprint,,mobile
1548709396501,enter,b8323,sprint,,mobile
1548709456936,respond,q11275,sprint,c,mobile
1548709466084,submit,b8323,sprint,,mobile
1548709471475,enter,b1958,sprint,,mobile
1548709551100,respond,q3072,sprint,a,mobile
1548709553551,respond,q3072,sprint,a,mobile
1548709554430,respond,q3072,sprint,a,mobile
1548709555675,respond,q3072,sprint,a,mobile
1548709559984,submit,b1958,sprint,,mobile
1548709604994,enter,b2114,sprint,,mobile
1548709681183,respond,q3540,sprint,c,mobile
1548709685347,submit,b2114,sprint,,mobile
1548709744861,enter,b2009,sprint,,mobile
1548709822275,respond,q3225,sprint,a,mobile
1548709825434,submit,b2009,sprint,,mobile
1548709868872,enter,b1937,sprint,,mobile
1548709939870,respond,q3009,sprint,a,mobile
1548709942648,submit,b1937,sprint,,mobile
1548710002375,enter,b4303,sprint,,mobile
1548710013340,respond,q5771,sprint,b,mobile
1548710017702,submit,b4303,sprint,,mobile
1548710026620,enter,b4851,sprint,,mobile
1548710054004,respond,q6319,sprint,d,mobile
1548710057440,respond,q6319,sprint,b,mobile
1548710067315,submit,b4851,sprint,,mobile
1548710079096,enter,b3051,sprint,,mobile
1548710092978,respond,q4519,sprint,b,mobile
1548710107528,submit,b3051,sprint,,mobile
1548710126296,enter,b6788,sprint,,mobile
1548710136311,respond,q9437,sprint,a,mobile
1548710147365,submit,b6788,sprint,,mobile
1548710171473,enter,b4312,sprint,,mobile
1548710195963,respond,q5780,sprint,b,mobile
1548710201539,submit,b4312,sprint,,mobile
1548710247671,enter,b4219,sprint,,mobile
1548710266075,respond,q5687,sprint,b,mobile
1548710286956,respond,q5687,sprint,c,mobile
1548710290999,submit,b4219,sprint,,mobile
1548710326818,enter,b3609,sprint,,mobile
1548710342555,respond,q5077,sprint,d,mobile
1548710359125,respond,q5077,sprint,c,mobile
1548710362202,submit,b3609,sprint,,mobile
1548710501051,enter,b3051,adaptive_offer,,mobile
1548710506585,respond,q4519,adaptive_offer,a,mobile
1548710508876,submit,b3051,adaptive_offer,,mobile
1548710514294,enter,b3609,adaptive_offer,,mobile
1548710519228,respond,q5077,adaptive_offer,a,mobile
1548710522050,submit,b3609,adaptive_offer,,mobile
1548710529147,enter,b5846,sprint,,mobile
1548710541456,respond,q8495,sprint,d,mobile
1548710545087,submit,b5846,sprint,,mobile
1548710557302,enter,b3794,sprint,,mobile
1548710609919,respond,q5262,sprint,a,mobile
1548710611670,respond,q5262,sprint,c,mobile
1548710614664,submit,b3794,sprint,,mobile
1548710671393,enter,b6929,sprint,,mobile
1548710741482,respond,q9578,sprint,c,mobile
1548710746281,submit,b6929,sprint,,mobile
1548731676216,enter,b2197,sprint,,mobile
1548731693486,respond,q3665,sprint,b,mobile
1548731696090,submit,b2197,sprint,,mobile
1548731708863,enter,b7069,sprint,,mobile
1548731719703,respond,q9718,sprint,b,mobile
1548731724158,submit,b7069,sprint,,mobile
1548897830842,enter,b2961,sprint,,mobile
1548897845138,respond,q4429,sprint,b,mobile
1548897854006,respond,q4429,sprint,c,mobile
1548897857332,submit,b2961,sprint,,mobile
1548897997210,enter,b3078,sprint,,mobile
1548898027246,respond,q4546,sprint,a,mobile
1548898033004,submit,b3078,sprint,,mobile
1548898069266,enter,b3003,sprint,,mobile
1548898092895,respond,q4471,sprint,d,mobile
1548898098025,submit,b3003,sprint,,mobile
1548898130574,enter,b7175,sprint,,mobile
1548898132781,respond,q9824,sprint,d,mobile
1548898135660,submit,b7175,sprint,,mobile
1548898158453,enter,b2845,sprint,,mobile
1548898171999,respond,q4313,sprint,c,mobile
1548898174725,submit,b2845,sprint,,mobile
1548898182782,enter,b6930,sprint,,mobile
1548898191390,respond,q9579,sprint,b,mobile
1548898224252,submit,b6930,sprint,,mobile
1548898331184,enter,b3089,sprint,,mobile
1548898348713,respond,q4557,sprint,b,mobile
1548898354532,submit,b3089,sprint,,mobile
1548898372508,enter,b6155,sprint,,mobile
1548898400383,respond,q8804,sprint,b,mobile
1548898402670,respond,q8804,sprint,d,mobile
1548898407388,submit,b6155,sprint,,mobile
1548898457965,enter,b2698,sprint,,mobile
1548898463030,respond,q4166,sprint,b,mobile
1548898473685,submit,b2698,sprint,,mobile
1548898508632,enter,b3562,sprint,,mobile
1548898547079,respond,q5030,sprint,c,mobile
1548898552000,submit,b3562,sprint,,mobile
1548899052680,enter,b4700,sprint,,mobile
1548899101975,respond,q6168,sprint,a,mobile
1548899105428,submit,b4700,sprint,,mobile
1548899252651,enter,b7346,sprint,,mobile
1548899288685,respond,q9995,sprint,d,mobile
1548899294412,submit,b7346,sprint,,mobile
1548899353545,enter,b3842,sprint,,mobile
1548899392514,respond,q5310,sprint,c,mobile
1548899401392,submit,b3842,sprint,,mobile
1548899488351,enter,b2569,sprint,,mobile
1548899543997,respond,q4037,sprint,a,mobile
1548899545030,respond,q4037,sprint,b,mobile
1548899552850,respond,q4037,sprint,a,mobile
1548899567119,respond,q4037,sprint,b,mobile
1548899570334,submit,b2569,sprint,,mobile
1548899665645,enter,b5139,sprint,,mobile
1548899695464,respond,q6733,sprint,d,mobile
1548899702285,submit,b5139,sprint,,mobile
1548899901016,enter,b6797,sprint,,mobile
1548899915886,respond,q9446,sprint,a,mobile
1548899920366,submit,b6797,sprint,,mobile
1548899945060,enter,b5138,sprint,,mobile
1548899952216,respond,q6732,sprint,b,mobile
1548899963122,submit,b5138,sprint,,mobile
1548900021936,enter,b4538,sprint,,mobile
1548900029101,respond,q6006,sprint,c,mobile
1548900032072,respond,q6006,sprint,a,mobile
1548900043662,submit,b4538,sprint,,mobile
1548900071239,enter,b2214,sprint,,mobile
1548900087810,respond,q3682,sprint,c,mobile
1548900093963,submit,b2214,sprint,,mobile
1548900109055,enter,b7339,sprint,,mobile
1548900167850,respond,q9988,sprint,d,mobile
1548900171629,submit,b7339,sprint,,mobile
1548914756849,enter,b5146,sprint,,mobile
1548914788897,respond,q6740,sprint,a,mobile
1548914806140,respond,q6740,sprint,c,mobile
1548914810610,submit,b5146,sprint,,mobile
1548914918126,enter,b3752,sprint,,mobile
1548914939433,respond,q5220,sprint,d,mobile
1548914947275,submit,b3752,sprint,,mobile
1548915009400,enter,b3091,sprint,,mobile
1548915022623,respond,q4559,sprint,b,mobile
1548915027919,submit,b3091,sprint,,mobile
1548915081436,enter,b6503,sprint,,mobile
1548915099105,respond,q9152,sprint,d,mobile
1548915099639,respond,q9152,sprint,c,mobile
1548915100190,respond,q9152,sprint,b,mobile
1548915100691,respond,q9152,sprint,a,mobile
1548915105919,respond,q9152,sprint,b,mobile
1548915107475,respond,q9152,sprint,c,mobile
1548915108482,respond,q9152,sprint,d,mobile
1548915116629,submit,b6503,sprint,,mobile
1548915190676,enter,b4643,sprint,,mobile
1548915222232,respond,q6111,sprint,a,mobile
1548915230883,respond,q6111,sprint,c,mobile
1548915238182,submit,b4643,sprint,,mobile
1548915294111,enter,b2700,sprint,,mobile
1548915309669,respond,q4168,sprint,a,mobile
1548915310264,respond,q4168,sprint,b,mobile
1548915310615,respond,q4168,sprint,c,mobile
1548915310916,respond,q4168,sprint,d,mobile
1548915311349,respond,q4168,sprint,a,mobile
1548915317597,submit,b2700,sprint,,mobile
1548915343860,enter,b4494,sprint,,mobile
1548915353766,respond,q5962,sprint,c,mobile
1548915355894,respond,q5962,sprint,b,mobile
1548915356389,respond,q5962,sprint,c,mobile
1548915364662,submit,b4494,sprint,,mobile
1548915394176,enter,b6193,sprint,,mobile
1548915435069,respond,q8842,sprint,b,mobile
1548915446627,submit,b6193,sprint,,mobile
1548915578435,enter,b4925,sprint,,mobile
1548915612219,respond,q6393,sprint,c,mobile
1548915618903,submit,b4925,sprint,,mobile
1548915650365,enter,b2460,sprint,,mobile
1548915654508,respond,q3928,sprint,b,mobile
1548915664046,submit,b2460,sprint,,mobile
1548915673697,enter,b2704,sprint,,mobile
1548915686830,respond,q4172,sprint,a,mobile
1548915688280,respond,q4172,sprint,d,mobile
1548915698004,submit,b2704,sprint,,mobile
1548915710858,enter,b6857,sprint,,mobile
1548915738517,respond,q9506,sprint,d,mobile
1548915743603,respond,q9506,sprint,c,mobile
1548915744429,respond,q9506,sprint,b,mobile
1548915748940,submit,b6857,sprint,,mobile
1548915787398,enter,b2467,sprint,,mobile
1548915809751,respond,q3935,sprint,b,mobile
1548915820828,submit,b2467,sprint,,mobile
1548915876424,enter,b3147,sprint,,mobile
1548915918330,respond,q4615,sprint,c,mobile
1548915927296,submit,b3147,sprint,,mobile
1548915993623,enter,b2963,sprint,,mobile
1548916008974,respond,q4431,sprint,a,mobile
1548916022078,submit,b2963,sprint,,mobile
1548916203776,enter,b4691,review_quiz,,mobile
1548916223709,respond,q6159,review_quiz,c,mobile
1548916226237,submit,b4691,review_quiz,,mobile
1548916236866,enter,b5207,review_quiz,,mobile
1548916410007,respond,q6924,review_quiz,c,mobile
1548916433852,respond,q6923,review_quiz,b,mobile
1548916439058,submit,b5207,review_quiz,,mobile
1548917602512,enter,b2460,review_quiz,,mobile
1548917605144,respond,q3928,review_quiz,b,mobile
1548917607568,submit,b2460,review_quiz,,mobile
1548917610849,enter,b5604,review_quiz,,mobile
1548917634448,respond,q8133,review_quiz,c,mobile
1548917637050,submit,b5604,review_quiz,,mobile
1548917643193,enter,b3609,review_quiz,,mobile
1548917650732,respond,q5077,review_quiz,a,mobile
1548917660774,respond,q5077,review_quiz,a,mobile
1548917663619,submit,b3609,review_quiz,,mobile
1548917700875,enter,b7951,review_quiz,,mobile
1548917879564,respond,q10751,review_quiz,d,mobile
1548917891874,submit,b7951,review_quiz,,mobile
1548917955275,enter,b1279,review_quiz,,mobile
1548917973476,respond,q1279,review_quiz,a,mobile
1548917978524,respond,q1279,review_quiz,c,mobile
1548917981042,submit,b1279,review_quiz,,mobile
1548918006740,enter,b5172,review_quiz,,mobile
1548918187177,respond,q6784,review_quiz,d,mobile
1548918191943,submit,b5172,review_quiz,,mobile
1548918304245,enter,b4623,review_quiz,,mobile
1548918337141,respond,q6091,review_quiz,c,mobile
1548918342277,submit,b4623,review_quiz,,mobile
1548918378687,enter,b6857,review_quiz,,mobile
1548918385615,respond,q9506,review_quiz,c,mobile
1548918395174,submit,b6857,review_quiz,,mobile
1548918398676,enter,b3446,review_quiz,,mobile
1548918431450,respond,q4914,review_quiz,a,mobile
1548918442275,respond,q4914,review_quiz,c,mobile
1548918445872,submit,b3446,review_quiz,,mobile
1548918462406,enter,b1345,review_quiz,,mobile
1548918481309,respond,q1345,review_quiz,c,mobile
1548918483986,submit,b1345,review_quiz,,mobile
1548920742674,enter,b1910,sprint,,mobile
1548920801333,respond,q2928,sprint,d,mobile
1548920804732,submit,b1910,sprint,,mobile
1548920813123,enter,b1846,sprint,,mobile
1548920882682,respond,q2736,sprint,a,mobile
1548920896007,submit,b1846,sprint,,mobile
1548920961410,enter,b1961,sprint,,mobile
1548921033233,respond,q3081,sprint,a,mobile
1548921038550,submit,b1961,sprint,,mobile
1548921100223,enter,b8335,sprint,,mobile
1548921177945,respond,q11311,sprint,c,mobile
1548921183283,submit,b8335,sprint,,mobile
1548921281666,enter,b2048,sprint,,mobile
1548921359996,respond,q3342,sprint,c,mobile
1548921367765,submit,b2048,sprint,,mobile
1548921515771,enter,b1878,sprint,,mobile
1548921585000,respond,q2832,sprint,b,mobile
1548921593229,submit,b1878,sprint,,mobile
1548939399108,enter,b2035,review_quiz,,mobile
1548939470064,respond,q3303,review_quiz,d,mobile
1548939473147,submit,b2035,review_quiz,,mobile
1548939515618,enter,b5222,review_quiz,,mobile
1548939669320,respond,q6984,review_quiz,b,mobile
1548939675858,respond,q6984,review_quiz,d,mobile
1548939701669,respond,q6984,review_quiz,b,mobile
1548939705312,submit,b5222,review_quiz,,mobile
1548983483163,enter,b5102,sprint,,mobile
1548983619752,respond,q6624,sprint,c,mobile
1548983625081,submit,b5102,sprint,,mobile
1549013612026,enter,b5185,adaptive_offer,,mobile
1549013784228,respond,q6836,adaptive_offer,c,mobile
1549013834100,submit,b5185,adaptive_offer,,mobile
1549081348391,enter,b7920,sprint,,mobile
1549081488606,respond,q10637,sprint,d,mobile
1549081542388,submit,b7920,sprint,,mobile
1549081654092,enter,b5179,sprint,,mobile
1549081794996,respond,q6812,sprint,a,mobile
1549081804670,respond,q6812,sprint,a,mobile
1549081812034,submit,b5179,sprint,,mobile
1549081935440,enter,b5106,sprint,,mobile
1549082110034,respond,q6640,sprint,a,mobile
1549082133935,respond,q6638,sprint,b,mobile
1549082148937,respond,q6638,sprint,c,mobile
1549082150480,respond,q6639,sprint,a,mobile
1549082161439,respond,q6638,sprint,c,mobile
1549082162234,respond,q6638,sprint,b,mobile
1549082167654,respond,q6639,sprint,a,mobile
1549082181363,submit,b5106,sprint,,mobile
1549082559129,enter,b5106,adaptive_offer,,mobile
1549082615297,respond,q6640,adaptive_offer,a,mobile
1549082618465,submit,b5106,adaptive_offer,,mobile
1549082647383,enter,b2106,sprint,,mobile
1549082718424,respond,q3516,sprint,a,mobile
1549082727450,submit,b2106,sprint,,mobile
1549082795652,enter,b1856,sprint,,mobile
1549082871188,respond,q2766,sprint,d,mobile
1549082874357,submit,b1856,sprint,,mobile
1549082928931,enter,b1827,sprint,,mobile
1549083002162,respond,q2679,sprint,c,mobile
1549083009029,respond,q2679,sprint,b,mobile
1549083011426,respond,q2679,sprint,c,mobile
1549083014538,submit,b1827,sprint,,mobile
1549083068458,enter,b1911,sprint,,mobile
1549083146649,respond,q2931,sprint,a,mobile
1549083166602,submit,b1911,sprint,,mobile
1549083271610,enter,b1833,sprint,,mobile
1549083342887,respond,q2697,sprint,d,mobile
1549083346628,respond,q2697,sprint,d,mobile
1549083352909,respond,q2697,sprint,a,mobile
1549083364285,submit,b1833,sprint,,mobile
1549095962036,enter,b6148,sprint,,mobile
1549095976911,respond,q8797,sprint,b,mobile
1549095985828,respond,q8797,sprint,c,mobile
1549095991328,submit,b6148,sprint,,mobile
1549096014095,enter,b4972,sprint,,mobile
1549096048605,respond,q6440,sprint,d,mobile
1549096056139,submit,b4972,sprint,,mobile
1549096078997,enter,b3381,sprint,,mobile
1549096090893,respond,q4849,sprint,c,mobile
1549096105125,respond,q4849,sprint,a,mobile
1549096109836,submit,b3381,sprint,,mobile
1549096130214,enter,b2573,sprint,,mobile
1549096142135,respond,q4041,sprint,d,mobile
1549096147263,submit,b2573,sprint,,mobile
1549096161035,enter,b7659,sprint,,mobile
1549096174873,respond,q10308,sprint,a,mobile
1549096182342,submit,b7659,sprint,,mobile
1549096218113,enter,b4180,sprint,,mobile
1549096234087,respond,q5648,sprint,b,mobile
1549096235008,respond,q5648,sprint,c,mobile
1549096236474,respond,q5648,sprint,b,mobile
1549096244811,submit,b4180,sprint,,mobile
1549096279378,enter,b4866,sprint,,mobile
1549096302775,respond,q6334,sprint,b,mobile
1549096305791,submit,b4866,sprint,,mobile
1549096319252,enter,b2191,sprint,,mobile
1549096342110,respond,q3659,sprint,a,mobile
1549096345068,submit,b2191,sprint,,mobile
1549096356431,enter,b6718,sprint,,mobile
1549096381286,respond,q9367,sprint,d,mobile
1549096394578,submit,b6718,sprint,,mobile
1549096408644,enter,b3581,sprint,,mobile
1549096415076,respond,q5049,sprint,a,mobile
1549096417686,submit,b3581,sprint,,mobile
1549096424515,enter,b5837,sprint,,mobile
1549096463739,respond,q8486,sprint,d,mobile
1549096466493,submit,b5837,sprint,,mobile
1549096543858,enter,b3830,sprint,,mobile
1549096557359,respond,q5298,sprint,b,mobile
1549096558131,respond,q5298,sprint,c,mobile
1549096560964,submit,b3830,sprint,,mobile
1549119187650,enter,b6256,sprint,,mobile
1549119212884,respond,q8905,sprint,a,mobile
1549119215687,submit,b6256,sprint,,mobile
1549119237600,enter,b3165,sprint,,mobile
1549119278223,respond,q4633,sprint,d,mobile
1549119281295,submit,b3165,sprint,,mobile
1549119311742,enter,b4614,sprint,,mobile
1549119348231,respond,q6082,sprint,a,mobile
1549119355060,respond,q6082,sprint,b,mobile
1549119368927,submit,b4614,sprint,,mobile
1549119401035,enter,b2461,sprint,,mobile
1549119418416,respond,q3929,sprint,d,mobile
1549119434682,submit,b2461,sprint,,mobile
1549119467502,enter,b6133,sprint,,mobile
1549119484629,respond,q8782,sprint,d,mobile
1549119488535,submit,b6133,sprint,,mobile
1549119534363,enter,b4725,sprint,,mobile
1549119568134,respond,q6193,sprint,a,mobile
1549119574422,submit,b4725,sprint,,mobile
1549167622951,enter,b2969,sprint,,mobile
1549167641384,respond,q4437,sprint,a,mobile
1549167649713,submit,b2969,sprint,,mobile
1549167706585,enter,b3549,sprint,,mobile
1549167730117,respond,q5017,sprint,b,mobile
1549167739817,submit,b3549,sprint,,mobile
1549208928942,enter,b7652,sprint,,mobile
1549208943445,respond,q10301,sprint,b,mobile
1549208954325,respond,q10301,sprint,d,mobile
1549208959151,respond,q10301,sprint,a,mobile
1549208965682,submit,b7652,sprint,,mobile
1549208983979,enter,b3525,sprint,,mobile
1549209000124,respond,q4993,sprint,c,mobile
1549209010570,submit,b3525,sprint,,mobile
1549209041266,enter,b2737,sprint,,mobile
1549209050111,respond,q4205,sprint,b,mobile
1549209061116,submit,b2737,sprint,,mobile
1549209069722,enter,b3604,sprint,,mobile
1549209081789,respond,q5072,sprint,a,mobile
1549209095838,submit,b3604,sprint,,mobile
1549209136764,enter,b6894,sprint,,mobile
1549209151353,respond,q9543,sprint,a,mobile
1549209168274,submit,b6894,sprint,,mobile
1549209202367,enter,b2550,sprint,,mobile
1549209219838,respond,q4018,sprint,c,mobile
1549209253893,respond,q4018,sprint,a,mobile
1549209254677,respond,q4018,sprint,b,mobile
1549209255385,respond,q4018,sprint,d,mobile
1549209257607,respond,q4018,sprint,c,mobile
1549209261061,submit,b2550,sprint,,mobile
1549209301501,enter,b2708,sprint,,mobile
1549209304994,respond,q4176,sprint,c,mobile
1549209318885,submit,b2708,sprint,,mobile
1549209327263,enter,b4316,sprint,,mobile
1549209330693,respond,q5784,sprint,d,mobile
1549209335225,submit,b4316,sprint,,mobile
1549209340696,enter,b7267,sprint,,mobile
1549209407846,respond,q9916,sprint,b,mobile
1549209413664,submit,b7267,sprint,,mobile
1549209537210,enter,b3076,sprint,,mobile
1549209547557,respond,q4544,sprint,d,mobile
1549209588910,submit,b3076,sprint,,mobile
1549209625688,enter,b3062,sprint,,mobile
1549209660020,respond,q4530,sprint,b,mobile
1549209668782,respond,q4530,sprint,c,mobile
1549209669660,respond,q4530,sprint,d,mobile
1549209671744,respond,q4530,sprint,c,mobile
1549209672292,respond,q4530,sprint,b,mobile
1549209672656,respond,q4530,sprint,a,mobile
1549209674984,respond,q4530,sprint,c,mobile
1549209675703,respond,q4530,sprint,d,mobile
1549209685945,submit,b3062,sprint,,mobile
1549209780531,enter,b3755,sprint,,mobile
1549209789241,respond,q5223,sprint,a,mobile
1549209791349,respond,q5223,sprint,d,mobile
1549209796633,submit,b3755,sprint,,mobile
1549209817491,enter,b7555,sprint,,mobile
1549209849510,respond,q10204,sprint,c,mobile
1549209851251,respond,q10204,sprint,d,mobile
1549209872103,submit,b7555,sprint,,mobile
1549209980717,enter,b2972,sprint,,mobile
1549209996111,respond,q4440,sprint,c,mobile
1549209996755,respond,q4440,sprint,d,mobile
1549210000742,submit,b2972,sprint,,mobile
1549210014228,enter,b6019,sprint,,mobile
1549210027272,respond,q8668,sprint,d,mobile
1549210036731,respond,q8668,sprint,c,mobile
1549210052242,respond,q8668,sprint,d,mobile
1549210056297,respond,q8668,sprint,b,mobile
1549210072768,submit,b6019,sprint,,mobile
1549210151596,enter,b2533,sprint,,mobile
1549210160109,respond,q4001,sprint,c,mobile
1549210161125,respond,q4001,sprint,a,mobile
1549210173706,submit,b2533,sprint,,mobile
1549210210290,enter,b6518,sprint,,mobile
1549210244292,respond,q9167,sprint,a,mobile
1549210252366,submit,b6518,sprint,,mobile
1549210287764,enter,b2647,sprint,,mobile
1549210303783,respond,q4115,sprint,c,mobile
1549210305820,respond,q4115,sprint,d,mobile
1549210314849,respond,q4115,sprint,b,mobile
1549210325834,submit,b2647,sprint,,mobile
1549257109450,enter,b3863,sprint,,mobile
1549257134698,respond,q5331,sprint,c,mobile
1549257139067,respond,q5331,sprint,b,mobile
1549257149759,respond,q5331,sprint,c,mobile
1549257159136,respond,q5331,sprint,d,mobile
1549257162964,submit,b3863,sprint,,mobile
1549257224866,enter,b2568,sprint,,mobile
1549257239783,respond,q4036,sprint,a,mobile
1549257269973,submit,b2568,sprint,,mobile
1549270217138,enter,b2550,adaptive_offer,,mobile
1549270223016,respond,q4018,adaptive_offer,b,mobile
1549270227020,submit,b2550,adaptive_offer,,mobile
1549270232188,enter,b3863,adaptive_offer,,mobile
1549270240158,respond,q5331,adaptive_offer,a,mobile
1549270243660,submit,b3863,adaptive_offer,,mobile
1549270266429,enter,b6267,sprint,,mobile
1549270274627,respond,q8916,sprint,c,mobile
1549270283732,submit,b6267,sprint,,mobile
1549270302920,enter,b3000,sprint,,mobile
1549270328261,respond,q4468,sprint,b,mobile
1549270335984,respond,q4468,sprint,d,mobile
1549270341128,submit,b3000,sprint,,mobile
1549293976593,enter,b3939,sprint,,mobile
1549294004466,respond,q5407,sprint,c,mobile
1549294008233,submit,b3939,sprint,,mobile
1549294070976,enter,b2280,sprint,,mobile
1549294101714,respond,q3748,sprint,a,mobile
1549294106384,submit,b2280,sprint,,mobile
1549294136009,enter,b6084,sprint,,mobile
1549294168510,respond,q8733,sprint,b,mobile
1549294172296,submit,b6084,sprint,,mobile
1549294191660,enter,b3932,sprint,,mobile
1549294247857,respond,q5400,sprint,d,mobile
1549294251907,submit,b3932,sprint,,mobile
1549294315380,enter,b4575,sprint,,mobile
1549294322224,respond,q6043,sprint,c,mobile
1549294326519,submit,b4575,sprint,,mobile
1549294331375,enter,b4998,sprint,,mobile
1549294340153,respond,q6466,sprint,a,mobile
1549294343487,submit,b4998,sprint,,mobile
1549294351509,enter,b7486,sprint,,mobile
1549294368711,respond,q10135,sprint,c,mobile
1549294370174,respond,q10135,sprint,b,mobile
1549294370826,respond,q10135,sprint,d,mobile
1549294376671,submit,b7486,sprint,,mobile
1549294415640,enter,b3576,sprint,,mobile
1549294452615,respond,q5044,sprint,c,mobile
1549294457942,respond,q5044,sprint,b,mobile
1549294465223,submit,b3576,sprint,,mobile
1549294506650,enter,b2656,sprint,,mobile
1549294517493,respond,q4124,sprint,a,mobile
1549294526143,submit,b2656,sprint,,mobile
1549294539012,enter,b2515,sprint,,mobile
1549294548278,respond,q3983,sprint,c,mobile
1549294554487,submit,b2515,sprint,,mobile
1549294571468,enter,b6475,sprint,,mobile
1549294597576,respond,q9124,sprint,d,mobile
1549294607718,submit,b6475,sprint,,mobile
1549294638725,enter,b4001,sprint,,mobile
1549294673868,respond,q5469,sprint,b,mobile
1549294683324,submit,b4001,sprint,,mobile
1549294706715,enter,b4225,sprint,,mobile
1549294726259,respond,q5693,sprint,a,mobile
1549294734112,submit,b4225,sprint,,mobile
1549294745367,enter,b6963,sprint,,mobile
1549294761555,respond,q9612,sprint,a,mobile
1549294766104,submit,b6963,sprint,,mobile
1549294773847,enter,b5850,sprint,,mobile
1549294815851,respond,q8499,sprint,b,mobile
1549294827902,submit,b5850,sprint,,mobile
1549294850111,enter,b2230,sprint,,mobile
1549294890982,respond,q3698,sprint,d,mobile
1549294896430,submit,b2230,sprint,,mobile
1549294907103,enter,b4237,sprint,,mobile
1549294910827,respond,q5705,sprint,a,mobile
1549294918977,respond,q5705,sprint,b,mobile
1549294924334,submit,b4237,sprint,,mobile
1549294929479,enter,b3864,sprint,,mobile
1549294944200,respond,q5332,sprint,a,mobile
1549294953109,submit,b3864,sprint,,mobile
1549294962425,enter,b7592,sprint,,mobile
1549294998233,respond,q10241,sprint,b,mobile
1549295009342,submit,b7592,sprint,,mobile
1549295071635,enter,b3855,sprint,,mobile
1549295087852,respond,q5323,sprint,b,mobile
1549295095114,submit,b3855,sprint,,mobile
1549436911146,enter,b2267,sprint,,mobile
1549436931765,respond,q3735,sprint,c,mobile
1549436947212,respond,q3735,sprint,a,mobile
1549436950901,respond,q3735,sprint,c,mobile
1549436955454,submit,b2267,sprint,,mobile
1549436985183,enter,b5029,sprint,,mobile
1549437090094,respond,q6497,sprint,d,mobile
1549437095532,submit,b5029,sprint,,mobile
1549437137876,enter,b7333,sprint,,mobile
1549437155306,respond,q9982,sprint,a,mobile
1549437157626,respond,q9982,sprint,c,mobile
1549437158568,respond,q9982,sprint,d,mobile
1549437163319,submit,b7333,sprint,,mobile
1549437204842,enter,b3085,sprint,,mobile
1549437233435,respond,q4553,sprint,d,mobile
1549437238812,submit,b3085,sprint,,mobile
1549437273369,enter,b4889,sprint,,mobile
1549437284073,respond,q6357,sprint,a,mobile
1549437293655,submit,b4889,sprint,,mobile
1549437301994,enter,b4898,sprint,,mobile
1549437322962,respond,q6366,sprint,a,mobile
1549437325217,respond,q6366,sprint,d,mobile
1549437330869,submit,b4898,sprint,,mobile
1549437379039,enter,b7468,sprint,,mobile
1549437414482,respond,q10117,sprint,a,mobile
1549437424862,submit,b7468,sprint,,mobile
1549437639549,enter,b3853,sprint,,mobile
1549437649951,respond,q5321,sprint,b,mobile
1549437653067,submit,b3853,sprint,,mobile
1549437704346,enter,b5026,sprint,,mobile
1549437734372,respond,q6494,sprint,c,mobile
1549437737925,submit,b5026,sprint,,mobile
1549437753517,enter,b4117,sprint,,mobile
1549437767281,respond,q5585,sprint,a,mobile
1549437788946,respond,q5585,sprint,c,mobile
1549437799198,respond,q5585,sprint,b,mobile
1549437804873,submit,b4117,sprint,,mobile
1549437888371,enter,b7439,sprint,,mobile
1549437914459,respond,q10088,sprint,c,mobile
1549437916971,submit,b7439,sprint,,mobile
1549437925523,enter,b3862,sprint,,mobile
1549437940850,respond,q5330,sprint,d,mobile
1549437944117,submit,b3862,sprint,,mobile
1549437968867,enter,b4265,sprint,,mobile
1549437977765,respond,q5733,sprint,c,mobile
1549438005634,submit,b4265,sprint,,mobile
1549439303863,enter,b4775,review_quiz,,mobile
1549439325606,respond,q6243,review_quiz,d,mobile
1549439332396,submit,b4775,review_quiz,,mobile
1549439340197,enter,b3576,review_quiz,,mobile
1549439350811,respond,q5044,review_quiz,d,mobile
1549439361661,submit,b3576,review_quiz,,mobile
1549439374432,enter,b2850,review_quiz,,mobile
1549439400203,respond,q4318,review_quiz,d,mobile
1549439402551,submit,b2850,review_quiz,,mobile
1549439412285,enter,b4718,review_quiz,,mobile
1549439477558,respond,q6186,review_quiz,d,mobile
1549439479747,submit,b4718,review_quiz,,mobile
1549439533439,enter,b7486,review_quiz,,mobile
1549439548917,respond,q10135,review_quiz,d,mobile
1549439551632,submit,b7486,review_quiz,,mobile
1549439608291,enter,b3165,review_quiz,,mobile
1549439653989,respond,q4633,review_quiz,a,mobile
1549439656254,submit,b3165,review_quiz,,mobile
1549440221667,enter,b6929,review_quiz,,mobile
1549440260192,respond,q9578,review_quiz,c,mobile
1549440261080,respond,q9578,review_quiz,b,mobile
1549440287156,respond,q9578,review_quiz,a,mobile
1549440292495,respond,q9578,review_quiz,b,mobile
1549440298142,respond,q9578,review_quiz,a,mobile
1549440304637,submit,b6929,review_quiz,,mobile
1549446433983,enter,b3664,review_quiz,,mobile
1549446461341,respond,q5132,review_quiz,d,mobile
1549446466457,submit,b3664,review_quiz,,mobile
1549446487264,enter,b6503,review_quiz,,mobile
1549446497606,respond,q9152,review_quiz,b,mobile
1549446499961,submit,b6503,review_quiz,,mobile
1549446509978,enter,b3789,review_quiz,,mobile
1549446543607,respond,q5257,review_quiz,c,mobile
1549446548626,respond,q5257,review_quiz,a,mobile
1549446552545,submit,b3789,review_quiz,,mobile
1549446559434,enter,b3517,review_quiz,,mobile
1549446565460,respond,q4985,review_quiz,a,mobile
1549446571766,submit,b3517,review_quiz,,mobile
1549446613247,enter,b8167,sprint,,mobile
1549446633015,respond,q11114,sprint,c,mobile
1549446635371,submit,b8167,sprint,,mobile
1549446639913,enter,b5547,sprint,,mobile
1549446661591,respond,q8076,sprint,d,mobile
1549446663615,submit,b5547,sprint,,mobile
1549446670027,enter,b5574,sprint,,mobile
1549446694007,submit,b5574,sprint,,mobile
1549446700448,enter,b5608,sprint,,mobile
1549446710967,respond,q8137,sprint,a,mobile
1549446722374,submit,b5608,sprint,,mobile
1549446729664,enter,b8019,sprint,,mobile
1549446743249,respond,q10966,sprint,b,mobile
1549446753327,submit,b8019,sprint,,mobile
1549446818407,enter,b38,sprint,,mobile
1549446826886,respond,q38,sprint,a,mobile
1549446829954,submit,b38,sprint,,mobile
1549446864502,enter,b20,sprint,,mobile
1549446883158,respond,q20,sprint,b,mobile
1549446887947,submit,b20,sprint,,mobile
1549446914853,enter,b8076,sprint,,mobile
1549446937400,respond,q11023,sprint,d,mobile
1549446940164,submit,b8076,sprint,,mobile
1549446955723,enter,b5593,sprint,,mobile
1549446970131,respond,q8122,sprint,a,mobile
1549446981909,submit,b5593,sprint,,mobile
1549447008289,enter,b151,sprint,,mobile
1549447018262,respond,q151,sprint,a,mobile
1549447032014,submit,b151,sprint,,mobile
1549447054027,enter,b183,sprint,,mobile
1549447071895,respond,q183,sprint,c,mobile
1549447077909,respond,q183,sprint,d,mobile
1549447081394,submit,b183,sprint,,mobile
1549447162158,enter,b1270,sprint,,mobile
1549447178253,respond,q1270,sprint,b,mobile
1549447181898,submit,b1270,sprint,,mobile
1549447203012,enter,b485,sprint,,mobile
1549447222395,respond,q485,sprint,c,mobile
1549447224969,submit,b485,sprint,,mobile
1549447245400,enter,b1158,sprint,,mobile
1549447257167,respond,q1158,sprint,a,mobile
1549447263054,submit,b1158,sprint,,mobile
1549447286256,enter,b1336,sprint,,mobile
1549447301909,respond,q1336,sprint,b,mobile
1549447306718,submit,b1336,sprint,,mobile
1549447333888,enter,b823,sprint,,mobile
1549447350884,respond,q823,sprint,b,mobile
1549447353634,submit,b823,sprint,,mobile
1549447382120,enter,b368,sprint,,mobile
1549447401452,respond,q368,sprint,b,mobile
1549447405079,submit,b368,sprint,,mobile
1549447426984,enter,b678,sprint,,mobile
1549447445233,respond,q678,sprint,b,mobile
1549447447662,submit,b678,sprint,,mobile
1549447468448,enter,b543,sprint,,mobile
1549447481697,respond,q543,sprint,b,mobile
1549447487564,submit,b543,sprint,,mobile
1549447507452,enter,b409,sprint,,mobile
1549447515922,respond,q409,sprint,a,mobile
1549447525672,submit,b409,sprint,,mobile
1549447540618,enter,b469,sprint,,mobile
1549447558621,respond,q469,sprint,c,mobile
1549447560975,submit,b469,sprint,,mobile
1549447581809,enter,b600,sprint,,mobile
1549447599394,respond,q600,sprint,a,mobile
1549447601832,submit,b600,sprint,,mobile
1549447631570,enter,b946,sprint,,mobile
1549447645225,respond,q946,sprint,b,mobile
1549447651034,submit,b946,sprint,,mobile
1549447672447,enter,b931,sprint,,mobile
1549447689084,respond,q931,sprint,c,mobile
1549447691820,submit,b931,sprint,,mobile
1549447712680,enter,b459,sprint,,mobile
1549447730796,respond,q459,sprint,a,mobile
1549447733932,submit,b459,sprint,,mobile
1549447756911,enter,b1326,sprint,,mobile
1549447776559,submit,b1326,sprint,,mobile
1549447791201,enter,b1270,adaptive_offer,,mobile
1549447803492,respond,q1270,adaptive_offer,c,mobile
1549447809829,submit,b1270,adaptive_offer,,mobile
1549447814340,enter,b289,adaptive_offer,,mobile
1549447831034,respond,q289,adaptive_offer,b,mobile
1549447833830,submit,b289,adaptive_offer,,mobile
1549447876119,enter,b3042,sprint,,mobile
1549447885804,respond,q4510,sprint,a,mobile
1549447897473,submit,b3042,sprint,,mobile
1549447914848,enter,b6093,sprint,,mobile
1549447922351,respond,q8742,sprint,c,mobile
1549447930345,submit,b6093,sprint,,mobile
1549447936324,enter,b5057,sprint,,mobile
1549447969640,respond,q6525,sprint,b,mobile
1549447974699,submit,b5057,sprint,,mobile
1549448008423,enter,b3970,sprint,,mobile
1549448013719,respond,q5438,sprint,c,mobile
1549448016311,respond,q5438,sprint,d,mobile
1549448020403,respond,q5438,sprint,c,mobile
1549448023291,respond,q5438,sprint,a,mobile
1549448033727,submit,b3970,sprint,,mobile
1549448041069,enter,b2232,sprint,,mobile
1549448048136,respond,q3700,sprint,a,mobile
1549448051613,submit,b2232,sprint,,mobile
1549448060086,enter,b6698,sprint,,mobile
1549448090042,respond,q9347,sprint,b,mobile
1549448113976,respond,q9347,sprint,d,mobile
1549448122593,submit,b6698,sprint,,mobile
1549448137871,enter,b4295,sprint,,mobile
1549448157471,respond,q5763,sprint,c,mobile
1549448157989,respond,q5763,sprint,d,mobile
1549448166819,submit,b4295,sprint,,mobile
1549448193770,enter,b5033,sprint,,mobile
1549448259649,respond,q6501,sprint,c,mobile
1549448261636,respond,q6501,sprint,d,mobile
1549448265420,submit,b5033,sprint,,mobile
1549448284997,enter,b6038,sprint,,mobile
1549448288498,respond,q8687,sprint,a,mobile
1549448291835,submit,b6038,sprint,,mobile
1549448297588,enter,b7603,sprint,,mobile
1549448311432,respond,q10252,sprint,b,mobile
1549448314549,submit,b7603,sprint,,mobile
1549448327985,enter,b2361,sprint,,mobile
1549448335401,respond,q3829,sprint,d,mobile
1549448344670,submit,b2361,sprint,,mobile
1549448358716,enter,b3859,sprint,,mobile
1549448371310,respond,q5327,sprint,c,mobile
1549448371832,respond,q5327,sprint,a,mobile
1549448379745,submit,b3859,sprint,,mobile
1549448397598,enter,b3572,sprint,,mobile
1549448442438,respond,q5040,sprint,c,mobile
1549448448192,submit,b3572,sprint,,mobile
1549448486532,enter,b6816,sprint,,mobile
1549448501941,respond,q9465,sprint,c,mobile
1549448503055,respond,q9465,sprint,b,mobile
1549448503475,respond,q9465,sprint,a,mobile
1549448508369,submit,b6816,sprint,,mobile
1549448543664,enter,b3878,sprint,,mobile
1549448552480,respond,q5346,sprint,c,mobile
1549448557784,submit,b3878,sprint,,mobile
1549448583596,enter,b4885,sprint,,mobile
1549448640712,respond,q6353,sprint,c,mobile
1549448645570,respond,q6353,sprint,d,mobile
1549448648762,submit,b4885,sprint,,mobile
1549448674227,enter,b3592,sprint,,mobile
1549448696457,respond,q5060,sprint,b,mobile
1549448701384,submit,b3592,sprint,,mobile
1549448717247,enter,b6908,sprint,,mobile
1549448726738,respond,q9557,sprint,b,mobile
1549448731765,submit,b6908,sprint,,mobile
1549448738114,enter,b4754,sprint,,mobile
1549448749267,respond,q6222,sprint,c,mobile
1549448755684,submit,b4754,sprint,,mobile
1549448775613,enter,b6984,sprint,,mobile
1549448824355,respond,q9633,sprint,a,mobile
1549448825257,respond,q9633,sprint,b,mobile
1549448828202,submit,b6984,sprint,,mobile
1549448853045,enter,b5094,sprint,,mobile
1549448968088,respond,q6592,sprint,a,mobile
1549448971867,submit,b5094,sprint,,mobile
1549449037752,enter,b5086,sprint,,mobile
1549449125303,respond,q6560,sprint,a,mobile
1549449131716,respond,q6560,sprint,c,mobile
1549449137288,submit,b5086,sprint,,mobile
1549449175021,enter,b5180,sprint,,mobile
1549449313407,respond,q6816,sprint,c,mobile
1549449317723,submit,b5180,sprint,,mobile
1549449358559,enter,b5188,sprint,,mobile
1549449511236,respond,q6848,sprint,b,mobile
1549449519572,submit,b5188,sprint,,mobile
1549509022869,enter,b1597,sprint,,mobile
1549509099118,respond,q1989,sprint,b,mobile
1549509102693,submit,b1597,sprint,,mobile
1549509183627,enter,b1604,sprint,,mobile
1549509259265,respond,q2010,sprint,a,mobile
1549509265401,submit,b1604,sprint,,mobile
1549509364397,enter,b1731,sprint,,mobile
1549509447571,respond,q2391,sprint,a,mobile
1549509451058,respond,q2391,sprint,a,mobile
1549509476013,respond,q2391,sprint,a,mobile
1549509480898,submit,b1731,sprint,,mobile
1549509548995,enter,b1519,sprint,,mobile
1549509640765,respond,q1755,sprint,c,mobile
1549509645804,submit,b1519,sprint,,mobile
1549509811680,enter,b515,review_quiz,,mobile
1549509832961,respond,q515,review_quiz,c,mobile
1549509835687,submit,b515,review_quiz,,mobile
1549509861490,enter,b1846,review_quiz,,mobile
1549509933081,respond,q2736,review_quiz,a,mobile
1549509936179,submit,b1846,review_quiz,,mobile
1549510003670,enter,b2048,review_quiz,,mobile
1549510084625,respond,q3342,review_quiz,b,mobile
1549510088122,submit,b2048,review_quiz,,mobile
1549510155601,enter,b2106,review_quiz,,mobile
1549510226985,respond,q3516,review_quiz,a,mobile
1549510233334,submit,b2106,review_quiz,,mobile
1549510295048,enter,b1446,review_quiz,,mobile
1549510367885,respond,q1536,review_quiz,a,mobile
1549510375025,submit,b1446,review_quiz,,mobile
1549534286982,enter,b3517,adaptive_offer,,mobile
1549534310390,respond,q4985,adaptive_offer,b,mobile
1549534312829,submit,b3517,adaptive_offer,,mobile
1549534343189,enter,b3664,adaptive_offer,,mobile
1549534350678,respond,q5132,adaptive_offer,a,mobile
1549534354795,submit,b3664,adaptive_offer,,mobile
1549534927376,enter,b2663,sprint,,mobile
1549534946816,respond,q4131,sprint,a,mobile
1549534949297,submit,b2663,sprint,,mobile
1549534973997,enter,b7407,sprint,,mobile
1549534992602,respond,q10056,sprint,b,mobile
1549534999922,submit,b7407,sprint,,mobile
1549535036265,enter,b2807,sprint,,mobile
1549535046103,respond,q4275,sprint,c,mobile
1549535052025,submit,b2807,sprint,,mobile
1549535076935,enter,b4307,sprint,,mobile
1549535155045,respond,q5775,sprint,c,mobile
1549535166748,submit,b4307,sprint,,mobile
1549535214245,enter,b2619,sprint,,mobile
1549535251025,respond,q4087,sprint,c,mobile
1549535253941,submit,b2619,sprint,,mobile
1549535266985,enter,b7600,sprint,,mobile
1549535276981,respond,q10249,sprint,c,mobile
1549535285110,submit,b7600,sprint,,mobile
1549535313282,enter,b3590,sprint,,mobile
1549535349191,respond,q5058,sprint,d,mobile
1549535358739,submit,b3590,sprint,,mobile
1549535441666,enter,b2263,sprint,,mobile
1549535460789,respond,q3731,sprint,c,mobile
1549535465077,submit,b2263,sprint,,mobile
1549535487706,enter,b2618,sprint,,mobile
1549535508462,respond,q4086,sprint,b,mobile
1549535509279,respond,q4086,sprint,a,mobile
1549535518127,submit,b2618,sprint,,mobile
1549535544874,enter,b5991,sprint,,mobile
1549535580188,respond,q8640,sprint,b,mobile
1549535582844,submit,b5991,sprint,,mobile
1549535599629,enter,b3811,sprint,,mobile
1549535655489,respond,q5279,sprint,a,mobile
1549535695930,respond,q5279,sprint,c,mobile
1549535702283,submit,b3811,sprint,,mobile
1549535724792,enter,b4215,sprint,,mobile
1549535740263,respond,q5683,sprint,b,mobile
1549535743525,submit,b4215,sprint,,mobile
1549535781755,enter,b4302,sprint,,mobile
1549535799726,respond,q5770,sprint,a,mobile
1549535804328,submit,b4302,sprint,,mobile
1549535841628,enter,b7331,sprint,,mobile
1549535896453,respond,q9980,sprint,c,mobile
1549535899115,respond,q9980,sprint,b,mobile
1549535900951,respond,q9980,sprint,c,mobile
1549535903441,respond,q9980,sprint,a,mobile
1549535934970,submit,b7331,sprint,,mobile
1549537871210,enter,b2077,sprint,,mobile
1549537943158,respond,q3429,sprint,a,mobile
1549537948172,submit,b2077,sprint,,mobile
1549537984204,enter,b1875,sprint,,mobile
1549538066690,respond,q2823,sprint,c,mobile
1549538071244,submit,b1875,sprint,,mobile
1549538187537,enter,b2032,sprint,,mobile
1549538261289,respond,q3294,sprint,c,mobile
1549538263948,respond,q3294,sprint,b,mobile
1549538266566,respond,q3294,sprint,a,mobile
1549538273260,submit,b2032,sprint,,mobile
1549538350041,enter,b1897,sprint,,mobile
1549538420875,respond,q2889,sprint,b,mobile
1549538432580,submit,b1897,sprint,,mobile
1549538472924,enter,b2127,sprint,,mobile
1549538555230,respond,q3579,sprint,c,mobile
1549538558897,respond,q3579,sprint,d,mobile
1549538563481,submit,b2127,sprint,,mobile
1549538806779,enter,b5337,sprint,,mobile
1549539005053,respond,q7401,sprint,b,mobile
1549539012304,submit,b5337,sprint,,mobile
1549539089015,enter,b5369,sprint,,mobile
1549539431770,respond,q7523,sprint,b,mobile
1549539433592,respond,q7522,sprint,d,mobile
1549539444820,submit,b5369,sprint,,mobile
1549539742126,enter,b5239,sprint,,mobile
1549540064965,respond,q7053,sprint,d,mobile
1549540069738,submit,b5239,sprint,,mobile
1549543736285,enter,b1815,sprint,,mobile
1549543810817,respond,q2643,sprint,b,mobile
1549543811476,respond,q2643,sprint,b,mobile
1549543812499,respond,q2643,sprint,b,mobile
1549543819675,submit,b1815,sprint,,mobile
1549543876201,enter,b1946,sprint,,mobile
1549543967972,respond,q3036,sprint,b,mobile
1549543972243,submit,b1946,sprint,,mobile
1549544096315,enter,b1829,sprint,,mobile
1549544171227,respond,q2685,sprint,d,mobile
1549544174574,submit,b1829,sprint,,mobile
1549544222043,enter,b1978,sprint,,mobile
1549544292505,respond,q3132,sprint,b,mobile
1549544296126,submit,b1978,sprint,,mobile
1549544351086,enter,b1884,sprint,,mobile
1549544416134,respond,q2850,sprint,c,mobile
1549544419934,submit,b1884,sprint,,mobile
1549544487367,enter,b1981,sprint,,mobile
1549544555998,respond,q3141,sprint,b,mobile
1549544559983,submit,b1981,sprint,,mobile
1549544565931,enter,b2070,sprint,,mobile
1549544647403,respond,q3408,sprint,a,mobile
1549544651015,submit,b2070,sprint,,mobile
1549544714603,enter,b2059,sprint,,mobile
1549544788151,respond,q3375,sprint,d,mobile
1549544796007,submit,b2059,sprint,,mobile
1549544878861,enter,b8505,sprint,,mobile
1549544962044,respond,q11690,sprint,b,mobile
1549544966527,respond,q11690,sprint,d,mobile
1549544971279,submit,b8505,sprint,,mobile
1549545012845,enter,b5223,sprint,,mobile
1549545082735,respond,q6988,sprint,c,mobile
1549545084092,respond,q6987,sprint,c,mobile
1549545084906,respond,q6986,sprint,c,mobile
1549545105704,submit,b5223,sprint,,mobile
1549545165639,enter,b5167,sprint,,mobile
1549545240564,respond,q6764,sprint,c,mobile
1549545241286,respond,q6764,sprint,a,mobile
1549545242033,respond,q6764,sprint,b,mobile
1549545242784,respond,q6764,sprint,c,mobile
1549545247242,respond,q6764,sprint,b,mobile
1549545251894,submit,b5167,sprint,,mobile
1549545342504,enter,b5182,sprint,,mobile
1549545532109,respond,q6824,sprint,c,mobile
1549545540695,respond,q6824,sprint,b,mobile
1549545544322,respond,q6824,sprint,a,mobile
1549545547127,respond,q6824,sprint,a,mobile
1549545555365,submit,b5182,sprint,,mobile
1549545609618,enter,b8493,sprint,,mobile
1549545707132,respond,q11642,sprint,a,mobile
1549545709772,respond,q11639,sprint,d,mobile
1549545715051,respond,q11639,sprint,c,mobile
1549545720385,submit,b8493,sprint,,mobile
1549545774872,enter,b5173,sprint,,mobile
1549545872471,respond,q6788,sprint,c,mobile
1549545874054,respond,q6785,sprint,c,mobile
1549545881576,respond,q6786,sprint,a,mobile
1549545893907,respond,q6786,sprint,c,mobile
1549545898013,respond,q6787,sprint,a,mobile
1549545905713,respond,q6787,sprint,d,mobile
1549545918323,submit,b5173,sprint,,mobile
1549550449830,enter,b7983,review_quiz,,mobile
1549550595308,respond,q10878,review_quiz,d,mobile
1549550603944,respond,q10878,review_quiz,d,mobile
1549550607814,submit,b7983,review_quiz,,mobile
1549550704239,enter,b5173,review_quiz,,mobile
1549550810301,respond,q6788,review_quiz,c,mobile
1549550814560,submit,b5173,review_quiz,,mobile
1549550827536,enter,b7960,review_quiz,,mobile
1549551016476,respond,q10787,review_quiz,b,mobile
1549551026036,submit,b7960,review_quiz,,mobile
1549551146696,enter,b5197,review_quiz,,mobile
1549551273613,respond,q6884,review_quiz,a,mobile
1549551277924,submit,b5197,review_quiz,,mobile
1549581230154,enter,b5118,review_quiz,,mobile
1549581399276,respond,q6688,review_quiz,a,mobile
1549581403052,submit,b5118,review_quiz,,mobile
1549630379093,enter,b5226,sprint,,mobile
1549630558454,respond,q7000,sprint,b,mobile
1549630562389,submit,b5226,sprint,,mobile
1549630821550,enter,b7691,sprint,,mobile
1549631006660,respond,q10354,sprint,b,mobile
1549631023468,respond,q10354,sprint,a,mobile
1549631026419,respond,q10353,sprint,c,mobile
1549631028095,respond,q10352,sprint,c,mobile
1549631029458,respond,q10352,sprint,b,mobile
1549631069459,respond,q10352,sprint,d,mobile
1549631084310,respond,q10354,sprint,a,mobile
1549631092493,respond,q10354,sprint,b,mobile
1549631097492,submit,b7691,sprint,,mobile
1549631243003,enter,b5174,sprint,,mobile
1549631399261,respond,q6792,sprint,b,mobile
1549631404034,submit,b5174,sprint,,mobile
1549631692656,enter,b5107,sprint,,mobile
1549631893891,respond,q6644,sprint,b,mobile
1549631898718,submit,b5107,sprint,,mobile
1549631943540,enter,b5170,sprint,,mobile
1549632101515,respond,q6776,sprint,b,mobile
1549632111966,respond,q6775,sprint,c,mobile
1549632112571,respond,q6774,sprint,a,mobile
1549632123678,submit,b5170,sprint,,mobile
1549632187653,enter,b7999,sprint,,mobile
1549632379538,respond,q10943,sprint,c,mobile
1549632391626,submit,b7999,sprint,,mobile
1549632685305,enter,b1735,adaptive_offer,,mobile
1549632754544,respond,q2403,adaptive_offer,a,mobile
1549632758721,submit,b1735,adaptive_offer,,mobile
1549632839107,enter,b2062,review_quiz,,mobile
1549632919482,respond,q3384,review_quiz,b,mobile
1549632923755,submit,b2062,review_quiz,,mobile
1549632929582,enter,b8336,review_quiz,,mobile
1549633004915,respond,q11314,review_quiz,c,mobile
1549633007668,submit,b8336,review_quiz,,mobile
1549633055728,enter,b1623,review_quiz,,mobile
1549633145866,respond,q2067,review_quiz,c,mobile
1549633153013,submit,b1623,review_quiz,,mobile
1549633331568,enter,b1508,review_quiz,,mobile
1549633405432,respond,q1722,review_quiz,b,mobile
1549633409582,submit,b1508,review_quiz,,mobile
1549633584081,enter,b2035,review_quiz,,mobile
1549633656151,respond,q3303,review_quiz,d,mobile
1549633662561,submit,b2035,review_quiz,,mobile
1549633761135,enter,b1875,review_quiz,,mobile
1549633832517,respond,q2823,review_quiz,c,mobile
1549633837080,submit,b1875,review_quiz,,mobile
1549633878096,enter,b1846,review_quiz,,mobile
1549633913010,respond,q2736,review_quiz,a,mobile
1549633917225,submit,b1846,review_quiz,,mobile
1549633930235,enter,b1897,review_quiz,,mobile
1549633949004,respond,q2889,review_quiz,b,mobile
1549633999540,submit,b1897,review_quiz,,mobile
1549634005664,enter,b1859,review_quiz,,mobile
1549634068991,respond,q2775,review_quiz,b,mobile
1549634071500,submit,b1859,review_quiz,,mobile
1549634311171,enter,b1731,adaptive_offer,,mobile
1549634383180,respond,q2391,adaptive_offer,c,mobile
1549634386615,submit,b1731,adaptive_offer,,mobile
1549634500963,enter,b196,sprint,,mobile
1549634515614,respond,q196,sprint,b,mobile
1549634526759,submit,b196,sprint,,mobile
1549634552059,enter,b5543,sprint,,mobile
1549634573878,respond,q8072,sprint,a,mobile
1549634576301,submit,b5543,sprint,,mobile
1549634597640,enter,b5611,sprint,,mobile
1549634611344,respond,q8140,sprint,b,mobile
1549634618478,respond,q8140,sprint,b,mobile
1549634620556,submit,b5611,sprint,,mobile
1549634624548,enter,b8157,sprint,,mobile
1549634633975,respond,q11104,sprint,a,mobile
1549634650520,submit,b8157,sprint,,mobile
1549634654757,enter,b5652,sprint,,mobile
1549634679270,respond,q8181,sprint,a,mobile
1549634681519,submit,b5652,sprint,,mobile
1549634756971,enter,b66,sprint,,mobile
1549634782195,respond,q66,sprint,d,mobile
1549634784686,submit,b66,sprint,,mobile
1549634793221,enter,b8040,sprint,,mobile
1549634802077,respond,q10987,sprint,a,mobile
1549634817427,submit,b8040,sprint,,mobile
1549634835706,enter,b78,sprint,,mobile
1549634856867,respond,q78,sprint,d,mobile
1549634859788,submit,b78,sprint,,mobile
1549634936004,enter,b8276,sprint,,mobile
1549634954206,respond,q11223,sprint,b,mobile
1549634957486,respond,q11223,sprint,c,mobile
1549634960220,submit,b8276,sprint,,mobile
1549634989425,enter,b1162,sprint,,mobile
1549635008127,respond,q1162,sprint,a,mobile
1549635010863,submit,b1162,sprint,,mobile
1549635032207,enter,b948,sprint,,mobile
1549635049910,respond,q948,sprint,a,mobile
1549635052730,submit,b948,sprint,,mobile
1549635075329,enter,b1326,sprint,,mobile
1549635095921,submit,b1326,sprint,,mobile
1549635137581,enter,b996,sprint,,mobile
1549635154187,respond,q996,sprint,b,mobile
1549635156840,submit,b996,sprint,,mobile
1549635182643,enter,b1172,sprint,,mobile
1549635200599,respond,q1172,sprint,c,mobile
1549635205033,submit,b1172,sprint,,mobile
1549635237748,enter,b810,sprint,,mobile
1549635260795,respond,q810,sprint,a,mobile
1549635265312,submit,b810,sprint,,mobile
1549635291387,enter,b685,sprint,,mobile
1549635306785,respond,q685,sprint,c,mobile
1549635309700,submit,b685,sprint,,mobile
1549635327461,enter,b1072,sprint,,mobile
1549635336282,respond,q1072,sprint,a,mobile
1549635344402,submit,b1072,sprint,,mobile
1549635348428,enter,b1376,sprint,,mobile
1549635367753,respond,q1376,sprint,c,mobile
1549635371096,submit,b1376,sprint,,mobile
1549635435987,enter,b370,sprint,,mobile
1549635450936,respond,q370,sprint,b,mobile
1549635458977,submit,b370,sprint,,mobile
1549635483600,enter,b1164,sprint,,mobile
1549635504377,respond,q1164,sprint,a,mobile
1549635506583,submit,b1164,sprint,,mobile
1549635525473,enter,b1201,sprint,,mobile
1549635547676,respond,q1201,sprint,c,mobile
1549635550412,submit,b1201,sprint,,mobile
1549635573841,enter,b712,sprint,,mobile
1549635591988,submit,b712,sprint,,mobile
1549635596349,enter,b714,sprint,,mobile
1549635606719,respond,q714,sprint,a,mobile
1549635614829,submit,b714,sprint,,mobile
1549635648279,enter,b361,sprint,,mobile
1549635663209,respond,q361,sprint,a,mobile
1549635669163,submit,b361,sprint,,mobile
1549635749235,enter,b499,sprint,,mobile
1549635766438,respond,q499,sprint,b,mobile
1549635769379,submit,b499,sprint,,mobile
1549635830837,enter,b887,sprint,,mobile
1549635848723,respond,q887,sprint,c,mobile
1549635851101,submit,b887,sprint,,mobile
1549635867923,enter,b694,sprint,,mobile
1549635883484,respond,q694,sprint,a,mobile
1549635895222,submit,b694,sprint,,mobile
1549635949008,enter,b726,sprint,,mobile
1549635967180,respond,q726,sprint,a,mobile
1549635969640,submit,b726,sprint,,mobile
1549636026869,enter,b1014,sprint,,mobile
1549636040296,respond,q1014,sprint,b,mobile
1549636047265,submit,b1014,sprint,,mobile
1549636067398,enter,b950,sprint,,mobile
1549636084085,respond,q950,sprint,c,mobile
1549636086786,submit,b950,sprint,,mobile
1549636123103,enter,b828,sprint,,mobile
1549636146129,respond,q828,sprint,c,mobile
1549636148440,submit,b828,sprint,,mobile
1549636176270,enter,b915,sprint,,mobile
1549636190999,respond,q915,sprint,a,mobile
1549636193787,submit,b915,sprint,,mobile
1549636212760,enter,b1086,sprint,,mobile
1549636233920,respond,q1086,sprint,c,mobile
1549636237222,submit,b1086,sprint,,mobile
1549636298596,enter,b1143,sprint,,mobile
1549636309209,respond,q1143,sprint,a,mobile
1549636317515,submit,b1143,sprint,,mobile
1549636359708,enter,b1086,adaptive_offer,,mobile
1549636371046,respond,q1086,adaptive_offer,b,mobile
1549636374808,submit,b1086,adaptive_offer,,mobile
1549636379094,enter,b1143,adaptive_offer,,mobile
1549636395720,respond,q1143,adaptive_offer,c,mobile
1549636398772,submit,b1143,adaptive_offer,,mobile
1549636582650,enter,b1030,adaptive_offer,,mobile
1549636601274,respond,q1030,adaptive_offer,a,mobile
1549636605776,submit,b1030,adaptive_offer,,mobile
1549636627606,enter,b763,adaptive_offer,,mobile
1549636645631,respond,q763,adaptive_offer,c,mobile
1549636648183,submit,b763,adaptive_offer,,mobile
1549636670955,enter,b439,sprint,,mobile
1549636688919,respond,q439,sprint,c,mobile
1549636691669,submit,b439,sprint,,mobile
1549636712052,enter,b829,sprint,,mobile
1549636727704,respond,q829,sprint,c,mobile
1549636730468,submit,b829,sprint,,mobile
1549636749384,enter,b1314,sprint,,mobile
1549636767491,respond,q1314,sprint,a,mobile
1549636770329,submit,b1314,sprint,,mobile
1549639670371,enter,b1702,sprint,,mobile
1549639748061,respond,q2304,sprint,d,mobile
1549639751643,submit,b1702,sprint,,mobile
1549639829532,enter,b1649,sprint,,mobile
1549639902548,respond,q2145,sprint,c,mobile
1549639903099,respond,q2145,sprint,c,mobile
1549639903522,respond,q2145,sprint,c,mobile
1549639904056,respond,q2145,sprint,c,mobile
1549639904781,respond,q2145,sprint,c,mobile
1549639905305,respond,q2145,sprint,c,mobile
1549639908836,submit,b1649,sprint,,mobile
1549640048248,enter,b1573,sprint,,mobile
1549640129485,respond,q1917,sprint,c,mobile
1549640134492,submit,b1573,sprint,,mobile
1549640168881,enter,b1665,sprint,,mobile
1549640250442,respond,q2193,sprint,a,mobile
1549640254684,submit,b1665,sprint,,mobile
1549640311560,enter,b1544,sprint,,mobile
1549640387947,respond,q1830,sprint,c,mobile
1549640392700,submit,b1544,sprint,,mobile
1549640401204,enter,b1410,sprint,,mobile
1549640467621,respond,q1428,sprint,c,mobile
1549640480451,submit,b1410,sprint,,mobile
1549640510378,enter,b1682,sprint,,mobile
1549640587810,respond,q2244,sprint,c,mobile
1549640593045,respond,q2244,sprint,c,mobile
1549640597845,submit,b1682,sprint,,mobile
1549640635598,enter,b1484,sprint,,mobile
1549640715947,respond,q1650,sprint,c,mobile
1549640716685,respond,q1650,sprint,c,mobile
1549640725446,submit,b1484,sprint,,mobile
1549640802716,enter,b1996,adaptive_offer,,mobile
1549640874156,respond,q3186,adaptive_offer,c,mobile
1549640877855,submit,b1996,adaptive_offer,,mobile
1549640906954,enter,b1887,sprint,,mobile
1549640973756,respond,q2859,sprint,a,mobile
1549640978994,submit,b1887,sprint,,mobile
1549641026880,enter,b1970,sprint,,mobile
1549641103059,respond,q3108,sprint,a,mobile
1549641103682,respond,q3108,sprint,a,mobile
1549641108747,submit,b1970,sprint,,mobile
1549641177976,enter,b1915,sprint,,mobile
1549641240223,respond,q2943,sprint,d,mobile
1549641242793,respond,q2943,sprint,d,mobile
1549641243335,respond,q2943,sprint,d,mobile
1549641243801,respond,q2943,sprint,d,mobile
1549641244373,respond,q2943,sprint,d,mobile
1549641249424,submit,b1915,sprint,,mobile
1549641285022,enter,b1873,sprint,,mobile
1549641343230,respond,q2817,sprint,a,mobile
1549641349880,submit,b1873,sprint,,mobile
1549641356397,enter,b2068,sprint,,mobile
1549641426124,respond,q3402,sprint,d,mobile
1549641433799,respond,q3402,sprint,a,mobile
1549641438886,submit,b2068,sprint,,mobile
1549641460762,enter,b1882,sprint,,mobile
1549641530673,respond,q2844,sprint,b,mobile
1549641531718,respond,q2844,sprint,b,mobile
1549641540475,submit,b1882,sprint,,mobile
1549641590290,enter,b2023,sprint,,mobile
1549641658801,respond,q3267,sprint,c,mobile
1549641663938,respond,q3267,sprint,c,mobile
1549641673698,submit,b2023,sprint,,mobile
1549641691568,enter,b1954,sprint,,mobile
1549641785730,respond,q3060,sprint,b,mobile
1549641792161,submit,b1954,sprint,,mobile
1549641876591,enter,b1904,sprint,,mobile
1549641953538,respond,q2910,sprint,d,mobile
1549641957280,submit,b1904,sprint,,mobile
1549641963777,enter,b1928,sprint,,mobile
1549642020653,respond,q2982,sprint,c,mobile
1549642024286,submit,b1928,sprint,,mobile
1549642029985,enter,b2107,sprint,,mobile
1549642095398,respond,q3519,sprint,b,mobile
1549642102032,submit,b2107,sprint,,mobile
1549642135570,enter,b1988,sprint,,mobile
1549642210518,respond,q3162,sprint,a,mobile
1549642215798,submit,b1988,sprint,,mobile
1549642344974,enter,b2588,sprint,,mobile
1549642358408,respond,q4056,sprint,b,mobile
1549642372845,respond,q4056,sprint,a,mobile
1549642374045,respond,q4056,sprint,c,mobile
1549642374644,respond,q4056,sprint,b,mobile
1549642378493,submit,b2588,sprint,,mobile
1549642410107,enter,b2206,sprint,,mobile
1549642417158,respond,q3674,sprint,c,mobile
1549642424881,submit,b2206,sprint,,mobile
1549642436620,enter,b4188,sprint,,mobile
1549642456328,respond,q5656,sprint,c,mobile
1549642464820,submit,b4188,sprint,,mobile
1549642502051,enter,b6505,sprint,,mobile
1549642512935,respond,q9154,sprint,d,mobile
1549642521746,submit,b6505,sprint,,mobile
1549642528872,enter,b7000,sprint,,mobile
1549642540763,respond,q9649,sprint,c,mobile
1549642544495,submit,b7000,sprint,,mobile
1549642550161,enter,b3848,sprint,,mobile
1549642572420,respond,q5316,sprint,a,mobile
1549642579384,respond,q5316,sprint,d,mobile
1549642585459,submit,b3848,sprint,,mobile
1549686423247,enter,b5033,adaptive_offer,,mobile
1549686427563,respond,q6501,adaptive_offer,c,mobile
1549686430295,submit,b5033,adaptive_offer,,mobile
1549686435376,enter,b2654,adaptive_offer,,mobile
1549686438855,respond,q4122,adaptive_offer,d,mobile
1549686442882,submit,b2654,adaptive_offer,,mobile
1549686471526,enter,b3573,adaptive_offer,,mobile
1549686494830,respond,q5041,adaptive_offer,c,mobile
1549686499707,respond,q5041,adaptive_offer,d,mobile
1549686507240,submit,b3573,adaptive_offer,,mobile
1549686519279,enter,b3938,adaptive_offer,,mobile
1549686541885,respond,q5406,adaptive_offer,a,mobile
1549686547815,submit,b3938,adaptive_offer,,mobile
1549686601002,enter,b2850,adaptive_offer,,mobile
1549686607963,respond,q4318,adaptive_offer,d,mobile
1549686611429,submit,b2850,adaptive_offer,,mobile
1549686618545,enter,b4688,adaptive_offer,,mobile
1549686634138,respond,q6156,adaptive_offer,d,mobile
1549686634990,respond,q6156,adaptive_offer,c,mobile
1549686639274,submit,b4688,adaptive_offer,,mobile
1549686654620,enter,b2534,sprint,,mobile
1549686663655,respond,q4002,sprint,d,mobile
1549686670030,submit,b2534,sprint,,mobile
1549686736656,enter,b5733,sprint,,mobile
1549686771579,respond,q8382,sprint,d,mobile
1549686774173,submit,b5733,sprint,,mobile
1549686809245,enter,b3423,sprint,,mobile
1549686837408,respond,q4891,sprint,b,mobile
1549686840855,submit,b3423,sprint,,mobile
1549686857551,enter,b2223,sprint,,mobile
1549686879055,respond,q3691,sprint,c,mobile
1549686884600,respond,q3691,sprint,a,mobile
1549686886265,respond,q3691,sprint,b,mobile
1549686887434,respond,q3691,sprint,d,mobile
1549686895957,submit,b2223,sprint,,mobile
1549686938171,enter,b3852,sprint,,mobile
1549686974059,respond,q5320,sprint,b,mobile
1549686976474,submit,b3852,sprint,,mobile
1549686987942,enter,b2565,sprint,,mobile
1549686999770,respond,q4033,sprint,b,mobile
1549687002282,submit,b2565,sprint,,mobile
1549687008633,enter,b2829,sprint,,mobile
1549687037085,respond,q4297,sprint,d,mobile
1549687037951,respond,q4297,sprint,c,mobile
1549687039322,respond,q4297,sprint,b,mobile
1549687051685,respond,q4297,sprint,c,mobile
1549687054348,submit,b2829,sprint,,mobile
1549687131099,enter,b4462,sprint,,mobile
1549687160175,respond,q5930,sprint,c,mobile
1549687161660,respond,q5930,sprint,b,mobile
1549687163697,respond,q5930,sprint,b,mobile
1549687170687,submit,b4462,sprint,,mobile
1549687219656,enter,b4606,sprint,,mobile
1549687229074,respond,q6074,sprint,a,mobile
1549687235015,submit,b4606,sprint,,mobile
1549687241179,enter,b5896,sprint,,mobile
1549687272105,respond,q8545,sprint,b,mobile
1549687275827,submit,b5896,sprint,,mobile
1549687316779,enter,b2444,sprint,,mobile
1549687351331,respond,q3912,sprint,c,mobile
1549687354887,submit,b2444,sprint,,mobile
1549687372865,enter,b3591,sprint,,mobile
1549687380664,respond,q5059,sprint,a,mobile
1549687385883,submit,b3591,sprint,,mobile
1549687392147,enter,b2787,sprint,,mobile
1549687425196,respond,q4255,sprint,c,mobile
1549687489472,respond,q4255,sprint,b,mobile
1549687492853,submit,b2787,sprint,,mobile
1549687706197,enter,b7560,sprint,,mobile
1549687713116,respond,q10209,sprint,b,mobile
1549687718424,submit,b7560,sprint,,mobile
1549687726030,enter,b3373,sprint,,mobile
1549687733859,respond,q4841,sprint,b,mobile
1549687740082,submit,b3373,sprint,,mobile
1549687754513,enter,b2442,sprint,,mobile
1549687809835,respond,q3910,sprint,b,mobile
1549687812827,submit,b2442,sprint,,mobile
1549687842575,enter,b3613,sprint,,mobile
1549687856101,respond,q5081,sprint,a,mobile
1549687859920,respond,q5081,sprint,c,mobile
1549687864058,submit,b3613,sprint,,mobile
1549687873296,enter,b6739,sprint,,mobile
1549687879198,respond,q9388,sprint,d,mobile
1549687881715,submit,b6739,sprint,,mobile
1549687978815,enter,b6017,sprint,,mobile
1549687989096,respond,q8666,sprint,c,mobile
1549688011139,respond,q8666,sprint,b,mobile
1549688019602,submit,b6017,sprint,,mobile
1549688038877,enter,b3777,sprint,,mobile
1549688063777,respond,q5245,sprint,b,mobile
1549688073855,submit,b3777,sprint,,mobile
1549688137612,enter,b3164,sprint,,mobile
1549688153575,respond,q4632,sprint,c,mobile
1549688161931,submit,b3164,sprint,,mobile
1549688186311,enter,b6130,sprint,,mobile
1549688209320,respond,q8779,sprint,b,mobile
1549688213725,respond,q8779,sprint,c,mobile
1549688223797,respond,q8779,sprint,d,mobile
1549688256452,respond,q8779,sprint,c,mobile
1549688261383,respond,q8779,sprint,b,mobile
1549688264147,submit,b6130,sprint,,mobile
1549688319675,enter,b7364,sprint,,mobile
1549688351130,respond,q10013,sprint,c,mobile
1549688354032,submit,b7364,sprint,,mobile
1549688367887,enter,b2284,sprint,,mobile
1549688382350,respond,q3752,sprint,a,mobile
1549688390225,submit,b2284,sprint,,mobile
1549688427994,enter,b4008,sprint,,mobile
1549688454972,respond,q5476,sprint,d,mobile
1549688459718,submit,b4008,sprint,,mobile
1549688488372,enter,b6182,sprint,,mobile
1549688519635,respond,q8831,sprint,d,mobile
1549688520274,respond,q8831,sprint,b,mobile
1549688520789,respond,q8831,sprint,a,mobile
1549688524288,submit,b6182,sprint,,mobile
1549688822899,enter,b4603,sprint,,mobile
1549688840831,respond,q6071,sprint,c,mobile
1549688853875,submit,b4603,sprint,,mobile
1549688881510,enter,b2864,sprint,,mobile
1549688896405,respond,q4332,sprint,a,mobile
1549688899006,submit,b2864,sprint,,mobile
1549688915039,enter,b5054,sprint,,mobile
1549688965272,respond,q6522,sprint,b,mobile
1549688967691,respond,q6522,sprint,c,mobile
1549688968047,respond,q6522,sprint,d,mobile
1549688968597,respond,q6522,sprint,c,mobile
1549688969915,respond,q6522,sprint,a,mobile
1549688983170,submit,b5054,sprint,,mobile
1549689001484,enter,b5842,sprint,,mobile
1549689032838,respond,q8491,sprint,c,mobile
1549689033972,respond,q8491,sprint,b,mobile
1549689035093,respond,q8491,sprint,a,mobile
1549689035614,respond,q8491,sprint,b,mobile
1549689036082,respond,q8491,sprint,d,mobile
1549689036730,respond,q8491,sprint,c,mobile
1549689039422,submit,b5842,sprint,,mobile
1549689082742,enter,b3589,sprint,,mobile
1549689114469,respond,q5057,sprint,a,mobile
1549689117348,submit,b3589,sprint,,mobile
1549689213470,enter,b2588,adaptive_offer,,mobile
1549689218967,respond,q4056,adaptive_offer,a,mobile
1549689238601,submit,b2588,adaptive_offer,,mobile
1549689254469,enter,b5054,adaptive_offer,,mobile
1549689263520,respond,q6522,adaptive_offer,b,mobile
1549689266248,submit,b5054,adaptive_offer,,mobile
1549689298920,enter,b4603,review_quiz,,mobile
1549689307831,respond,q6071,review_quiz,b,mobile
1549689312424,submit,b4603,review_quiz,,mobile
1549689316725,enter,b2663,review_quiz,,mobile
1549689344844,respond,q4131,review_quiz,b,mobile
1549689348855,respond,q4131,review_quiz,c,mobile
1549689351403,submit,b2663,review_quiz,,mobile
1549689359510,enter,b3774,review_quiz,,mobile
1549689397247,respond,q5242,review_quiz,d,mobile
1549689410613,respond,q5242,review_quiz,c,mobile
1549689416723,submit,b3774,review_quiz,,mobile
1549689453344,enter,b7364,review_quiz,,mobile
1549689458831,respond,q10013,review_quiz,d,mobile
1549689459662,respond,q10013,review_quiz,c,mobile
1549689471201,submit,b7364,review_quiz,,mobile
1549689493096,enter,b5982,review_quiz,,mobile
1549689505154,respond,q8631,review_quiz,a,mobile
1549689513065,submit,b5982,review_quiz,,mobile
1549689798712,enter,b4525,review_quiz,,mobile
1549689816576,respond,q5993,review_quiz,a,mobile
1549689823801,submit,b4525,review_quiz,,mobile
1549689922662,enter,b2206,review_quiz,,mobile
1549689929560,respond,q3674,review_quiz,c,mobile
1549689934151,submit,b2206,review_quiz,,mobile
1549689952419,enter,b6182,review_quiz,,mobile
1549689961633,respond,q8831,review_quiz,b,mobile
1549689962534,respond,q8831,review_quiz,a,mobile
1549689975912,submit,b6182,review_quiz,,mobile
1549690039759,enter,b4972,review_quiz,,mobile
1549690060934,respond,q6440,review_quiz,d,mobile
1549690063659,submit,b4972,review_quiz,,mobile
1549690090282,enter,b6093,review_quiz,,mobile
1549690148112,respond,q8742,review_quiz,c,mobile
1549690153582,submit,b6093,review_quiz,,mobile
1549690178000,enter,b6788,review_quiz,,mobile
1549690191305,respond,q9437,review_quiz,d,mobile
1549690192108,respond,q9437,review_quiz,a,mobile
1549690194592,submit,b6788,review_quiz,,mobile
1549690398173,enter,b7645,review_quiz,,mobile
1549690566088,respond,q10294,review_quiz,a,mobile
1549690567174,respond,q10294,review_quiz,c,mobile
1549690568027,respond,q10294,review_quiz,b,mobile
1549690571039,submit,b7645,review_quiz,,mobile
1549690575114,enter,b2263,review_quiz,,mobile
1549690597792,respond,q3731,review_quiz,b,mobile
1549690598325,respond,q3731,review_quiz,c,mobile
1549690598860,respond,q3731,review_quiz,d,mobile
1549690599345,respond,q3731,review_quiz,b,mobile
1549690603580,submit,b2263,review_quiz,,mobile
1549691550528,enter,b2999,review_quiz,,mobile
1549691557828,respond,q4467,review_quiz,a,mobile
1549691561368,submit,b2999,review_quiz,,mobile
1549691570023,enter,b4008,review_quiz,,mobile
1549691586722,respond,q5476,review_quiz,b,mobile
1549691588109,respond,q5476,review_quiz,d,mobile
1549691590713,submit,b4008,review_quiz,,mobile
1549691706528,enter,b7439,review_quiz,,mobile
1549691715543,respond,q10088,review_quiz,c,mobile
1549691726129,submit,b7439,review_quiz,,mobile
1549691780140,enter,b3062,review_quiz,,mobile
1549691794501,respond,q4530,review_quiz,a,mobile
1549691795188,respond,q4530,review_quiz,b,mobile
1549691797038,respond,q4530,review_quiz,d,mobile
1549691797755,respond,q4530,review_quiz,b,mobile
1549691806034,submit,b3062,review_quiz,,mobile
1549691820622,enter,b6017,review_quiz,,mobile
1549691843457,respond,q8666,review_quiz,b,mobile
1549691848025,submit,b6017,review_quiz,,mobile
1549691853572,enter,b6038,review_quiz,,mobile
1549691866090,respond,q8687,review_quiz,a,mobile
1549691868920,submit,b6038,review_quiz,,mobile
1549691871541,enter,b6984,review_quiz,,mobile
1549691905547,respond,q9633,review_quiz,b,mobile
1549691907791,submit,b6984,review_quiz,,mobile
1549691918343,enter,b3864,review_quiz,,mobile
1549691929907,respond,q5332,review_quiz,a,mobile
1549691939025,submit,b3864,review_quiz,,mobile
1549691982909,enter,b4307,review_quiz,,mobile
1549692071313,respond,q5775,review_quiz,a,mobile
1549692074327,submit,b4307,review_quiz,,mobile
1549692115107,enter,b7594,review_quiz,,mobile
1549692133035,respond,q10243,review_quiz,c,mobile
1549692136434,submit,b7594,review_quiz,,mobile
1549692139889,enter,b3609,review_quiz,,mobile
1549692152566,respond,q5077,review_quiz,d,mobile
1549692154111,respond,q5077,review_quiz,c,mobile
1549692159324,submit,b3609,review_quiz,,mobile
1549692516585,enter,b6459,review_quiz,,mobile
1549692534227,respond,q9108,review_quiz,d,mobile
1549692539917,submit,b6459,review_quiz,,mobile
1549692546264,enter,b4054,review_quiz,,mobile
1549692549815,respond,q5522,review_quiz,b,mobile
1549692550696,respond,q5522,review_quiz,a,mobile
1549692566874,submit,b4054,review_quiz,,mobile
1549692574135,enter,b4898,review_quiz,,mobile
1549692593078,respond,q6366,review_quiz,d,mobile
1549692595805,submit,b4898,review_quiz,,mobile
1549692660705,enter,b3853,review_quiz,,mobile
1549692681169,respond,q5321,review_quiz,b,mobile
1549692684477,submit,b3853,review_quiz,,mobile
1549692699959,enter,b4623,review_quiz,,mobile
1549692722760,respond,q6091,review_quiz,c,mobile
1549692725292,submit,b4623,review_quiz,,mobile
1549692739346,enter,b3613,review_quiz,,mobile
1549692764423,respond,q5081,review_quiz,a,mobile
1549692765290,respond,q5081,review_quiz,c,mobile
1549692768659,submit,b3613,review_quiz,,mobile
1549692790699,enter,b7339,review_quiz,,mobile
1549692824092,respond,q9988,review_quiz,d,mobile
1549692834345,submit,b7339,review_quiz,,mobile
1549692875631,enter,b3071,review_quiz,,mobile
1549692887929,respond,q4539,review_quiz,a,mobile
1549692891547,submit,b3071,review_quiz,,mobile
1549692926570,enter,b6133,review_quiz,,mobile
1549692940865,respond,q8782,review_quiz,a,mobile
1549692941769,respond,q8782,review_quiz,d,mobile
1549692944263,submit,b6133,review_quiz,,mobile
1549692962114,enter,b4575,review_quiz,,mobile
1549692971564,respond,q6043,review_quiz,c,mobile
1549692978906,submit,b4575,review_quiz,,mobile
1549692991459,enter,b4700,review_quiz,,mobile
1549693037679,respond,q6168,review_quiz,a,mobile
1549693040093,submit,b4700,review_quiz,,mobile
1549693102698,enter,b5009,review_quiz,,mobile
1549693119308,respond,q6477,review_quiz,a,mobile
1549693126099,submit,b5009,review_quiz,,mobile
1549693163182,enter,b7486,review_quiz,,mobile
1549693168604,respond,q10135,review_quiz,a,mobile
1549693172236,submit,b7486,review_quiz,,mobile
1549693187313,enter,b3477,review_quiz,,mobile
1549693210981,respond,q4945,review_quiz,a,mobile
1549693218010,respond,q4945,review_quiz,d,mobile
1549693222108,respond,q4945,review_quiz,a,mobile
1549693225055,submit,b3477,review_quiz,,mobile
1549693271793,enter,b4934,review_quiz,,mobile
1549693284106,respond,q6402,review_quiz,a,mobile
1549693288142,submit,b4934,review_quiz,,mobile
1549693296738,enter,b3859,review_quiz,,mobile
1549693312051,respond,q5327,review_quiz,b,mobile
1549693317757,submit,b3859,review_quiz,,mobile
1549693324671,enter,b3604,review_quiz,,mobile
1549693346028,respond,q5072,review_quiz,b,mobile
1549693362984,respond,q5072,review_quiz,a,mobile
1549693366899,submit,b3604,review_quiz,,mobile
1549693376585,enter,b7267,review_quiz,,mobile
1549693398579,respond,q9916,review_quiz,b,mobile
1549693403132,submit,b7267,review_quiz,,mobile
1549693433982,enter,b6019,review_quiz,,mobile
1549693452634,respond,q8668,review_quiz,b,mobile
1549693465328,submit,b6019,review_quiz,,mobile
1549693489089,enter,b4312,review_quiz,,mobile
1549693501771,respond,q5780,review_quiz,c,mobile
1549693503076,respond,q5780,review_quiz,b,mobile
1549693514054,respond,q5780,review_quiz,c,mobile
1549693526499,submit,b4312,review_quiz,,mobile
1549693547873,enter,b4688,review_quiz,,mobile
1549693562025,respond,q6156,review_quiz,b,mobile
1549693567543,submit,b4688,review_quiz,,mobile
1549693575943,enter,b4058,review_quiz,,mobile
1549693588652,respond,q5526,review_quiz,a,mobile
1549693591738,submit,b4058,review_quiz,,mobile
1549693601299,enter,b2787,review_quiz,,mobile
1549693620842,respond,q4255,review_quiz,c,mobile
1549693624726,submit,b2787,review_quiz,,mobile
1549693630415,enter,b7561,review_quiz,,mobile
1549693661170,respond,q10210,review_quiz,a,mobile
1549693664592,submit,b7561,review_quiz,,mobile
1549693680504,enter,b2214,review_quiz,,mobile
1549693697624,respond,q3682,review_quiz,c,mobile
1549693701464,submit,b2214,review_quiz,,mobile
1549693711014,enter,b6718,review_quiz,,mobile
1549693724918,respond,q9367,review_quiz,a,mobile
1549693727866,submit,b6718,review_quiz,,mobile
1549693731708,enter,b2339,review_quiz,,mobile
1549693748952,respond,q3807,review_quiz,c,mobile
1549693757214,submit,b2339,review_quiz,,mobile
1549693762635,enter,b2864,review_quiz,,mobile
1549693774394,respond,q4332,review_quiz,a,mobile
1549693779062,submit,b2864,review_quiz,,mobile
1549693785643,enter,b6193,review_quiz,,mobile
1549693802374,respond,q8842,review_quiz,c,mobile
1549693807467,respond,q8842,review_quiz,d,mobile
1549693812568,submit,b6193,review_quiz,,mobile
1549693840039,enter,b6497,review_quiz,,mobile
1549693858030,respond,q9146,review_quiz,a,mobile
1549693858617,respond,q9146,review_quiz,d,mobile
1549693860802,respond,q9146,review_quiz,c,mobile
1549693861125,respond,q9146,review_quiz,b,mobile
1549693861689,respond,q9146,review_quiz,a,mobile
1549693875318,submit,b6497,review_quiz,,mobile
1549693908662,enter,b6894,review_quiz,,mobile
1549693920837,respond,q9543,review_quiz,d,mobile
1549693921553,respond,q9543,review_quiz,c,mobile
1549693922125,respond,q9543,review_quiz,a,mobile
1549693924995,respond,q9543,review_quiz,c,mobile
1549693928120,submit,b6894,review_quiz,,mobile
1549693946117,enter,b3664,review_quiz,,mobile
1549693955683,respond,q5132,review_quiz,c,mobile
1549693958206,submit,b3664,review_quiz,,mobile
1549693962515,enter,b5837,review_quiz,,mobile
1549693979952,respond,q8486,review_quiz,d,mobile
1549693983515,submit,b5837,review_quiz,,mobile
1549694003988,enter,b2689,review_quiz,,mobile
1549694013106,respond,q4157,review_quiz,d,mobile
1549694016873,submit,b2689,review_quiz,,mobile
1549694020934,enter,b6167,review_quiz,,mobile
1549694025921,respond,q8816,review_quiz,d,mobile
1549694032885,respond,q8816,review_quiz,c,mobile
1549694035553,submit,b6167,review_quiz,,mobile
1549694041240,enter,b6086,review_quiz,,mobile
1549694052677,respond,q8735,review_quiz,b,mobile
1549694053612,respond,q8735,review_quiz,c,mobile
1549694058961,respond,q8735,review_quiz,b,mobile
1549694062083,respond,q8735,review_quiz,a,mobile
1549694065101,submit,b6086,review_quiz,,mobile
1549694075353,enter,b7069,review_quiz,,mobile
1549694095556,respond,q9718,review_quiz,b,mobile
1549694101006,submit,b7069,review_quiz,,mobile
1549694119057,enter,b3576,review_quiz,,mobile
1549694131470,respond,q5044,review_quiz,d,mobile
1549694136077,submit,b3576,review_quiz,,mobile
1549694154800,enter,b4270,review_quiz,,mobile
1549694220468,respond,q5738,review_quiz,a,mobile
1549694226643,submit,b4270,review_quiz,,mobile
1549694266433,enter,b5057,review_quiz,,mobile
1549694273467,respond,q6525,review_quiz,b,mobile
1549694298213,submit,b5057,review_quiz,,mobile
1549694371142,enter,b3517,review_quiz,,mobile
1549694382896,respond,q4985,review_quiz,b,mobile
1549694387646,submit,b3517,review_quiz,,mobile
1549694391194,enter,b5033,review_quiz,,mobile
1549694397459,respond,q6501,review_quiz,c,mobile
1549694406727,submit,b5033,review_quiz,,mobile
1549694411240,enter,b3590,review_quiz,,mobile
1549694421361,respond,q5058,review_quiz,a,mobile
1549694427232,submit,b3590,review_quiz,,mobile
1549694457449,enter,b6797,review_quiz,,mobile
1549694477757,respond,q9446,review_quiz,a,mobile
1549694485648,submit,b6797,review_quiz,,mobile
1549694504262,enter,b4001,review_quiz,,mobile
1549694531744,respond,q5469,review_quiz,a,mobile
1549694532559,respond,q5469,review_quiz,b,mobile
1549694535092,submit,b4001,review_quiz,,mobile
1549694542296,enter,b2565,review_quiz,,mobile
1549694549146,respond,q4033,review_quiz,a,mobile
1549694549682,respond,q4033,review_quiz,b,mobile
1549694552027,submit,b2565,review_quiz,,mobile
1549694555226,enter,b2972,review_quiz,,mobile
1549694568979,respond,q4440,review_quiz,d,mobile
1549694571799,submit,b2972,review_quiz,,mobile
1549694574946,enter,b2573,review_quiz,,mobile
1549694595085,respond,q4041,review_quiz,d,mobile
1549694601000,submit,b2573,review_quiz,,mobile
1549694605423,enter,b5026,review_quiz,,mobile
1549694625233,respond,q6494,review_quiz,c,mobile
1549694627547,submit,b5026,review_quiz,,mobile
1549694632553,enter,b3153,review_quiz,,mobile
1549694670063,respond,q4621,review_quiz,c,mobile
1549694672302,submit,b3153,review_quiz,,mobile
1549694675063,enter,b3572,review_quiz,,mobile
1549694689390,respond,q5040,review_quiz,d,mobile
1549694694812,submit,b3572,review_quiz,,mobile
1549694704258,enter,b7600,review_quiz,,mobile
1549694716886,respond,q10249,review_quiz,b,mobile
1549694718270,respond,q10249,review_quiz,c,mobile
1549694722599,submit,b7600,review_quiz,,mobile
1549694726537,enter,b6929,review_quiz,,mobile
1549694746299,respond,q9578,review_quiz,c,mobile
1549694764288,submit,b6929,review_quiz,,mobile
1549694784466,enter,b4199,review_quiz,,mobile
1549694789044,respond,q5667,review_quiz,b,mobile
1549694796487,submit,b4199,review_quiz,,mobile
1549694799254,enter,b4010,review_quiz,,mobile
1549694818711,respond,q5478,review_quiz,d,mobile
1549694826655,submit,b4010,review_quiz,,mobile
1549694856665,enter,b3003,review_quiz,,mobile
1549694892712,respond,q4471,review_quiz,d,mobile
1549694898847,submit,b3003,review_quiz,,mobile
1549694904985,enter,b4866,review_quiz,,mobile
1549694922340,respond,q6334,review_quiz,b,mobile
1549694926711,submit,b4866,review_quiz,,mobile
1549694935542,enter,b3164,review_quiz,,mobile
1549694942883,respond,q4632,review_quiz,c,mobile
1549694945829,submit,b3164,review_quiz,,mobile
1549694950074,enter,b4545,review_quiz,,mobile
1549694958437,respond,q6013,review_quiz,a,mobile
1549694961422,submit,b4545,review_quiz,,mobile
1549694965206,enter,b3927,review_quiz,,mobile
1549694988158,respond,q5395,review_quiz,d,mobile
1549694991613,respond,q5395,review_quiz,b,mobile
1549694992299,respond,q5395,review_quiz,a,mobile
1549694993664,respond,q5395,review_quiz,d,mobile
1549694996087,respond,q5395,review_quiz,c,mobile
1549694999570,submit,b3927,review_quiz,,mobile
1549695034367,enter,b2567,review_quiz,,mobile
1549695041974,respond,q4035,review_quiz,d,mobile
1549695044854,submit,b2567,review_quiz,,mobile
1549695048861,enter,b3752,review_quiz,,mobile
1549695062736,respond,q5220,review_quiz,b,mobile
1549695065482,submit,b3752,review_quiz,,mobile
1549695070068,enter,b4316,review_quiz,,mobile
1549695073724,respond,q5784,review_quiz,d,mobile
1549695079397,submit,b4316,review_quiz,,mobile
1549695092942,enter,b2737,review_quiz,,mobile
1549695099281,respond,q4205,review_quiz,b,mobile
1549695102891,submit,b2737,review_quiz,,mobile
1549695107017,enter,b5054,review_quiz,,mobile
1549695129911,respond,q6522,review_quiz,b,mobile
1549695132401,submit,b5054,review_quiz,,mobile
1549695136084,enter,b5846,review_quiz,,mobile
1549695144514,respond,q8495,review_quiz,d,mobile
1549695147235,submit,b5846,review_quiz,,mobile
1549695150692,enter,b4995,review_quiz,,mobile
1549695157778,respond,q6463,review_quiz,d,mobile
1549695160061,submit,b4995,review_quiz,,mobile
1549695165529,enter,b2695,review_quiz,,mobile
1549695173833,respond,q4163,review_quiz,b,mobile
1549695177678,submit,b2695,review_quiz,,mobile
1549695180971,enter,b6857,review_quiz,,mobile
1549695189517,respond,q9506,review_quiz,d,mobile
1549695190517,respond,q9506,review_quiz,c,mobile
1549695194661,submit,b6857,review_quiz,,mobile
1549695209056,enter,b2961,review_quiz,,mobile
1549695217429,respond,q4429,review_quiz,b,mobile
1549695220646,submit,b2961,review_quiz,,mobile
1549695225035,enter,b2710,review_quiz,,mobile
1549695228889,respond,q4178,review_quiz,c,mobile
1549695239218,submit,b2710,review_quiz,,mobile
1549695267098,enter,b2618,review_quiz,,mobile
1549695282905,respond,q4086,review_quiz,a,mobile
1549695285487,submit,b2618,review_quiz,,mobile
1549695289086,enter,b2962,review_quiz,,mobile
1549695315914,respond,q4430,review_quiz,a,mobile
1549695321650,submit,b2962,review_quiz,,mobile
1549695327156,enter,b6872,review_quiz,,mobile
1549695359473,respond,q9521,review_quiz,b,mobile
1549695362476,submit,b6872,review_quiz,,mobile
1549695430215,enter,b2934,review_quiz,,mobile
1549695435291,respond,q4402,review_quiz,a,mobile
1549695438187,submit,b2934,review_quiz,,mobile
1549695448977,enter,b2361,review_quiz,,mobile
1549695464024,respond,q3829,review_quiz,a,mobile
1549695479403,respond,q3829,review_quiz,d,mobile
1549695481835,submit,b2361,review_quiz,,mobile
1549695504289,enter,b3948,sprint,,mobile
1549695554489,respond,q5416,sprint,b,mobile
1549695558413,submit,b3948,sprint,,mobile
1549695581834,enter,b2231,sprint,,mobile
1549695603247,respond,q3699,sprint,d,mobile
1549695607824,respond,q3699,sprint,b,mobile
1549695608505,respond,q3699,sprint,c,mobile
1549695649977,submit,b2231,sprint,,mobile
1549695675330,enter,b6152,sprint,,mobile
1549695699310,respond,q8801,sprint,d,mobile
1549695703109,submit,b6152,sprint,,mobile
1549695708931,enter,b3575,sprint,,mobile
1549695746902,respond,q5043,sprint,a,mobile
1549695752626,respond,q5043,sprint,c,mobile
1549695762587,respond,q5043,sprint,a,mobile
1549695767636,submit,b3575,sprint,,mobile
1549695787881,enter,b5158,sprint,,mobile
1549695816737,respond,q6752,sprint,b,mobile
1549695819385,submit,b5158,sprint,,mobile
1549695824714,enter,b4272,sprint,,mobile
1549695839988,respond,q5740,sprint,b,mobile
1549695843073,submit,b4272,sprint,,mobile
1549695849715,enter,b6205,sprint,,mobile
1549695868754,respond,q8854,sprint,b,mobile
1549695869114,respond,q8854,sprint,c,mobile
1549695869579,respond,q8854,sprint,d,mobile
1549695871196,respond,q8854,sprint,a,mobile
1549695876421,respond,q8854,sprint,b,mobile
1549695877453,respond,q8854,sprint,c,mobile
1549695880430,respond,q8854,sprint,d,mobile
1549695894559,submit,b6205,sprint,,mobile
1549695940135,enter,b6034,sprint,,mobile
1549695945923,respond,q8683,sprint,a,mobile
1549695969140,respond,q8683,sprint,c,mobile
1549695978890,submit,b6034,sprint,,mobile
1549695987270,enter,b3363,sprint,,mobile
1549695997254,respond,q4831,sprint,c,mobile
1549696013858,respond,q4831,sprint,d,mobile
1549696030997,respond,q4831,sprint,c,mobile
1549696032816,respond,q4831,sprint,b,mobile
1549696035167,respond,q4831,sprint,d,mobile
1549696041966,submit,b3363,sprint,,mobile
1549696068675,enter,b4751,sprint,,mobile
1549696080508,respond,q6219,sprint,c,mobile
1549696095425,respond,q6219,sprint,d,mobile
1549696100770,submit,b4751,sprint,,mobile
1549696106940,enter,b7452,sprint,,mobile
1549696145383,respond,q10101,sprint,c,mobile
1549696149954,submit,b7452,sprint,,mobile
1549696155484,enter,b2229,sprint,,mobile
1549696165995,respond,q3697,sprint,d,mobile
1549696171852,submit,b2229,sprint,,mobile
1549696181604,enter,b4723,sprint,,mobile
1549696199838,respond,q6191,sprint,a,mobile
1549696210956,submit,b4723,sprint,,mobile
1549696217354,enter,b2320,sprint,,mobile
1549696228804,respond,q3788,sprint,b,mobile
1549696234891,submit,b2320,sprint,,mobile
1549696250509,enter,b6218,sprint,,mobile
1549696256796,respond,q8867,sprint,a,mobile
1549696257937,respond,q8867,sprint,b,mobile
1549696258216,respond,q8867,sprint,c,mobile
1549696258537,respond,q8867,sprint,d,mobile
1549696275307,respond,q8867,sprint,c,mobile
1549696279005,submit,b6218,sprint,,mobile
1549696322428,enter,b3796,sprint,,mobile
1549696333348,respond,q5264,sprint,a,mobile
1549696336523,submit,b3796,sprint,,mobile
1549696341838,enter,b3674,sprint,,mobile
1549696386852,respond,q5142,sprint,c,mobile
1549696390066,submit,b3674,sprint,,mobile
1549696405258,enter,b2677,sprint,,mobile
1549696428910,respond,q4145,sprint,b,mobile
1549696429416,respond,q4145,sprint,c,mobile
1549696430137,respond,q4145,sprint,d,mobile
1549696438231,respond,q4145,sprint,a,mobile
1549696444078,respond,q4145,sprint,d,mobile
1549696450944,respond,q4145,sprint,b,mobile
1549696452462,respond,q4145,sprint,c,mobile
1549696454170,respond,q4145,sprint,a,mobile
1549696455134,respond,q4145,sprint,d,mobile
1549696468251,respond,q4145,sprint,c,mobile
1549696474522,submit,b2677,sprint,,mobile
1549696573916,enter,b7137,sprint,,mobile
1549696578861,respond,q9786,sprint,a,mobile
1549696583863,submit,b7137,sprint,,mobile
1549696589041,enter,b4677,sprint,,mobile
1549696599104,respond,q6145,sprint,b,mobile
1549696603007,submit,b4677,sprint,,mobile
1549696609042,enter,b3067,sprint,,mobile
1549696622505,respond,q4535,sprint,c,mobile
1549696625657,submit,b3067,sprint,,mobile
1549696686337,enter,b4307,adaptive_offer,,mobile
1549696689355,respond,q5775,adaptive_offer,d,mobile
1549696693323,submit,b4307,adaptive_offer,,mobile
1549696698193,enter,b3363,adaptive_offer,,mobile
1549696701414,respond,q4831,adaptive_offer,b,mobile
1549696705783,submit,b3363,adaptive_offer,,mobile
1549696735937,enter,b2053,sprint,,mobile
1549696810944,respond,q3357,sprint,b,mobile
1549696814895,submit,b2053,sprint,,mobile
1549696820377,enter,b2072,sprint,,mobile
1549696894588,respond,q3414,sprint,b,mobile
1549696896595,respond,q3414,sprint,b,mobile
1549696900995,respond,q3414,sprint,b,mobile
1549696915452,submit,b2072,sprint,,mobile
1549696963743,enter,b1804,sprint,,mobile
1549697036713,respond,q2610,sprint,a,mobile
1549697037553,respond,q2610,sprint,a,mobile
1549697039231,respond,q2610,sprint,a,mobile
1549697044385,submit,b1804,sprint,,mobile
1549697098740,enter,b8327,sprint,,mobile
1549697172495,respond,q11287,sprint,b,mobile
1549697182238,respond,q11287,sprint,b,mobile
1549697187055,submit,b8327,sprint,,mobile
1549697241846,enter,b1974,sprint,,mobile
1549697319127,respond,q3120,sprint,b,mobile
1549697319674,respond,q3120,sprint,b,mobile
1549697321285,respond,q3120,sprint,b,mobile
1549697322226,respond,q3120,sprint,b,mobile
1549697323627,respond,q3120,sprint,b,mobile
1549697326537,respond,q3120,sprint,c,mobile
1549697333426,submit,b1974,sprint,,mobile
1549697398512,enter,b1899,sprint,,mobile
1549697464044,respond,q2895,sprint,d,mobile
1549697469594,submit,b1899,sprint,,mobile
1549697476151,enter,b1949,sprint,,mobile
1549697552871,respond,q3045,sprint,b,mobile
1549697556196,submit,b1949,sprint,,mobile
1549697609911,enter,b1843,sprint,,mobile
1549697683220,respond,q2727,sprint,a,mobile
1549697684034,respond,q2727,sprint,a,mobile
1549697685127,respond,q2727,sprint,a,mobile
1549697686433,respond,q2727,sprint,a,mobile
1549697687848,respond,q2727,sprint,a,mobile
1549697688889,respond,q2727,sprint,a,mobile
1549697694226,submit,b1843,sprint,,mobile
1549698764495,enter,b5460,sprint,,mobile
1549698923115,respond,q7822,sprint,d,mobile
1549698935144,submit,b5460,sprint,,mobile
1549699048143,enter,b5696,sprint,,mobile
1549699346411,respond,q8281,sprint,c,mobile
1549699357872,respond,q8280,sprint,d,mobile
1549699364752,submit,b5696,sprint,,mobile
1549699418789,enter,b5381,sprint,,mobile
1549699582678,respond,q7570,sprint,d,mobile
1549699600545,submit,b5381,sprint,,mobile
1549699636487,enter,b5398,sprint,,mobile
1549699757279,respond,q7636,sprint,c,mobile
1549699760236,submit,b5398,sprint,,mobile
1549699782474,enter,b5475,sprint,,mobile
1549700199039,respond,q7895,sprint,b,mobile
1549700204367,submit,b5475,sprint,,mobile
1549700292659,enter,b5391,sprint,,mobile
1549700606583,respond,q7612,sprint,b,mobile
1549700613948,respond,q7609,sprint,a,mobile
1549700625272,respond,q7609,sprint,b,mobile
1549700631292,submit,b5391,sprint,,mobile
1549700697507,enter,b5386,sprint,,mobile
1549700842352,respond,q7590,sprint,d,mobile
1549700849299,submit,b5386,sprint,,mobile
1549700872298,enter,b5501,sprint,,mobile
1549701165245,respond,q7977,sprint,c,mobile
1549701169293,submit,b5501,sprint,,mobile
1549701467217,enter,b4040,sprint,,mobile
1549701487422,respond,q5508,sprint,a,mobile
1549701491253,submit,b4040,sprint,,mobile
1549701505270,enter,b5913,sprint,,mobile
1549701542443,respond,q8562,sprint,a,mobile
1549701543611,respond,q8562,sprint,c,mobile
1549701544062,respond,q8562,sprint,b,mobile
1549701544648,respond,q8562,sprint,d,mobile
1549701554904,respond,q8562,sprint,a,mobile
1549701558010,respond,q8562,sprint,b,mobile
1549701559813,respond,q8562,sprint,d,mobile
1549701577690,respond,q8562,sprint,b,mobile
1549701578507,respond,q8562,sprint,c,mobile
1549701579143,respond,q8562,sprint,d,mobile
1549701579691,respond,q8562,sprint,c,mobile
1549701582447,respond,q8562,sprint,a,mobile
1549701587119,submit,b5913,sprint,,mobile
1549701611448,enter,b2334,sprint,,mobile
1549701621755,respond,q3802,sprint,a,mobile
1549701630834,submit,b2334,sprint,,mobile
1549701649340,enter,b3563,sprint,,mobile
1549701690223,respond,q5031,sprint,a,mobile
1549701696166,respond,q5031,sprint,b,mobile
1549701696837,respond,q5031,sprint,c,mobile
1549701753749,submit,b3563,sprint,,mobile
1549701776411,enter,b3022,sprint,,mobile
1549701782423,respond,q4490,sprint,c,mobile
1549701785196,respond,q4490,sprint,b,mobile
1549701787780,submit,b3022,sprint,,mobile
1549701793137,enter,b6221,sprint,,mobile
1549701811767,respond,q8870,sprint,c,mobile
1549701814979,submit,b6221,sprint,,mobile
1549701846548,enter,b4026,sprint,,mobile
1549701857961,respond,q5494,sprint,d,mobile
1549701861221,submit,b4026,sprint,,mobile
1549701875878,enter,b2559,sprint,,mobile
1549701892156,respond,q4027,sprint,b,mobile
1549701894943,respond,q4027,sprint,a,mobile
1549701896717,respond,q4027,sprint,b,mobile
1549701901483,submit,b2559,sprint,,mobile
1549701930002,enter,b3990,sprint,,mobile
1549701935831,respond,q5458,sprint,c,mobile
1549701946435,submit,b3990,sprint,,mobile
1549701969030,enter,b7250,sprint,,mobile
1549702002047,respond,q9899,sprint,b,mobile
1549702002630,respond,q9899,sprint,c,mobile
1549702003084,respond,q9899,sprint,d,mobile
1549702014194,respond,q9899,sprint,b,mobile
1549702017452,submit,b7250,sprint,,mobile
1549702028623,enter,b4267,sprint,,mobile
1549702040380,respond,q5735,sprint,a,mobile
1549702047912,respond,q5735,sprint,d,mobile
1549702050736,respond,q5735,sprint,a,mobile
1549702067008,respond,q5735,sprint,b,mobile
1549702075406,respond,q5735,sprint,d,mobile
1549702086159,submit,b4267,sprint,,mobile
1549702100516,enter,b3985,sprint,,mobile
1549702137149,respond,q5453,sprint,b,mobile
1549702137914,respond,q5453,sprint,c,mobile
1549702142881,submit,b3985,sprint,,mobile
1549702172007,enter,b3606,sprint,,mobile
1549702183279,respond,q5074,sprint,a,mobile
1549702184669,respond,q5074,sprint,b,mobile
1549702187539,respond,q5074,sprint,a,mobile
1549702195352,submit,b3606,sprint,,mobile
1549702206493,enter,b6549,sprint,,mobile
1549702273997,respond,q9198,sprint,b,mobile
1549702275701,respond,q9198,sprint,d,mobile
1549702276435,respond,q9198,sprint,b,mobile
1549702281015,submit,b6549,sprint,,mobile
1549702305922,enter,b3860,sprint,,mobile
1549702334517,respond,q5328,sprint,d,mobile
1549702347155,submit,b3860,sprint,,mobile
1549702363285,enter,b4164,sprint,,mobile
1549702382910,respond,q5632,sprint,a,mobile
1549702384092,respond,q5632,sprint,b,mobile
1549702386883,respond,q5632,sprint,c,mobile
1549702387450,respond,q5632,sprint,d,mobile
1549702389342,respond,q5632,sprint,a,mobile
1549702402322,submit,b4164,sprint,,mobile
1549702415598,enter,b3929,sprint,,mobile
1549702478471,respond,q5397,sprint,d,mobile
1549702482708,submit,b3929,sprint,,mobile
1549702506316,enter,b6062,sprint,,mobile
1549702529399,respond,q8711,sprint,c,mobile
1549702538561,submit,b6062,sprint,,mobile
1549702544714,enter,b2443,sprint,,mobile
1549702558020,respond,q3911,sprint,a,mobile
1549702559346,respond,q3911,sprint,b,mobile
1549702564586,submit,b2443,sprint,,mobile
1549702590284,enter,b4509,sprint,,mobile
1549702601393,respond,q5977,sprint,b,mobile
1549702604505,submit,b4509,sprint,,mobile
1549709041927,enter,b132,sprint,,mobile
1549709062310,respond,q132,sprint,a,mobile
1549709065194,submit,b132,sprint,,mobile
1549709074671,enter,b139,sprint,,mobile
1549709091984,respond,q139,sprint,a,mobile
1549709100632,submit,b139,sprint,,mobile
1549709123209,enter,b5597,sprint,,mobile
1549709145582,respond,q8126,sprint,c,mobile
1549709147887,submit,b5597,sprint,,mobile
1549709178512,enter,b8031,sprint,,mobile
1549709189144,respond,q10978,sprint,a,mobile
1549709195289,respond,q10978,sprint,c,mobile
1549709201061,submit,b8031,sprint,,mobile
1549709224887,enter,b4,sprint,,mobile
1549709238156,respond,q4,sprint,b,mobile
1549709246775,submit,b4,sprint,,mobile
1549709308442,enter,b5648,sprint,,mobile
1549709322411,respond,q8177,sprint,b,mobile
1549709331545,submit,b5648,sprint,,mobile
1549709345627,enter,b8199,sprint,,mobile
1549709354955,respond,q11146,sprint,a,mobile
1549709370567,submit,b8199,sprint,,mobile
1549709374527,enter,b5568,sprint,,mobile
1549709384323,respond,q8097,sprint,a,mobile
1549709398817,submit,b5568,sprint,,mobile
1549709478326,enter,b320,sprint,,mobile
1549709488235,respond,q320,sprint,a,mobile
1549709501139,submit,b320,sprint,,mobile
1549709524406,enter,b1274,sprint,,mobile
1549709538376,respond,q1274,sprint,a,mobile
1549709542535,respond,q1274,sprint,b,mobile
1549709547491,submit,b1274,sprint,,mobile
1549709576631,enter,b1150,sprint,,mobile
1549709590634,respond,q1150,sprint,b,mobile
1549709596297,submit,b1150,sprint,,mobile
1549709616257,enter,b808,sprint,,mobile
1549709633673,respond,q808,sprint,a,mobile
1549709637838,submit,b808,sprint,,mobile
1549709658086,enter,b1234,sprint,,mobile
1549709666687,respond,q1234,sprint,a,mobile
1549709675658,submit,b1234,sprint,,mobile
1549709743137,enter,b265,sprint,,mobile
1549709754836,respond,q265,sprint,b,mobile
1549709760415,submit,b265,sprint,,mobile
1549709779068,enter,b582,sprint,,mobile
1549709797419,respond,q582,sprint,c,mobile
1549709800366,submit,b582,sprint,,mobile
1549709882316,enter,b1192,sprint,,mobile
1549709901379,respond,q1192,sprint,c,mobile
1549709904146,submit,b1192,sprint,,mobile
1549709974449,enter,b1054,sprint,,mobile
1549709989123,respond,q1054,sprint,c,mobile
1549709990541,respond,q1054,sprint,a,mobile
1549709998114,submit,b1054,sprint,,mobile
1549710035012,enter,b1395,sprint,,mobile
1549710056894,respond,q1395,sprint,a,mobile
1549710057494,respond,q1395,sprint,c,mobile
1549710061213,submit,b1395,sprint,,mobile
1549710091816,enter,b947,sprint,,mobile
1549710106608,respond,q947,sprint,b,mobile
1549710111489,submit,b947,sprint,,mobile
1549710140952,enter,b997,sprint,,mobile
1549710159997,respond,q997,sprint,a,mobile
1549710162791,submit,b997,sprint,,mobile
1549710198402,enter,b612,sprint,,mobile
1549710216568,respond,q612,sprint,a,mobile
1549710219047,submit,b612,sprint,,mobile
1549710299794,enter,b1016,sprint,,mobile
1549710320580,respond,q1016,sprint,c,mobile
1549710324002,submit,b1016,sprint,,mobile
1549710390101,enter,b217,sprint,,mobile
1549710407343,respond,q217,sprint,a,mobile
1549710410129,submit,b217,sprint,,mobile
1549710431851,enter,b607,sprint,,mobile
1549710449315,respond,q607,sprint,a,mobile
1549710451613,submit,b607,sprint,,mobile
1549710469975,enter,b372,sprint,,mobile
1549710484779,respond,q372,sprint,c,mobile
1549710487193,submit,b372,sprint,,mobile
1549710494568,enter,b734,sprint,,mobile
1549710505884,respond,q734,sprint,a,mobile
1549710514867,submit,b734,sprint,,mobile
1549710533858,enter,b767,sprint,,mobile
1549710545164,respond,q767,sprint,b,mobile
1549710550790,submit,b767,sprint,,mobile
1549710570105,enter,b386,sprint,,mobile
1549710588323,respond,q386,sprint,c,mobile
1549710591386,submit,b386,sprint,,mobile
1549710611936,enter,b586,sprint,,mobile
1549710631590,respond,q586,sprint,a,mobile
1549710634751,submit,b586,sprint,,mobile
1549710676726,enter,b648,sprint,,mobile
1549710698505,respond,q648,sprint,c,mobile
1549710704348,submit,b648,sprint,,mobile
1549710714178,enter,b1347,sprint,,mobile
1549710725780,respond,q1347,sprint,b,mobile
1549710734587,submit,b1347,sprint,,mobile
1549710752284,enter,b238,sprint,,mobile
1549710764402,respond,q238,sprint,b,mobile
1549710765259,respond,q238,sprint,a,mobile
1549710773423,submit,b238,sprint,,mobile
1549710793754,enter,b1035,sprint,,mobile
1549710805658,respond,q1035,sprint,b,mobile
1549710811658,submit,b1035,sprint,,mobile
1549710838939,enter,b1302,sprint,,mobile
1549710853517,respond,q1302,sprint,b,mobile
1549710861752,submit,b1302,sprint,,mobile
1549710890208,enter,b648,sprint,,mobile
1549710909641,submit,b648,sprint,,mobile
1549710933228,enter,b310,sprint,,mobile
1549710951747,respond,q310,sprint,c,mobile
1549710957732,submit,b310,sprint,,mobile
1549710978072,enter,b472,sprint,,mobile
1549710995544,respond,q472,sprint,c,mobile
1549710996307,respond,q472,sprint,b,mobile
1549710998797,submit,b472,sprint,,mobile
1549711020148,enter,b549,sprint,,mobile
1549711038368,respond,q549,sprint,b,mobile
1549711041402,submit,b549,sprint,,mobile
1549711075757,enter,b577,sprint,,mobile
1549711088733,respond,q577,sprint,b,mobile
1549711095209,submit,b577,sprint,,mobile
1549711111414,enter,b1313,sprint,,mobile
1549711125461,respond,q1313,sprint,b,mobile
1549711131666,submit,b1313,sprint,,mobile
1549711211965,enter,b1495,sprint,,mobile
1549711293364,respond,q1683,sprint,b,mobile
1549711298278,submit,b1495,sprint,,mobile
1549711312962,enter,b1403,sprint,,mobile
1549711378998,respond,q1407,sprint,d,mobile
1549711383094,submit,b1403,sprint,,mobile
1549711423083,enter,b1467,sprint,,mobile
1549711503121,respond,q1599,sprint,b,mobile
1549711503748,respond,q1599,sprint,b,mobile
1549711504351,respond,q1599,sprint,b,mobile
1549711508094,submit,b1467,sprint,,mobile
1549711590387,enter,b1592,sprint,,mobile
1549711672101,respond,q1974,sprint,a,mobile
1549711672698,respond,q1974,sprint,b,mobile
1549711673374,respond,q1974,sprint,a,mobile
1549711677041,submit,b1592,sprint,,mobile
1549711726084,enter,b1650,sprint,,mobile
1549711795039,respond,q2148,sprint,a,mobile
1549711801767,respond,q2148,sprint,a,mobile
1549711806365,submit,b1650,sprint,,mobile
1549711850872,enter,b1630,sprint,,mobile
1549711925849,respond,q2088,sprint,d,mobile
1549711929373,submit,b1630,sprint,,mobile
1549711985704,enter,b1406,sprint,,mobile
1549712056237,respond,q1416,sprint,a,mobile
1549712067478,submit,b1406,sprint,,mobile
1549712115541,enter,b2101,sprint,,mobile
1549712199137,respond,q3501,sprint,d,mobile
1549712209371,submit,b2101,sprint,,mobile
1549712644321,enter,b1839,sprint,,mobile
1549712715214,respond,q2715,sprint,a,mobile
1549712718509,submit,b1839,sprint,,mobile
1549712746678,enter,b1960,sprint,,mobile
1549712835139,respond,q3078,sprint,a,mobile
1549712839504,submit,b1960,sprint,,mobile
1549712899939,enter,b7932,sprint,,mobile
1549712973474,respond,q10679,sprint,d,mobile
1549712974153,respond,q10679,sprint,d,mobile
1549712976574,respond,q10679,sprint,d,mobile
1549712980434,submit,b7932,sprint,,mobile
1549713024648,enter,b1844,sprint,,mobile
1549713053534,respond,q2730,sprint,a,mobile
1549713055027,respond,q2730,sprint,a,mobile
1549713075856,respond,q2730,sprint,a,mobile
1549713086956,respond,q2730,sprint,a,mobile
1549713091886,respond,q2730,sprint,a,mobile
1549713095327,submit,b1844,sprint,,mobile
1549713105326,enter,b1957,sprint,,mobile
1549713168751,respond,q3069,sprint,a,mobile
1549713175114,submit,b1957,sprint,,mobile
1549713189339,enter,b2052,sprint,,mobile
1549713264877,respond,q3354,sprint,b,mobile
1549713268810,respond,q3354,sprint,b,mobile
1549713269234,respond,q3354,sprint,b,mobile
1549713270869,respond,q3354,sprint,b,mobile
1549713274894,submit,b2052,sprint,,mobile
1549713345348,enter,b2832,sprint,,mobile
1549713363641,respond,q4300,sprint,a,mobile
1549713373598,respond,q4300,sprint,c,mobile
1549713375408,respond,q4300,sprint,a,mobile
1549713397499,respond,q4300,sprint,d,mobile
1549713400858,respond,q4300,sprint,a,mobile
1549713404190,submit,b2832,sprint,,mobile
1549713419089,enter,b6357,sprint,,mobile
1549713441466,respond,q9006,sprint,a,mobile
1549713446574,submit,b6357,sprint,,mobile
1549713457783,enter,b3061,sprint,,mobile
1549713492780,respond,q4529,sprint,a,mobile
1549713493646,respond,q4529,sprint,b,mobile
1549713494520,respond,q4529,sprint,c,mobile
1549713495533,respond,q4529,sprint,d,mobile
1549713505849,submit,b3061,sprint,,mobile
1549713529389,enter,b3753,sprint,,mobile
1549713549136,respond,q5221,sprint,a,mobile
1549713565916,submit,b3753,sprint,,mobile
1549713575445,enter,b3933,sprint,,mobile
1549713606380,respond,q5401,sprint,a,mobile
1549713611341,respond,q5401,sprint,b,mobile
1549713615192,submit,b3933,sprint,,mobile
1549713634437,enter,b7471,sprint,,mobile
1549713639102,respond,q10120,sprint,d,mobile
1549713642024,respond,q10120,sprint,a,mobile
1549713642565,respond,q10120,sprint,b,mobile
1549713643062,respond,q10120,sprint,c,mobile
1549713643497,respond,q10120,sprint,d,mobile
1549713652750,respond,q10120,sprint,a,mobile
1549713653434,respond,q10120,sprint,d,mobile
1549713675818,respond,q10120,sprint,c,mobile
1549713677037,respond,q10120,sprint,b,mobile
1549713677954,respond,q10120,sprint,a,mobile
1549713680731,respond,q10120,sprint,d,mobile
1549713684595,submit,b7471,sprint,,mobile
1549713704788,enter,b3323,sprint,,mobile
1549713747760,respond,q4791,sprint,a,mobile
1549713749337,respond,q4791,sprint,b,mobile
1549713749899,respond,q4791,sprint,c,mobile
1549713761098,submit,b3323,sprint,,mobile
1549713772988,enter,b2453,sprint,,mobile
1549713794684,respond,q3921,sprint,a,mobile
1549713798442,respond,q3921,sprint,c,mobile
1549713799759,respond,q3921,sprint,a,mobile
1549713803760,submit,b2453,sprint,,mobile
1549713836301,enter,b3814,sprint,,mobile
1549713843822,respond,q5282,sprint,d,mobile
1549713851543,respond,q5282,sprint,a,mobile
1549713857621,respond,q5282,sprint,b,mobile
1549713868593,respond,q5282,sprint,a,mobile
1549713870634,respond,q5282,sprint,d,mobile
1549713873497,submit,b3814,sprint,,mobile
1549713889112,enter,b7444,sprint,,mobile
1549713912257,respond,q10093,sprint,c,mobile
1549713913847,respond,q10093,sprint,d,mobile
1549713914963,respond,q10093,sprint,b,mobile
1549713919303,submit,b7444,sprint,,mobile
1549713957643,enter,b2220,sprint,,mobile
1549713980375,respond,q3688,sprint,c,mobile
1549713981562,respond,q3688,sprint,d,mobile
1549713982297,respond,q3688,sprint,b,mobile
1549713982981,respond,q3688,sprint,a,mobile
1549713991382,respond,q3688,sprint,b,mobile
1549713991869,respond,q3688,sprint,c,mobile
1549713992236,respond,q3688,sprint,d,mobile
1549713995752,submit,b2220,sprint,,mobile
1549714010756,enter,b3972,sprint,,mobile
1549714024140,respond,q5440,sprint,d,mobile
1549714026731,respond,q5440,sprint,c,mobile
1549714034913,respond,q5440,sprint,a,mobile
1549714040997,submit,b3972,sprint,,mobile
1549714054079,enter,b4707,sprint,,mobile
1549714068987,respond,q6175,sprint,d,mobile
1549714072556,submit,b4707,sprint,,mobile
1550835105324,enter,b397,sprint,,mobile
1550835121117,respond,q397,sprint,b,mobile
1550835123892,submit,b397,sprint,,mobile
1550835143260,enter,b245,sprint,,mobile
1550835155482,respond,q245,sprint,b,mobile
1550835160075,respond,q245,sprint,b,mobile
1550835160985,respond,q245,sprint,c,mobile
1550835165546,submit,b245,sprint,,mobile
1550835183808,enter,b1394,sprint,,mobile
1550835205099,respond,q1394,sprint,c,mobile
1550835207788,submit,b1394,sprint,,mobile
1550835236547,enter,b758,sprint,,mobile
1550835254558,respond,q758,sprint,b,mobile
1550835257391,submit,b758,sprint,,mobile
1550835282730,enter,b961,sprint,,mobile
1550835304517,submit,b961,sprint,,mobile
1550835308139,enter,b961,sprint,,mobile
1550835324917,respond,q961,sprint,b,mobile
1550835328775,submit,b961,sprint,,mobile
1550835354006,enter,b447,sprint,,mobile
1550835375211,respond,q447,sprint,c,mobile
1550835378165,submit,b447,sprint,,mobile
1550835402218,enter,b940,sprint,,mobile
1550835417058,respond,q940,sprint,b,mobile
1550835422699,submit,b940,sprint,,mobile
1550835431653,enter,b759,sprint,,mobile
1550835449298,respond,q759,sprint,c,mobile
1550835451941,submit,b759,sprint,,mobile
1550835487245,enter,b776,sprint,,mobile
1550835502908,respond,q776,sprint,b,mobile
1550835505644,submit,b776,sprint,,mobile
1550835526251,enter,b1266,sprint,,mobile
1550835543920,respond,q1266,sprint,c,mobile
1550835547167,submit,b1266,sprint,,mobile
1550835616477,enter,b3880,sprint,,mobile
1550835636229,respond,q5348,sprint,d,mobile
1550835641713,submit,b3880,sprint,,mobile
1550835651184,enter,b3642,sprint,,mobile
1550835668529,respond,q5110,sprint,a,mobile
1550835679504,respond,q5110,sprint,d,mobile
1550835692944,submit,b3642,sprint,,mobile
1550835704652,enter,b2498,sprint,,mobile
1550835729834,respond,q3966,sprint,b,mobile
1550835733140,respond,q3966,sprint,c,mobile
1550835738817,submit,b2498,sprint,,mobile
1550835763211,enter,b5743,sprint,,mobile
1550835783501,respond,q8392,sprint,d,mobile
1550835785111,respond,q8392,sprint,c,mobile
1550835785790,respond,q8392,sprint,b,mobile
1550835786473,respond,q8392,sprint,a,mobile
1550835798836,respond,q8392,sprint,d,mobile
1550835803012,respond,q8392,sprint,a,mobile
1550835806839,respond,q8392,sprint,b,mobile
1550835817212,respond,q8392,sprint,d,mobile
1550835821613,submit,b5743,sprint,,mobile
1550835842052,enter,b5055,sprint,,mobile
1550835861023,respond,q6523,sprint,a,mobile
1550835866538,respond,q6523,sprint,b,mobile
1550835869078,submit,b5055,sprint,,mobile
1550835877282,enter,b3006,sprint,,mobile
1550835882085,respond,q4474,sprint,b,mobile
1550835885035,submit,b3006,sprint,,mobile
1550835890593,enter,b3365,sprint,,mobile
1550835920257,respond,q4833,sprint,c,mobile
1550835938051,submit,b3365,sprint,,mobile
1550835950404,enter,b6525,sprint,,mobile
1550835962179,respond,q9174,sprint,d,mobile
1550835973838,respond,q9174,sprint,c,mobile
1550835975461,respond,q9174,sprint,b,mobile
1550835976210,respond,q9174,sprint,c,mobile
1550835985459,submit,b6525,sprint,,mobile
1550836009696,enter,b3407,sprint,,mobile
1550836024519,respond,q4875,sprint,b,mobile
1550836032789,respond,q4875,sprint,c,mobile
1550836035905,submit,b3407,sprint,,mobile
1550836049043,enter,b4085,sprint,,mobile
1550836074783,respond,q5553,sprint,c,mobile
1550836096227,submit,b4085,sprint,,mobile
1550836132168,enter,b3866,sprint,,mobile
1550836173766,respond,q5334,sprint,d,mobile
1550836179195,submit,b3866,sprint,,mobile
1550836200656,enter,b6305,sprint,,mobile
1550836218386,respond,q8954,sprint,a,mobile
1550836227156,submit,b6305,sprint,,mobile
1550836241947,enter,b5131,sprint,,mobile
1550836272671,respond,q6725,sprint,c,mobile
1550836276136,submit,b5131,sprint,,mobile
1550836284381,enter,b3946,sprint,,mobile
1550836305674,respond,q5414,sprint,d,mobile
1550836318357,respond,q5414,sprint,c,mobile
1550836321686,submit,b3946,sprint,,mobile
1550836340348,enter,b3780,sprint,,mobile
1550836370269,respond,q5248,sprint,d,mobile
1550836374369,submit,b3780,sprint,,mobile
1550836380866,enter,b7242,sprint,,mobile
1550836393788,respond,q9891,sprint,d,mobile
1550836396668,submit,b7242,sprint,,mobile
1550836409493,enter,b3404,sprint,,mobile
1550836420933,respond,q4872,sprint,b,mobile
1550836428101,submit,b3404,sprint,,mobile
1550836443879,enter,b3821,sprint,,mobile
1550836494159,respond,q5289,sprint,d,mobile
1550836499138,submit,b3821,sprint,,mobile
1550836514740,enter,b2555,sprint,,mobile
1550836610170,respond,q4023,sprint,a,mobile
1550836617893,submit,b2555,sprint,,mobile
1550836631456,enter,b6736,sprint,,mobile
1550836660416,respond,q9385,sprint,c,mobile
1550836690295,respond,q9385,sprint,d,mobile
1550836705656,submit,b6736,sprint,,mobile
1550904072448,enter,b4096,sprint,,mobile
1550904084612,respond,q5564,sprint,b,mobile
1550904089673,respond,q5564,sprint,a,mobile
1550904106310,submit,b4096,sprint,,mobile
1550904222825,enter,b3869,sprint,,mobile
1550904235895,respond,q5337,sprint,b,mobile
1550904237285,respond,q5337,sprint,c,mobile
1550904240866,submit,b3869,sprint,,mobile
1550904258317,enter,b4300,sprint,,mobile
1550904267766,respond,q5768,sprint,c,mobile
1550904278923,submit,b4300,sprint,,mobile
1550904284870,enter,b5918,sprint,,mobile
1550904293022,respond,q8567,sprint,a,mobile
1550904297407,submit,b5918,sprint,,mobile
1550904321756,enter,b4702,sprint,,mobile
1550904366869,respond,q6170,sprint,c,mobile
1550904371399,submit,b4702,sprint,,mobile
1550904387186,enter,b2554,sprint,,mobile
1550904403836,respond,q4022,sprint,c,mobile
1550904406554,submit,b2554,sprint,,mobile
1550904455822,enter,b4703,sprint,,mobile
1550904494034,respond,q6171,sprint,b,mobile
1550904498976,submit,b4703,sprint,,mobile
1550904539883,enter,b7154,sprint,,mobile
1550904571711,respond,q9803,sprint,a,mobile
1550904574272,submit,b7154,sprint,,mobile
1550904591074,enter,b5127,sprint,,mobile
1550904601072,respond,q6721,sprint,b,mobile
1550904609683,submit,b5127,sprint,,mobile
1550904662154,enter,b5047,sprint,,mobile
1550904682854,respond,q6515,sprint,b,mobile
1550904689596,submit,b5047,sprint,,mobile
1550904715904,enter,b1380,sprint,,mobile
1550904726754,respond,q1380,sprint,a,mobile
1550904731821,respond,q1380,sprint,b,mobile
1550904737065,submit,b1380,sprint,,mobile
1550904773974,enter,b621,sprint,,mobile
1550904788777,respond,q621,sprint,b,mobile
1550904792394,respond,q621,sprint,a,mobile
1550904794928,submit,b621,sprint,,mobile
1550904819165,enter,b246,sprint,,mobile
1550904834669,respond,q246,sprint,c,mobile
1550904836905,submit,b246,sprint,,mobile
1550904854235,enter,b529,sprint,,mobile
1550904868623,respond,q529,sprint,b,mobile
1550904875085,submit,b529,sprint,,mobile
1550904897683,enter,b994,sprint,,mobile
1550904915304,respond,q994,sprint,c,mobile
1550904917551,submit,b994,sprint,,mobile
1550904937095,enter,b571,sprint,,mobile
1550904954464,respond,q571,sprint,c,mobile
1550904957116,submit,b571,sprint,,mobile
1550904977335,enter,b342,sprint,,mobile
1550904996744,submit,b342,sprint,,mobile
1550905003186,enter,b753,sprint,,mobile
1550905021319,respond,q753,sprint,a,mobile
1550905023901,submit,b753,sprint,,mobile
1550905051058,enter,b695,sprint,,mobile
1550905061716,respond,q695,sprint,a,mobile
1550905069264,submit,b695,sprint,,mobile
1550905088125,enter,b475,sprint,,mobile
1550905111070,respond,q475,sprint,a,mobile
1550905115523,submit,b475,sprint,,mobile
1551426237541,enter,b2599,diagnosis,,mobile
1551426261876,respond,q4067,diagnosis,a,mobile
1551426264094,respond,q4067,diagnosis,c,mobile
1551426267218,submit,b2599,diagnosis,,mobile
1551426267289,enter,b324,diagnosis,,mobile
1551426279668,respond,q324,diagnosis,a,mobile
1551426282863,submit,b324,diagnosis,,mobile
1551426282945,enter,b4288,diagnosis,,mobile
1551426298921,respond,q5756,diagnosis,d,mobile
1551426299252,respond,q5756,diagnosis,a,mobile
1551426303714,submit,b4288,diagnosis,,mobile
1551426303776,enter,b2557,diagnosis,,mobile
1551426330485,respond,q4025,diagnosis,a,mobile
1551426334436,submit,b2557,diagnosis,,mobile
1551426334507,enter,b3779,diagnosis,,mobile
1551426358035,respond,q5247,diagnosis,b,mobile
1551426362546,submit,b3779,diagnosis,,mobile
1551426362618,enter,b4195,diagnosis,,mobile
1551426407556,respond,q5663,diagnosis,c,mobile
1551426412915,respond,q5663,diagnosis,a,mobile
1551426416019,submit,b4195,diagnosis,,mobile
1551426416079,enter,b5137,diagnosis,,mobile
1551426426562,respond,q6731,diagnosis,b,mobile
1551426445143,submit,b5137,diagnosis,,mobile
1551426445204,enter,b3149,diagnosis,,mobile
1551426460184,respond,q4617,diagnosis,d,mobile
1551426466040,respond,q4617,diagnosis,a,mobile
1551426475255,submit,b3149,diagnosis,,mobile
1551426503481,enter,b447,sprint,,mobile
1551426513421,respond,q447,sprint,a,mobile
1551426515958,submit,b447,sprint,,mobile
1551426520439,enter,b406,sprint,,mobile
1551426536661,respond,q406,sprint,a,mobile
1551426540689,submit,b406,sprint,,mobile
1551426546690,enter,b1316,sprint,,mobile
1551426557234,respond,q1316,sprint,a,mobile
1551426565679,submit,b1316,sprint,,mobile
1551426595158,enter,b8315,sprint,,mobile
1551426605008,respond,q11262,sprint,a,mobile
1551426607754,submit,b8315,sprint,,mobile
1551426627789,enter,b271,sprint,,mobile
1551426643729,respond,q271,sprint,c,mobile
1551426645908,submit,b271,sprint,,mobile
1551426671890,enter,b878,sprint,,mobile
1551426692467,respond,q878,sprint,a,mobile
1551426695052,submit,b878,sprint,,mobile
1551426714030,enter,b402,sprint,,mobile
1551426733293,respond,q402,sprint,c,mobile
1551426735804,submit,b402,sprint,,mobile
1551426756579,enter,b295,sprint,,mobile
1551426771895,respond,q295,sprint,c,mobile
1551426774565,submit,b295,sprint,,mobile
1551426792190,enter,b1250,sprint,,mobile
1551426801416,respond,q1250,sprint,a,mobile
1551426810120,respond,q1250,sprint,c,mobile
1551426817929,submit,b1250,sprint,,mobile
1551426902680,enter,b4219,sprint,,mobile
1551426925217,respond,q5687,sprint,d,mobile
1551426928669,submit,b4219,sprint,,mobile
1551426942598,enter,b3775,sprint,,mobile
1551426975700,respond,q5243,sprint,a,mobile
1551426983873,submit,b3775,sprint,,mobile
1551427010280,enter,b4679,sprint,,mobile
1551427036914,respond,q6147,sprint,b,mobile
1551427042902,submit,b4679,sprint,,mobile
1551427055897,enter,b6774,sprint,,mobile
1551427085656,respond,q9423,sprint,c,mobile
1551427104914,respond,q9423,sprint,d,mobile
1551427112456,submit,b6774,sprint,,mobile
1551427126159,enter,b2306,sprint,,mobile
1551427154778,respond,q3774,sprint,a,mobile
1551427158611,submit,b2306,sprint,,mobile
1551427166932,enter,b5049,sprint,,mobile
1551427183339,respond,q6517,sprint,d,mobile
1551427183838,respond,q6517,sprint,b,mobile
1551427184307,respond,q6517,sprint,c,mobile
1551427188976,submit,b5049,sprint,,mobile
1551427195599,enter,b3871,sprint,,mobile
1551427208142,respond,q5339,sprint,b,mobile
1551427211403,submit,b3871,sprint,,mobile
1551427226009,enter,b6846,sprint,,mobile
1551427241772,respond,q9495,sprint,a,mobile
1551427243976,respond,q9495,sprint,d,mobile
1551427248843,submit,b6846,sprint,,mobile
1551427254758,enter,b2713,sprint,,mobile
1551427264670,respond,q4181,sprint,b,mobile
1551427266917,submit,b2713,sprint,,mobile
1551427272941,enter,b3319,sprint,,mobile
1551427292314,respond,q4787,sprint,a,mobile
1551427299728,submit,b3319,sprint,,mobile
