timestamp,action_type,item_id,source,user_answer,platform
1536654798758,enter,b2380,diagnosis,,mobile
1536654827854,submit,b2380,diagnosis,,mobile
1536654827918,enter,b2868,diagnosis,,mobile
1536654847314,respond,q4336,diagnosis,c,mobile
1536654852877,submit,b2868,diagnosis,,mobile
1536654852916,enter,b326,diagnosis,,mobile
1536654868331,respond,q326,diagnosis,b,mobile
1536654873449,submit,b326,diagnosis,,mobile
1536654873488,enter,b3953,diagnosis,,mobile
1536654884195,respond,q5421,diagnosis,b,mobile
1536654888387,submit,b3953,diagnosis,,mobile
1536654888408,enter,b1312,diagnosis,,mobile
1536654927690,respond,q1312,diagnosis,a,mobile
1536654930891,submit,b1312,diagnosis,,mobile
1536654930915,enter,b1061,diagnosis,,mobile
1536654942010,respond,q1061,diagnosis,c,mobile
1536654947848,submit,b1061,diagnosis,,mobile
1536654947894,enter,b391,diagnosis,,mobile
1536654952149,respond,q391,diagnosis,a,mobile
1536654955549,submit,b391,diagnosis,,mobile
1536654955582,enter,b4480,diagnosis,,mobile
1536654969042,respond,q5948,diagnosis,b,mobile
1536654977559,submit,b4480,diagnosis,,mobile
1536654977596,enter,b3135,diagnosis,,mobile
1536654997392,respond,q4603,diagnosis,a,mobile
1536655018002,respond,q4603,diagnosis,b,mobile
1536655021430,submit,b3135,diagnosis,,mobile
1536655021469,enter,b1322,diagnosis,,mobile
1536655044403,respond,q1322,diagnosis,c,mobile
1536655052316,submit,b1322,diagnosis,,mobile
