timestamp,action_type,item_id,source,user_answer,platform
1538128028907,enter,b3759,diagnosis,,mobile
1538128039876,respond,q5227,diagnosis,a,mobile
1538128045843,submit,b3759,diagnosis,,mobile
1538128045920,enter,b3602,diagnosis,,mobile
1538128055238,respond,q5070,diagnosis,a,mobile
1538128058969,submit,b3602,diagnosis,,mobile
1538128059041,enter,b4337,diagnosis,,mobile
1538128094636,respond,q5805,diagnosis,c,mobile
1538128096942,submit,b4337,diagnosis,,mobile
1538128097013,enter,b3345,diagnosis,,mobile
1538128118191,respond,q4813,diagnosis,b,mobile
1538128120582,respond,q4813,diagnosis,c,mobile
1538128124031,submit,b3345,diagnosis,,mobile
1538128124102,enter,b3780,diagnosis,,mobile
1538128152128,respond,q5248,diagnosis,a,mobile
1538128156855,submit,b3780,diagnosis,,mobile
1538128156924,enter,b3327,diagnosis,,mobile
1538128167055,respond,q4795,diagnosis,a,mobile
1538128169961,submit,b3327,diagnosis,,mobile
1538128170025,enter,b4890,diagnosis,,mobile
1538128179368,respond,q6358,diagnosis,d,mobile
1538128183906,submit,b4890,diagnosis,,mobile
1538128183971,enter,b2156,diagnosis,,mobile
1538128207088,respond,q3624,diagnosis,c,mobile
1538128217059,submit,b2156,diagnosis,,mobile
1538128217128,enter,b3753,diagnosis,,mobile
1538128241870,respond,q5221,diagnosis,b,mobile
1538128250838,submit,b3753,diagnosis,,mobile
