timestamp,action_type,item_id,source,user_answer,platform
1562498439544,enter,b6968,diagnosis,,web
1562498465306,respond,q9617,diagnosis,a,web
1562498472418,submit,b6968,diagnosis,,web
1562498476286,enter,b1152,diagnosis,,web
1562498493994,respond,q1152,diagnosis,c,web
1562498495203,submit,b1152,diagnosis,,web
1562498499030,enter,b5774,diagnosis,,web
1562498509694,respond,q8423,diagnosis,a,web
1562498511724,submit,b5774,diagnosis,,web
1562498514148,enter,b5161,diagnosis,,web
1562498525765,respond,q6755,diagnosis,b,web
1562498527461,submit,b5161,diagnosis,,web
1562498530469,enter,b5128,diagnosis,,web
1562498551793,respond,q6722,diagnosis,c,web
1562498563599,submit,b5128,diagnosis,,web
1562498565576,enter,b3556,diagnosis,,web
1562498581376,respond,q5024,diagnosis,b,web
1562498585619,submit,b3556,diagnosis,,web
1562498587633,enter,b25,diagnosis,,web
1562498610600,respond,q25,diagnosis,c,web
1562498612102,submit,b25,diagnosis,,web
1562501405820,enter,b856,my_note,,web
1562501422089,respond,q856,my_note,a,web
1562501423253,submit,b856,my_note,,web
1562501644531,enter,b397,my_note,,web
1562501658269,respond,q397,my_note,b,web
1562501662114,submit,b397,my_note,,web
1562501672333,enter,b1266,my_note,,web
1562501689071,respond,q1266,my_note,b,web
1562501697087,submit,b1266,my_note,,web
1562501724428,enter,b280,my_note,,web
1562501747749,respond,q280,my_note,b,web
1562501748766,submit,b280,my_note,,web
1562501776716,enter,b1292,my_note,,web
1562501790274,respond,q1292,my_note,b,web
1562501795277,submit,b1292,my_note,,web
1562501815560,enter,b527,my_note,,web
1562501833406,respond,q527,my_note,b,web
1562501834426,submit,b527,my_note,,web
1562501857518,enter,b1101,my_note,,web
1562501872042,respond,q1101,my_note,c,web
1562501885444,submit,b1101,my_note,,web
1562501910764,enter,b1316,my_note,,web
1562501933111,respond,q1316,my_note,a,web
1562501936638,respond,q1316,my_note,b,web
1562501938224,respond,q1316,my_note,a,web
1562501939243,submit,b1316,my_note,,web
1562501974798,enter,b749,my_note,,web
1562501991793,respond,q749,my_note,b,web
1562501992814,submit,b749,my_note,,web
1562502003915,enter,b661,my_note,,web
1562502018781,respond,q661,my_note,c,web
1562502021618,submit,b661,my_note,,web
1562502027693,enter,b1251,my_note,,web
1562502049269,respond,q1251,my_note,a,web
1562502050389,submit,b1251,my_note,,web
1562502057214,enter,b921,my_note,,web
1562502075338,respond,q921,my_note,a,web
1562502076303,submit,b921,my_note,,web
1562502155851,enter,b3770,my_note,,web
1562502171185,respond,q5238,my_note,a,web
1562502175015,submit,b3770,my_note,,web
1562503670660,enter,b2460,my_note,,web
1562503680089,respond,q3928,my_note,b,web
1562503689798,respond,q3928,my_note,a,web
1562503691169,submit,b2460,my_note,,web
1562503716527,enter,b2849,my_note,,web
1562503727093,respond,q4317,my_note,b,web
1562503740874,submit,b2849,my_note,,web
1562503814719,enter,b2467,my_note,,web
1562503829491,respond,q3935,my_note,d,web
1562503830973,submit,b2467,my_note,,web
1562503887603,enter,b4312,my_note,,web
1562503895841,respond,q5780,my_note,b,web
1562503896897,submit,b4312,my_note,,web
1562503915035,enter,b4985,my_note,,web
1562503930159,respond,q6453,my_note,c,web
1562503931590,respond,q6453,my_note,b,web
1562503937708,respond,q6453,my_note,d,web
1562503946259,respond,q6453,my_note,b,web
1562503947333,submit,b4985,my_note,,web
1562504063491,enter,b2320,my_note,,web
1562504069188,respond,q3788,my_note,d,web
1562504071648,submit,b2320,my_note,,web
1562504111713,enter,b4720,my_note,,web
1562504122147,respond,q6188,my_note,c,web
1562504127112,submit,b4720,my_note,,web
1562504150619,enter,b2587,my_note,,web
1562504170666,respond,q4055,my_note,d,web
1562504177084,submit,b2587,my_note,,web
1562504260666,enter,b3013,my_note,,web
1562504273038,respond,q4481,my_note,b,web
1562504275259,respond,q4481,my_note,c,web
1562504284504,respond,q4481,my_note,b,web
1562504286283,respond,q4481,my_note,c,web
1562504290437,submit,b3013,my_note,,web
1562504309802,enter,b3771,my_note,,web
1562504332814,respond,q5239,my_note,a,web
1562504373463,submit,b3771,my_note,,web
1562504392209,enter,b3067,my_note,,web
1562504399786,respond,q4535,my_note,a,web
1562504403222,respond,q4535,my_note,b,web
1562504406266,respond,q4535,my_note,c,web
1562504411333,submit,b3067,my_note,,web
1562504421423,enter,b3096,my_note,,web
1562504433344,respond,q4564,my_note,a,web
1562504437697,submit,b3096,my_note,,web
1562504449078,enter,b4896,my_note,,web
1562504456432,respond,q6364,my_note,c,web
1562504458617,submit,b4896,my_note,,web
1562504479259,enter,b3563,my_note,,web
1562504489412,respond,q5031,my_note,b,web
1562504491895,submit,b3563,my_note,,web
1562504800169,enter,b1747,my_note,,web
1562504815079,respond,q2439,my_note,d,web
1562504826920,respond,q2440,my_note,d,web
1562504835243,respond,q2441,my_note,b,web
1562504841424,respond,q2439,my_note,a,web
1562504844784,respond,q2439,my_note,c,web
1562504855269,submit,b1747,my_note,,web
1562504862651,enter,b1676,my_note,,web
1562504917894,respond,q2226,my_note,c,web
1562504923463,respond,q2226,my_note,b,web
1562504937227,respond,q2227,my_note,c,web
1562504944990,respond,q2228,my_note,a,web
1562504961174,submit,b1676,my_note,,web
1562505307810,enter,b1762,my_note,,web
1562505352608,respond,q2484,my_note,a,web
1562505369227,respond,q2485,my_note,b,web
1562505383287,respond,q2486,my_note,d,web
1562505400853,submit,b1762,my_note,,web
1562505427656,enter,b1446,my_note,,web
1562505437026,respond,q1536,my_note,a,web
1562505462423,respond,q1536,my_note,a,web
1562505470091,respond,q1537,my_note,a,web
1562505471422,respond,q1537,my_note,b,web
1562505472102,respond,q1537,my_note,c,web
1562505473042,respond,q1537,my_note,d,web
1562505480745,respond,q1538,my_note,a,web
1562505481897,submit,b1446,my_note,,web
1562505512164,enter,b1748,my_note,,web
1562505542111,respond,q2442,my_note,d,web
1562505554682,respond,q2443,my_note,d,web
1562505564590,respond,q2444,my_note,b,web
1562505568479,respond,q2442,my_note,b,web
1562505569354,submit,b1748,my_note,,web
1562505587936,enter,b5648,my_note,,web
1562505610126,respond,q8177,my_note,b,web
1562505611333,submit,b5648,my_note,,web
1562505620506,enter,b5652,my_note,,web
1562505636804,respond,q8181,my_note,b,web
1562505644445,submit,b5652,my_note,,web
1562505659428,enter,b5528,my_note,,web
1562505670094,respond,q8057,my_note,a,web
1562505683477,submit,b5528,my_note,,web
1562505707633,enter,b10,my_note,,web
1562505731175,respond,q10,my_note,d,web
1562505734767,submit,b10,my_note,,web
1562505760269,enter,b5536,my_note,,web
1562505780884,respond,q8065,my_note,d,web
1562505783771,submit,b5536,my_note,,web
1562505796226,enter,b5589,my_note,,web
1562505824271,respond,q8118,my_note,b,web
1562505825101,submit,b5589,my_note,,web
1562507277767,enter,b5161,my_note,,web
1562507306144,respond,q6755,my_note,b,web
1562507309902,submit,b5161,my_note,,web
1562507379817,enter,b5128,my_note,,web
1562507391496,respond,q6722,my_note,b,web
1562507395655,submit,b5128,my_note,,web
1562507500161,enter,b3556,my_note,,web
1562507521150,respond,q5024,my_note,d,web
1562507525159,submit,b3556,my_note,,web
1562507539482,enter,b3770,my_note,,web
1562507556024,respond,q5238,my_note,a,web
1562507557430,respond,q5238,my_note,b,web
1562507568286,submit,b3770,my_note,,web
1562507582470,enter,b2460,my_note,,web
1562507584635,respond,q3928,my_note,b,web
1562507585408,submit,b2460,my_note,,web
1562507594271,enter,b2849,my_note,,web
1562507601029,respond,q4317,my_note,c,web
1562507601885,submit,b2849,my_note,,web
1562507607687,enter,b2467,my_note,,web
1562507612764,respond,q3935,my_note,a,web
1562507614470,submit,b2467,my_note,,web
1562507621984,enter,b4720,my_note,,web
1562507624657,respond,q6188,my_note,d,web
1562507625471,submit,b4720,my_note,,web
1562507631660,enter,b2587,my_note,,web
1562507635713,respond,q4055,my_note,a,web
1562507637075,submit,b2587,my_note,,web
1562507649095,enter,b3013,my_note,,web
1562507664831,respond,q4481,my_note,a,web
1562507665795,submit,b3013,my_note,,web
1562507671652,enter,b4896,my_note,,web
1562507695817,respond,q6364,my_note,a,web
1562507696703,submit,b4896,my_note,,web
1562507708455,enter,b3563,my_note,,web
1562507713158,respond,q5031,my_note,d,web
1562507714105,submit,b3563,my_note,,web
1562507763004,enter,b3415,my_note,,web
1562507773038,respond,q4883,my_note,c,web
1562507775996,submit,b3415,my_note,,web
1562507800124,enter,b3592,my_note,,web
1562507808080,respond,q5060,my_note,c,web
1562507810248,submit,b3592,my_note,,web
1562507817533,enter,b4218,my_note,,web
1562507825798,respond,q5686,my_note,b,web
1562507833478,respond,q5686,my_note,c,web
1562507844285,respond,q5686,my_note,b,web
1562507847006,respond,q5686,my_note,a,web
1562507849132,respond,q5686,my_note,b,web
1562507849946,submit,b4218,my_note,,web
1562507994271,enter,b5146,my_note,,web
1562508004309,respond,q6740,my_note,a,web
1562508007235,submit,b5146,my_note,,web
1562508015750,enter,b5041,my_note,,web
1562508037462,respond,q6509,my_note,a,web
1562508045079,submit,b5041,my_note,,web
1562508186533,enter,b1292,my_note,,web
1562508201560,respond,q1292,my_note,c,web
1562508202322,submit,b1292,my_note,,web
1562508206955,enter,b1101,my_note,,web
1562508216449,respond,q1101,my_note,b,web
1562508219810,submit,b1101,my_note,,web
1562508225190,enter,b1316,my_note,,web
1562508242843,respond,q1316,my_note,c,web
1562508244112,submit,b1316,my_note,,web
1562508253825,enter,b749,my_note,,web
1562508270694,respond,q749,my_note,b,web
1562508277176,submit,b749,my_note,,web
1562508283951,enter,b921,my_note,,web
1562508298976,respond,q921,my_note,b,web
1562508300227,submit,b921,my_note,,web
1562508306143,enter,b1676,my_note,,web
1562508338328,respond,q2226,my_note,d,web
1562508348685,respond,q2227,my_note,c,web
1562508353472,respond,q2228,my_note,a,web
1562508358568,submit,b1676,my_note,,web
1562508374142,enter,b1762,my_note,,web
1562508393745,respond,q2484,my_note,a,web
1562508410629,respond,q2485,my_note,b,web
1562508414429,respond,q2486,my_note,c,web
1562508420224,submit,b1762,my_note,,web
1562508579438,enter,b10,my_note,,web
1562508582815,respond,q10,my_note,c,web
1562508583582,submit,b10,my_note,,web
1562508842476,enter,b2029,my_note,,web
1562508887827,respond,q3285,my_note,a,web
1562508904506,respond,q3286,my_note,d,web
1562508925009,respond,q3287,my_note,c,web
1562508929550,respond,q3285,my_note,c,web
1562508930680,submit,b2029,my_note,,web
1562508952653,enter,b1808,my_note,,web
1562509001478,respond,q2622,my_note,b,web
1562509009659,respond,q2623,my_note,b,web
1562509018900,respond,q2624,my_note,a,web
1562509024883,respond,q2622,my_note,c,web
1562509036314,submit,b1808,my_note,,web
1562509074465,enter,b1993,my_note,,web
1562509116383,respond,q3177,my_note,b,web
1562509117109,respond,q3177,my_note,d,web
1562509126204,respond,q3178,my_note,a,web
1562509139547,respond,q3179,my_note,b,web
1562509146763,respond,q3179,my_note,d,web
1562509166810,submit,b1993,my_note,,web
1562509186225,enter,b2045,my_note,,web
1562509212074,respond,q3333,my_note,c,web
1562509231176,respond,q3334,my_note,a,web
1562509242197,respond,q3335,my_note,d,web
1562509243851,respond,q3335,my_note,a,web
1562509247799,submit,b2045,my_note,,web
1562509256499,enter,b1818,my_note,,web
1562509277688,respond,q2652,my_note,b,web
1562509294486,respond,q2654,my_note,a,web
1562509311883,respond,q2653,my_note,a,web
1562509316542,respond,q2653,my_note,b,web
1562509319232,submit,b1818,my_note,,web
1562509351582,enter,b2762,my_note,,web
1562509360411,respond,q4230,my_note,c,web
1562509364585,respond,q4230,my_note,b,web
1562509367941,submit,b2762,my_note,,web
1562509375148,enter,b4745,my_note,,web
1562509388427,respond,q6213,my_note,a,web
1562509390745,submit,b4745,my_note,,web
1562509399615,enter,b4195,my_note,,web
1562509416275,respond,q5663,my_note,b,web
1562509443336,submit,b4195,my_note,,web
1562509469223,enter,b2934,my_note,,web
1562509483605,respond,q4402,my_note,a,web
1562509485764,submit,b2934,my_note,,web
1562509494744,enter,b4692,my_note,,web
1562509500613,respond,q6160,my_note,a,web
1562509504108,respond,q6160,my_note,d,web
1562509505305,submit,b4692,my_note,,web
1562509511655,enter,b3844,my_note,,web
1562509521460,respond,q5312,my_note,d,web
1562509528873,submit,b3844,my_note,,web
1562509536801,enter,b4307,my_note,,web
1562509561002,respond,q5775,my_note,c,web
1562509572970,submit,b4307,my_note,,web
1562509603958,enter,b3589,my_note,,web
1562509626524,respond,q5057,my_note,d,web
1562509631303,respond,q5057,my_note,b,web
1562509637478,respond,q5057,my_note,d,web
1562509638276,submit,b3589,my_note,,web
1562509648986,enter,b4025,my_note,,web
1562509654400,respond,q5493,my_note,b,web
1562509656238,submit,b4025,my_note,,web
1562509662820,enter,b4150,my_note,,web
1562509670989,respond,q5618,my_note,a,web
1562509673773,respond,q5618,my_note,b,web
1562509674604,submit,b4150,my_note,,web
1562511733017,enter,b7922,my_note,,web
1562511760234,respond,q10642,my_note,b,web
1562511782794,respond,q10643,my_note,b,web
1562511788569,respond,q10643,my_note,d,web
1562511809157,respond,q10644,my_note,a,web
1562511826536,respond,q10645,my_note,d,web
1562511839083,submit,b7922,my_note,,web
1562589569414,enter,b7921,my_note,,web
1562589590188,respond,q10638,my_note,a,web
1562589597515,respond,q10638,my_note,c,web
1562589615453,respond,q10639,my_note,a,web
1562589638085,respond,q10640,my_note,a,web
1562589643493,respond,q10640,my_note,d,web
1562589685827,respond,q10641,my_note,a,web
1562589687299,submit,b7921,my_note,,web
1562853694328,enter,b5462,my_note,,web
1562853733185,respond,q7826,my_note,d,web
1562853752332,respond,q7827,my_note,b,web
1562853760435,respond,q7827,my_note,a,web
1562853802207,respond,q7827,my_note,b,web
1562853806070,respond,q7827,my_note,c,web
1562853852452,respond,q7828,my_note,c,web
1562853857154,respond,q7827,my_note,d,web
1562853859736,respond,q7827,my_note,b,web
1562853865570,respond,q7827,my_note,a,web
1562853903661,respond,q7829,my_note,b,web
1562853913709,respond,q7829,my_note,c,web
1562853925990,respond,q7828,my_note,b,web
1562853973366,respond,q7830,my_note,c,web
1562853974820,submit,b5462,my_note,,web
1562853986515,enter,b5498,my_note,,web
1562854003859,respond,q7962,my_note,c,web
1562854012509,respond,q7962,my_note,b,web
1562854058161,respond,q7962,my_note,c,web
1562854061527,respond,q7962,my_note,d,web
1562854109148,respond,q7964,my_note,b,web
1562854122724,respond,q7963,my_note,a,web
1562854131276,respond,q7963,my_note,d,web
1562854132047,respond,q7963,my_note,c,web
1562854132959,submit,b5498,my_note,,web
1562854145302,enter,b5254,my_note,,web
1562854184512,respond,q7108,my_note,a,web
1562854233803,respond,q7109,my_note,d,web
1562854241110,submit,b5254,my_note,,web
1562854273703,enter,b1837,my_note,,web
1562854307649,respond,q2709,my_note,a,web
1562854317766,respond,q2710,my_note,c,web
1562854338814,respond,q2711,my_note,c,web
1562854341933,respond,q2711,my_note,b,web
1562854348345,respond,q2711,my_note,a,web
1562854349597,submit,b1837,my_note,,web
1562854398698,enter,b1971,my_note,,web
1562854436430,respond,q3111,my_note,a,web
1562854445142,respond,q3112,my_note,b,web
1562854447920,respond,q3112,my_note,a,web
1562854459993,respond,q3113,my_note,b,web
1562854461169,submit,b1971,my_note,,web
1562854473906,enter,b1998,my_note,,web
1562854522469,respond,q3192,my_note,a,web
1562854542653,respond,q3193,my_note,c,web
1562854549745,respond,q3194,my_note,a,web
1562854550777,submit,b1998,my_note,,web
1562854563414,enter,b1821,my_note,,web
1562854590093,respond,q2661,my_note,a,web
1562854601492,respond,q2662,my_note,b,web
1562854608066,respond,q2662,my_note,c,web
1562854616116,respond,q2662,my_note,b,web
1562854626086,respond,q2663,my_note,a,web
1562854627137,submit,b1821,my_note,,web
1562854636174,enter,b2069,my_note,,web
1562854651103,respond,q3405,my_note,a,web
1562854657734,respond,q3405,my_note,b,web
1562854669351,respond,q3406,my_note,a,web
1562854680924,respond,q3407,my_note,b,web
1562854687490,respond,q3405,my_note,a,web
1562854688900,submit,b2069,my_note,,web
1562942137109,enter,b5382,my_note,,web
1562942215379,respond,q7571,my_note,d,web
1562942248775,respond,q7574,my_note,c,web
1562942259930,respond,q7572,my_note,b,web
1562942288788,respond,q7573,my_note,b,web
1562942292109,submit,b5382,my_note,,web
1562942373099,enter,b5467,my_note,,web
1562942426628,respond,q7851,my_note,c,web
1562942439721,respond,q7852,my_note,a,web
1562942522914,respond,q7853,my_note,d,web
1562942525748,respond,q7853,my_note,c,web
1562942527061,respond,q7853,my_note,b,web
1562942528384,respond,q7853,my_note,d,web
1562942538460,respond,q7853,my_note,a,web
1562942540697,respond,q7853,my_note,d,web
1562942548440,respond,q7853,my_note,b,web
1562942555607,respond,q7853,my_note,a,web
1562942562819,respond,q7854,my_note,b,web
1562942579363,respond,q7854,my_note,d,web
1562942602470,respond,q7855,my_note,d,web
1562942606085,submit,b5467,my_note,,web
1562942669880,enter,b5391,my_note,,web
1562942719365,respond,q7608,my_note,c,web
1562942760348,respond,q7609,my_note,d,web
1562942850899,respond,q7610,my_note,d,web
1562942862238,respond,q7610,my_note,c,web
1562942873753,respond,q7611,my_note,c,web
1562942907387,respond,q7610,my_note,d,web
1562942925745,respond,q7610,my_note,b,web
1562942930930,respond,q7610,my_note,c,web
1562942966983,respond,q7612,my_note,a,web
1562942968433,submit,b5391,my_note,,web
1562943015734,enter,b5290,sprint,,web
1562943072259,respond,q7219,sprint,d,web
1562943120766,respond,q7220,sprint,c,web
1562943132147,respond,q7220,sprint,b,web
1562943135612,respond,q7220,sprint,d,web
1562943161986,respond,q7220,sprint,a,web
1562943182794,respond,q7221,sprint,a,web
1562943211687,respond,q7222,sprint,a,web
1562943215077,respond,q7222,sprint,c,web
1562943224280,respond,q7222,sprint,a,web
1562943263986,submit,b5290,sprint,,web
1562943339267,enter,b3,sprint,,web
1562943361702,respond,q3,sprint,d,web
1562943370439,respond,q3,sprint,c,web
1562943375594,submit,b3,sprint,,web
1562943398788,enter,b5634,sprint,,web
1562943411211,respond,q8163,sprint,b,web
1562943420402,submit,b5634,sprint,,web
1562943431040,enter,b8054,sprint,,web
1562943449295,respond,q11001,sprint,c,web
1562943452400,submit,b8054,sprint,,web
1562943464552,enter,b160,sprint,,web
1562943482626,respond,q160,sprint,d,web
1562943486869,submit,b160,sprint,,web
1562943494128,enter,b57,sprint,,web
1562943513930,respond,q57,sprint,a,web
1562943514869,submit,b57,sprint,,web
1562943522280,enter,b7,sprint,,web
1562943537954,respond,q7,sprint,a,web
1562943548579,submit,b7,sprint,,web
1562943570809,enter,b8260,sprint,,web
1562943587973,respond,q11207,sprint,c,web
1562943591350,submit,b8260,sprint,,web
1562943596938,enter,b5567,sprint,,web
1562943624580,respond,q8096,sprint,a,web
1562943625932,respond,q8096,sprint,d,web
1562943627007,submit,b5567,sprint,,web
1562943634829,enter,b89,sprint,,web
1562943656109,respond,q89,sprint,d,web
1562943657970,submit,b89,sprint,,web
1562946425805,enter,b89,adaptive_offer,,web
1562946434076,respond,q89,adaptive_offer,a,web
1562946434791,submit,b89,adaptive_offer,,web
1562946438171,enter,b3,adaptive_offer,,web
1562946450738,respond,q3,adaptive_offer,b,web
1562946451494,submit,b3,adaptive_offer,,web
1562946461372,enter,b131,sprint,,web
1562946474543,respond,q131,sprint,a,web
1562946479141,respond,q131,sprint,c,web
1562946481140,submit,b131,sprint,,web
1563019523074,enter,b5237,my_note,,web
1563019617069,respond,q7040,my_note,b,web
1563019643350,respond,q7039,my_note,c,web
1563019647560,respond,q7039,my_note,b,web
1563019695200,respond,q7040,my_note,a,web
1563019784023,respond,q7041,my_note,b,web
1563019819646,respond,q7042,my_note,d,web
1563019820717,respond,q7042,my_note,c,web
1563019861940,respond,q7043,my_note,d,web
1563019862884,submit,b5237,my_note,,web
1563019889322,enter,b5708,my_note,,web
1563019984398,respond,q8337,my_note,d,web
1563020042565,respond,q8338,my_note,d,web
1563020061622,respond,q8339,my_note,d,web
1563020073868,respond,q8340,my_note,d,web
1563020108827,respond,q8341,my_note,c,web
1563020138766,submit,b5708,my_note,,web
1563020156333,enter,b5696,my_note,,web
1563020270854,respond,q8277,my_note,d,web
1563020317133,respond,q8280,my_note,d,web
1563020348236,respond,q8279,my_note,a,web
1563020379713,respond,q8281,my_note,c,web
1563020427271,respond,q8278,my_note,c,web
1563020428227,submit,b5696,my_note,,web
1563020819123,enter,b2008,my_note,,web
1563020867423,respond,q3222,my_note,a,web
1563020880108,respond,q3223,my_note,d,web
1563020886669,respond,q3224,my_note,a,web
1563020890519,respond,q3224,my_note,b,web
1563020903367,submit,b2008,my_note,,web
1563020951228,enter,b1801,my_note,,web
1563020997122,respond,q2601,my_note,d,web
1563020998295,respond,q2601,my_note,c,web
1563021009787,respond,q2602,my_note,b,web
1563021012362,respond,q2602,my_note,a,web
1563021017102,respond,q2603,my_note,c,web
1563021017959,respond,q2603,my_note,b,web
1563021019546,respond,q2603,my_note,a,web
1563021021456,respond,q2603,my_note,d,web
1563021023120,respond,q2603,my_note,b,web
1563021028312,respond,q2603,my_note,a,web
1563021042205,respond,q2603,my_note,d,web
1563021044563,respond,q2603,my_note,b,web
1563021055391,respond,q2602,my_note,c,web
1563021058621,respond,q2602,my_note,d,web
1563021062645,respond,q2602,my_note,a,web
1563021064089,submit,b1801,my_note,,web
1563021125700,enter,b1918,my_note,,web
1563021175815,respond,q2952,my_note,a,web
1563021188426,respond,q2953,my_note,d,web
1563021201482,respond,q2954,my_note,b,web
1563021204385,submit,b1918,my_note,,web
1563021266375,enter,b2071,my_note,,web
1563021314792,respond,q3411,my_note,d,web
1563021332809,respond,q3413,my_note,b,web
1563021339991,respond,q3413,my_note,c,web
1563021351540,respond,q3412,my_note,a,web
1563021352547,submit,b2071,my_note,,web
1563021371391,enter,b2009,my_note,,web
1563021414314,respond,q3225,my_note,b,web
1563021420948,respond,q3225,my_note,d,web
1563021431139,respond,q3226,my_note,d,web
1563021432421,respond,q3226,my_note,a,web
1563021434825,respond,q3226,my_note,c,web
1563021436015,respond,q3226,my_note,a,web
1563021437162,respond,q3226,my_note,b,web
1563021440681,respond,q3227,my_note,c,web
1563021443590,submit,b2009,my_note,,web
1563281462084,enter,b5231,my_note,,web
1563281539201,respond,q7013,my_note,c,web
1563281598515,respond,q7015,my_note,d,web
1563281601670,respond,q7015,my_note,c,web
1563281603905,respond,q7015,my_note,d,web
1563281665051,respond,q7014,my_note,b,web
1563281717879,respond,q7016,my_note,a,web
1563281743787,respond,q7016,my_note,b,web
1563281753701,respond,q7017,my_note,c,web
1563281755288,submit,b5231,my_note,,web
1563281794981,enter,b5384,my_note,,web
1563281844632,respond,q7579,my_note,a,web
1563281936943,respond,q7581,my_note,b,web
1563281950290,respond,q7582,my_note,a,web
1563281956824,respond,q7580,my_note,c,web
1563281972680,submit,b5384,my_note,,web
1563282029765,enter,b5368,my_note,,web
1563282078275,respond,q7515,my_note,d,web
1563282091801,respond,q7515,my_note,b,web
1563282122014,respond,q7516,my_note,a,web
1563282159505,respond,q7517,my_note,a,web
1563282183122,respond,q7517,my_note,d,web
1563282246377,respond,q7518,my_note,a,web
1563282271564,respond,q7519,my_note,c,web
1563282272943,submit,b5368,my_note,,web
1563282572610,enter,b1804,my_note,,web
1563282611571,respond,q2610,my_note,a,web
1563282622449,respond,q2611,my_note,b,web
1563282625507,respond,q2611,my_note,c,web
1563282633409,respond,q2612,my_note,c,web
1563282637969,respond,q2610,my_note,d,web
1563282638999,submit,b1804,my_note,,web
1563282651747,enter,b2018,my_note,,web
1563282695239,respond,q3252,my_note,a,web
1563282706148,respond,q3252,my_note,d,web
1563282722465,respond,q3253,my_note,c,web
1563282728840,respond,q3254,my_note,c,web
1563282732971,submit,b2018,my_note,,web
1563282738921,enter,b1893,my_note,,web
1563282779727,respond,q2877,my_note,b,web
1563282786284,respond,q2878,my_note,d,web
1563282787407,respond,q2878,my_note,c,web
1563282788905,respond,q2878,my_note,b,web
1563282808674,respond,q2879,my_note,a,web
1563282817148,respond,q2878,my_note,c,web
1563282824395,submit,b1893,my_note,,web
1563282848395,enter,b1803,my_note,,web
1563282863164,respond,q2607,my_note,d,web
1563282889364,respond,q2607,my_note,b,web
1563282910000,respond,q2608,my_note,c,web
1563282912229,respond,q2608,my_note,a,web
1563282918781,respond,q2609,my_note,d,web
1563282920744,respond,q2609,my_note,c,web
1563282928528,submit,b1803,my_note,,web
1563282948129,enter,b2072,my_note,,web
1563282981083,respond,q3414,my_note,c,web
1563282994564,respond,q3415,my_note,c,web
1563282997393,respond,q3415,my_note,a,web
1563283013941,respond,q3416,my_note,a,web
1563283015330,submit,b2072,my_note,,web
1563800169711,enter,b1961,my_note,,web
1563800210771,respond,q3081,my_note,a,web
1563800219614,respond,q3082,my_note,b,web
1563800239697,respond,q3083,my_note,b,web
1563800240997,submit,b1961,my_note,,web
1563800247699,enter,b2103,my_note,,web
1563800288738,respond,q3507,my_note,d,web
1563800299504,respond,q3508,my_note,a,web
1563800302708,respond,q3508,my_note,b,web
1563800321070,respond,q3509,my_note,b,web
1563800343289,respond,q3509,my_note,d,web
1563800345557,respond,q3509,my_note,b,web
1563800350793,submit,b2103,my_note,,web
1563800399620,enter,b1965,my_note,,web
1563800445899,respond,q3093,my_note,a,web
1563800447264,respond,q3093,my_note,b,web
1563800451580,respond,q3093,my_note,c,web
1563800467523,respond,q3094,my_note,a,web
1563800468484,respond,q3094,my_note,b,web
1563800470639,respond,q3094,my_note,a,web
1563800472065,respond,q3094,my_note,c,web
1563800501682,respond,q3095,my_note,a,web
1563800502496,submit,b1965,my_note,,web
1563800554561,enter,b1973,my_note,,web
1563800594513,respond,q3117,my_note,a,web
1563800614882,respond,q3118,my_note,c,web
1563800632873,respond,q3119,my_note,d,web
1563800637086,submit,b1973,my_note,,web
1563800689199,enter,b2112,my_note,,web
1563800726986,respond,q3534,my_note,c,web
1563800731938,respond,q3535,my_note,a,web
1563800734516,respond,q3535,my_note,d,web
1563800735297,respond,q3535,my_note,c,web
1563800741079,respond,q3535,my_note,b,web
1563800749888,respond,q3536,my_note,a,web
1563800760264,submit,b2112,my_note,,web
1563801205453,enter,b5353,my_note,,web
1563801259393,respond,q7456,my_note,d,web
1563801272381,respond,q7455,my_note,a,web
1563801315965,respond,q7457,my_note,d,web
1563801350954,respond,q7458,my_note,b,web
1563801430520,respond,q7459,my_note,c,web
1563801431634,submit,b5353,my_note,,web
1563801439561,enter,b5505,my_note,,web
1563801512639,respond,q7993,my_note,a,web
1563801580809,respond,q7994,my_note,d,web
1563801601324,respond,q7995,my_note,a,web
1563801704986,respond,q7996,my_note,a,web
1563801743331,respond,q7997,my_note,a,web
1563801765946,submit,b5505,my_note,,web
1563801818906,enter,b5335,my_note,,web
1563801858015,respond,q7389,my_note,a,web
1563801969415,respond,q7390,my_note,a,web
1563802025718,respond,q7392,my_note,b,web
1563802027397,respond,q7392,my_note,a,web
1563802038072,respond,q7393,my_note,d,web
1563802084677,respond,q7391,my_note,b,web
1563802086186,submit,b5335,my_note,,web
1563802186640,enter,b5195,sprint,,web
1563802219440,respond,q6873,sprint,d,web
1563802235611,respond,q6874,sprint,b,web
1563802255874,respond,q6875,sprint,a,web
1563802277823,respond,q6875,sprint,c,web
1563802301000,respond,q6876,sprint,a,web
1563802303746,submit,b5195,sprint,,web
1563802325748,enter,b5123,sprint,,web
1563802340308,respond,q6705,sprint,b,web
1563802353877,respond,q6706,sprint,b,web
1563802362025,respond,q6705,sprint,a,web
1563802376010,respond,q6707,sprint,c,web
1563802392909,respond,q6708,sprint,b,web
1563802397144,respond,q6708,sprint,a,web
1563802398918,respond,q6708,sprint,d,web
1563802401302,submit,b5123,sprint,,web
1563866164114,enter,b5186,my_note,,web
1563866188625,respond,q6837,my_note,a,web
1563866209385,respond,q6838,my_note,b,web
1563866268435,respond,q6839,my_note,d,web
1563866270502,respond,q6839,my_note,a,web
1563866298995,respond,q6840,my_note,b,web
1563866301059,submit,b5186,my_note,,web
1563866345839,enter,b5192,my_note,,web
1563866358364,respond,q6861,my_note,c,web
1563866383523,respond,q6862,my_note,a,web
1563866398757,respond,q6863,my_note,a,web
1563866428848,respond,q6864,my_note,c,web
1563866431689,submit,b5192,my_note,,web
1563866439807,enter,b5122,my_note,,web
1563866447430,respond,q6701,my_note,d,web
1563866456623,respond,q6702,my_note,b,web
1563866479543,respond,q6703,my_note,b,web
1563866492251,respond,q6704,my_note,d,web
1563866493322,submit,b5122,my_note,,web
1563866596194,enter,b5212,my_note,,web
1563866617434,respond,q6941,my_note,d,web
1563866674471,respond,q6942,my_note,d,web
1563866691509,respond,q6941,my_note,c,web
1563866692584,respond,q6941,my_note,b,web
1563866707038,respond,q6942,my_note,a,web
1563866724970,respond,q6943,my_note,c,web
1563866754585,respond,q6944,my_note,b,web
1563866757086,submit,b5212,my_note,,web
1563866840368,enter,b5417,my_note,,web
1563866872793,respond,q7686,my_note,c,web
1563866902329,respond,q7687,my_note,b,web
1563866911400,submit,b5417,my_note,,web
1563866919168,enter,b5684,my_note,,web
1563867020673,respond,q8217,my_note,b,web
1563867059878,respond,q8218,my_note,c,web
1563867117541,respond,q8219,my_note,a,web
1563867132138,respond,q8220,my_note,a,web
1563867150200,respond,q8220,my_note,d,web
1563867173785,respond,q8221,my_note,d,web
1563867183585,submit,b5684,my_note,,web
1563867195990,enter,b5445,my_note,,web
1563867238489,respond,q7773,my_note,b,web
1563867247466,respond,q7773,my_note,c,web
1563867272787,respond,q7774,my_note,c,web
1563867323994,respond,q7775,my_note,d,web
1563867329184,submit,b5445,my_note,,web
1563868042617,enter,b2088,my_note,,web
1563868088244,respond,q3462,my_note,a,web
1563868090768,respond,q3462,my_note,d,web
1563868096456,respond,q3463,my_note,a,web
1563868098181,respond,q3463,my_note,c,web
1563868100278,respond,q3463,my_note,a,web
1563868114265,respond,q3464,my_note,b,web
1563868117523,submit,b2088,my_note,,web
1563868162063,enter,b1806,my_note,,web
1563868208476,respond,q2616,my_note,b,web
1563868218467,respond,q2617,my_note,a,web
1563868219985,respond,q2617,my_note,b,web
1563868221265,respond,q2617,my_note,c,web
1563868223462,respond,q2617,my_note,d,web
1563868224332,respond,q2617,my_note,c,web
1563868233428,respond,q2618,my_note,a,web
1563868234276,submit,b1806,my_note,,web
1563868284761,enter,b7361,tutor,,web
1563868306167,respond,q10010,tutor,c,web
1563868309725,submit,b7361,tutor,,web
1563868309919,enter,b7361,tutor,,web
1563868314422,respond,q10010,tutor,c,web
1563868316372,submit,b7361,tutor,,web
1563868316563,enter,b7361,tutor,,web
1563868324730,respond,q10010,tutor,a,web
1563868326683,submit,b7361,tutor,,web
1563868326871,enter,b7361,tutor,,web
1563868329989,respond,q10010,tutor,b,web
1563868331452,submit,b7361,tutor,,web
1563868331637,enter,b7361,tutor,,web
1563868332987,respond,q10010,tutor,d,web
1563868334486,submit,b7361,tutor,,web
1563868336855,enter,b7361,tutor,,web
1563868338276,respond,q10010,tutor,c,web
1563868354945,submit,b7361,tutor,,web
1563868355142,enter,b7361,tutor,,web
1563868356656,respond,q10010,tutor,c,web
1563868359654,submit,b7361,tutor,,web
1563868376637,enter,b8249,sprint,,web
1563868398060,respond,q11196,sprint,a,web
1563868399818,submit,b8249,sprint,,web
1563868405015,enter,b19,sprint,,web
1563868415508,respond,q19,sprint,a,web
1563868426537,submit,b19,sprint,,web
1563868442347,enter,b5614,sprint,,web
1563868459143,respond,q8143,sprint,c,web
1563868460827,submit,b5614,sprint,,web
1563868474828,enter,b5638,sprint,,web
1563868493303,respond,q8167,sprint,c,web
1563868500754,submit,b5638,sprint,,web
1563868512006,enter,b8195,sprint,,web
1563868529153,respond,q11142,sprint,c,web
1563868532481,submit,b8195,sprint,,web
1563868539104,enter,b65,sprint,,web
1563868549437,respond,q65,sprint,a,web
1563868554589,respond,q65,sprint,b,web
1563868563077,submit,b65,sprint,,web
1563868577537,enter,b181,sprint,,web
1563868599563,respond,q181,sprint,b,web
1563868601179,submit,b181,sprint,,web
1563868648860,enter,b79,sprint,,web
1563868659313,respond,q79,sprint,a,web
1563868672696,submit,b79,sprint,,web
1563868679057,enter,b8112,sprint,,web
1563868689192,respond,q11059,sprint,a,web
1563868704169,submit,b8112,sprint,,web
1563868716604,enter,b5603,sprint,,web
1563868735761,respond,q8132,sprint,c,web
1563868738385,submit,b5603,sprint,,web
1563868783408,enter,b787,sprint,,web
1563868796409,respond,q787,sprint,c,web
1563868806539,respond,q787,sprint,a,web
1563868807871,submit,b787,sprint,,web
1563868829579,enter,b8302,sprint,,web
1563868847251,respond,q11249,sprint,b,web
1563868851698,submit,b8302,sprint,,web
1563868893925,enter,b294,sprint,,web
1563868910804,respond,q294,sprint,a,web
1563868911827,submit,b294,sprint,,web
1563868934774,enter,b1208,sprint,,web
1563868947587,respond,q1208,sprint,b,web
1563868950600,submit,b1208,sprint,,web
1563869006997,enter,b1336,sprint,,web
1563869024344,respond,q1336,sprint,b,web
1563869025339,submit,b1336,sprint,,web
1563869045823,enter,b295,sprint,,web
1563869061769,respond,q295,sprint,c,web
1563869062851,submit,b295,sprint,,web
1563869070841,enter,b442,sprint,,web
1563869084674,respond,q442,sprint,b,web
1563869087653,respond,q442,sprint,c,web
1563869088926,submit,b442,sprint,,web
1563869136609,enter,b968,sprint,,web
1563869151918,respond,q968,sprint,a,web
1563869155601,submit,b968,sprint,,web
1563869175967,enter,b1192,sprint,,web
1563869191715,respond,q1192,sprint,c,web
1563869196659,submit,b1192,sprint,,web
1563869201816,enter,b8314,sprint,,web
1563869219277,respond,q11261,sprint,b,web
1563869220690,submit,b8314,sprint,,web
1563869245433,enter,b1467,sprint,,web
1563869295376,respond,q1599,sprint,a,web
1563869312698,respond,q1600,sprint,d,web
1563869327867,respond,q1601,sprint,c,web
1563869334149,respond,q1601,sprint,d,web
1563869335242,submit,b1467,sprint,,web
1563869394235,enter,b1531,sprint,,web
1563869438796,respond,q1791,sprint,d,web
1563869450361,respond,q1792,sprint,b,web
1563869460942,respond,q1793,sprint,d,web
1563869468664,submit,b1531,sprint,,web
1563869502911,enter,b1716,sprint,,web
1563869545312,respond,q2346,sprint,b,web
1563869558776,respond,q2347,sprint,b,web
1563869572058,respond,q2348,sprint,c,web
1563869579458,respond,q2347,sprint,c,web
1563869580737,submit,b1716,sprint,,web
1563869624424,enter,b11795,sprint,,web
1563869678713,respond,q17716,sprint,a,web
1563869696024,respond,q17717,sprint,a,web
1563869711014,respond,q17718,sprint,c,web
1563869714415,submit,b11795,sprint,,web
1563869765994,enter,b1648,sprint,,web
1563869802714,respond,q2142,sprint,d,web
1563869834165,respond,q2144,sprint,c,web
1563869840458,respond,q2143,sprint,c,web
1563869849919,submit,b1648,sprint,,web
1563870174360,enter,b1903,my_note,,web
1563870208093,respond,q2907,my_note,d,web
1563870212407,respond,q2908,my_note,b,web
1563870222811,respond,q2909,my_note,a,web
1563870237309,submit,b1903,my_note,,web
1563870247057,enter,b2040,my_note,,web
1563870282413,respond,q3318,my_note,b,web
1563870286065,respond,q3319,my_note,c,web
1563870312564,respond,q3320,my_note,c,web
1563870314092,submit,b2040,my_note,,web
1563870349629,enter,b2042,my_note,,web
1563870392360,respond,q3324,my_note,a,web
1563870393950,respond,q3324,my_note,b,web
1563870395003,respond,q3324,my_note,c,web
1563870396109,respond,q3324,my_note,d,web
1563870403739,respond,q3324,my_note,c,web
1563870412115,respond,q3325,my_note,c,web
1563870423115,respond,q3326,my_note,d,web
1563870432603,respond,q3326,my_note,a,web
1563870433712,submit,b2042,my_note,,web
1563871069839,enter,b5325,my_note,,web
1563871135261,respond,q7347,my_note,d,web
1563871161696,respond,q7348,my_note,b,web
1563871192220,respond,q7347,my_note,c,web
1563871195200,respond,q7347,my_note,d,web
1563871252574,respond,q7349,my_note,c,web
1563871257985,respond,q7349,my_note,b,web
1563871289407,respond,q7350,my_note,c,web
1563871301745,respond,q7349,my_note,a,web
1563871311047,respond,q7350,my_note,d,web
1563871313462,submit,b5325,my_note,,web
1563871330451,enter,b5230,my_note,,web
1563871442852,respond,q7012,my_note,c,web
1563871474014,respond,q7011,my_note,b,web
1563871486799,respond,q7011,my_note,c,web
1563871494714,respond,q7010,my_note,d,web
1563871496822,submit,b5230,my_note,,web
1563871508687,enter,b5464,my_note,,web
1563871568039,respond,q7836,my_note,d,web
1563871618530,respond,q7837,my_note,b,web
1563871715756,respond,q7838,my_note,a,web
1563871726712,respond,q7839,my_note,a,web
1563871729724,respond,q7839,my_note,d,web
1563871760327,respond,q7840,my_note,c,web
1563871765605,respond,q7840,my_note,d,web
1563871785878,submit,b5464,my_note,,web
1563871840009,enter,b2347,sprint,,web
1563871848114,respond,q3815,sprint,b,web
1563871856060,submit,b2347,sprint,,web
1563871875370,enter,b6291,sprint,,web
1563871884207,respond,q8940,sprint,a,web
1563871886397,submit,b6291,sprint,,web
1563871892940,enter,b2629,sprint,,web
1563871904962,respond,q4097,sprint,b,web
1563871916678,submit,b2629,sprint,,web
1563871927894,enter,b2197,sprint,,web
1563871934516,respond,q3665,sprint,b,web
1563871936760,submit,b2197,sprint,,web
1563871943616,enter,b3635,sprint,,web
1563871953181,respond,q5103,sprint,b,web
1563871958729,respond,q5103,sprint,c,web
1563871962159,submit,b3635,sprint,,web
1563971963630,enter,b5500,my_note,,web
1563972071098,respond,q7969,my_note,b,web
1563972077497,respond,q7968,my_note,c,web
1563972132670,respond,q7970,my_note,c,web
1563972164616,respond,q7971,my_note,c,web
1563972184022,respond,q7972,my_note,d,web
1563972185235,submit,b5500,my_note,,web
1563972229959,enter,b5298,my_note,,web
1563972278746,respond,q7242,my_note,a,web
1563972319799,respond,q7243,my_note,b,web
1563972378004,respond,q7244,my_note,c,web
1563972407536,respond,q7245,my_note,c,web
1563972417111,respond,q7245,my_note,a,web
1563972475017,respond,q7246,my_note,b,web
1563972545961,respond,q7245,my_note,c,web
1563972552714,respond,q7245,my_note,a,web
1563972553862,submit,b5298,my_note,,web
1564040801980,enter,b2038,my_note,,web
1564040845552,respond,q3312,my_note,d,web
1564040849868,respond,q3313,my_note,a,web
1564040876167,respond,q3314,my_note,b,web
1564040877242,submit,b2038,my_note,,web
1564040922541,enter,b1964,my_note,,web
1564040970553,respond,q3090,my_note,a,web
1564040978392,respond,q3091,my_note,c,web
1564040988584,respond,q3091,my_note,b,web
1564040999190,respond,q3091,my_note,d,web
1564040999850,respond,q3091,my_note,c,web
1564041004574,respond,q3092,my_note,a,web
1564041005832,submit,b1964,my_note,,web
1564041051942,enter,b1841,my_note,,web
1564041093654,respond,q2721,my_note,a,web
1564041110916,respond,q2722,my_note,a,web
1564041125432,respond,q2723,my_note,c,web
1564041126246,submit,b1841,my_note,,web
1564041147753,enter,b2039,my_note,,web
1564041205081,respond,q3315,my_note,b,web
1564041218167,respond,q3316,my_note,d,web
1564041222211,respond,q3317,my_note,a,web
1564041236058,submit,b2039,my_note,,web
1564041244753,enter,b1906,my_note,,web
1564041290388,respond,q2916,my_note,a,web
1564041301940,respond,q2917,my_note,a,web
1564041317023,respond,q2918,my_note,c,web
1564041321638,respond,q2918,my_note,a,web
1564041322967,submit,b1906,my_note,,web
1564041487171,enter,b1053,sprint,,web
1564041503423,respond,q1053,sprint,b,web
1564041504506,submit,b1053,sprint,,web
1564041511131,enter,b1247,sprint,,web
1564041527490,respond,q1247,sprint,a,web
1564041533299,respond,q1247,sprint,b,web
1564041535105,submit,b1247,sprint,,web
1564041564758,enter,b1399,sprint,,web
1564041578919,respond,q1399,sprint,b,web
1564041581672,submit,b1399,sprint,,web
1564041606482,enter,b8312,sprint,,web
1564041624084,respond,q11259,sprint,b,web
1564041625610,submit,b8312,sprint,,web
1564041638403,enter,b554,sprint,,web
1564041658772,respond,q554,sprint,b,web
1564041659993,submit,b554,sprint,,web
1564041684880,enter,b339,sprint,,web
1564041699165,respond,q339,sprint,c,web
1564041707442,respond,q339,sprint,a,web
1564041709571,submit,b339,sprint,,web
1564052485823,enter,b5390,my_note,,web
1564052537075,respond,q7603,my_note,b,web
1564052630604,respond,q7604,my_note,c,web
1564052667920,respond,q7605,my_note,a,web
1564052715493,respond,q7607,my_note,d,web
1564052754050,respond,q7606,my_note,a,web
1564052770857,submit,b5390,my_note,,web
1564052817188,enter,b5697,my_note,,web
1564052920411,respond,q8285,my_note,b,web
1564052927098,respond,q8285,my_note,a,web
1564052947957,respond,q8282,my_note,b,web
1564052962153,respond,q8282,my_note,c,web
1564052973769,respond,q8283,my_note,c,web
1564053053106,respond,q8284,my_note,d,web
1564053096099,respond,q8286,my_note,c,web
1564053102837,respond,q8286,my_note,a,web
1564053123771,submit,b5697,my_note,,web
1564053158832,enter,b5392,my_note,,web
1564053261332,respond,q7613,my_note,b,web
1564053276361,respond,q7613,my_note,d,web
1564053291894,respond,q7614,my_note,b,web
1564053302090,respond,q7614,my_note,d,web
1564053333339,respond,q7615,my_note,c,web
1564053359969,respond,q7616,my_note,b,web
1564053407209,respond,q7617,my_note,c,web
1564053414545,respond,q7617,my_note,d,web
1564053417923,submit,b5392,my_note,,web
1564053575407,enter,b1009,sprint,,web
1564053590546,respond,q1009,sprint,c,web
1564053592875,submit,b1009,sprint,,web
1564053598363,enter,b232,sprint,,web
1564053608268,respond,q232,sprint,a,web
1564053612135,respond,q232,sprint,b,web
1564053614929,respond,q232,sprint,a,web
1564053616208,submit,b232,sprint,,web
1564053626702,enter,b1322,sprint,,web
1564053643747,respond,q1322,sprint,c,web
1564053644709,submit,b1322,sprint,,web
1564053656903,enter,b392,sprint,,web
1564053675102,respond,q392,sprint,b,web
1564053678757,submit,b392,sprint,,web
1564053685537,enter,b1017,sprint,,web
1564053703396,respond,q1017,sprint,a,web
1564053705128,submit,b1017,sprint,,web
1564053717494,enter,b237,sprint,,web
1564053733912,respond,q237,sprint,c,web
1564053741506,submit,b237,sprint,,web
1564053761372,enter,b483,sprint,,web
1564053773194,respond,q483,sprint,c,web
1564053776223,submit,b483,sprint,,web
1564053780950,enter,b640,sprint,,web
1564053799229,respond,q640,sprint,a,web
1564053800765,submit,b640,sprint,,web
1564053820631,enter,b1117,sprint,,web
1564053834683,respond,q1117,sprint,c,web
1564053838455,submit,b1117,sprint,,web
1564053860240,enter,b1097,sprint,,web
1564053873440,respond,q1097,sprint,b,web
1564053876865,submit,b1097,sprint,,web
1564053889093,enter,b1234,sprint,,web
1564053905170,respond,q1234,sprint,a,web
1564053906180,submit,b1234,sprint,,web
1564053910989,enter,b403,sprint,,web
1564053931296,respond,q403,sprint,b,web
1564053933641,respond,q403,sprint,a,web
1564053935242,submit,b403,sprint,,web
1564053968731,enter,b456,sprint,,web
1564053981877,respond,q456,sprint,c,web
1564053983766,submit,b456,sprint,,web
1564053989569,enter,b569,sprint,,web
1564054002948,respond,q569,sprint,a,web
1564054006191,respond,q569,sprint,c,web
1564054009300,submit,b569,sprint,,web
1564054022016,enter,b476,sprint,,web
1564054031520,respond,q476,sprint,a,web
1564054039080,submit,b476,sprint,,web
1564054045482,enter,b583,sprint,,web
1564054062749,respond,q583,sprint,a,web
1564054063901,submit,b583,sprint,,web
1564054070052,enter,b855,sprint,,web
1564054088755,respond,q855,sprint,c,web
1564054089758,submit,b855,sprint,,web
1564054116337,enter,b1157,sprint,,web
1564054129486,respond,q1157,sprint,c,web
1564054133064,submit,b1157,sprint,,web
1564054141705,enter,b1112,sprint,,web
1564054160618,respond,q1112,sprint,c,web
1564054161676,submit,b1112,sprint,,web
1564054170216,enter,b497,sprint,,web
1564054182523,respond,q497,sprint,b,web
1564054185913,respond,q497,sprint,c,web
1564054189504,respond,q497,sprint,b,web
1564054190581,submit,b497,sprint,,web
1564054195905,enter,b387,sprint,,web
1564054210889,respond,q387,sprint,c,web
1564054216242,respond,q387,sprint,a,web
1564054217276,submit,b387,sprint,,web
1564054251741,enter,b878,sprint,,web
1564054268990,respond,q878,sprint,a,web
1564054270840,submit,b878,sprint,,web
1564054293943,enter,b1161,sprint,,web
1564054307704,respond,q1161,sprint,b,web
1564054310474,submit,b1161,sprint,,web
1564054322413,enter,b932,sprint,,web
1564054336170,respond,q932,sprint,b,web
1564054339317,submit,b932,sprint,,web
1564054348590,enter,b691,sprint,,web
1564054363270,respond,q691,sprint,b,web
1564054366528,respond,q691,sprint,c,web
1564054367683,submit,b691,sprint,,web
1564054377302,enter,b767,sprint,,web
1564054391102,respond,q767,sprint,c,web
1564054391946,submit,b767,sprint,,web
1564054409316,enter,b530,sprint,,web
1564054424857,respond,q530,sprint,a,web
1564054426018,submit,b530,sprint,,web
1564054450453,enter,b249,sprint,,web
1564054467536,respond,q249,sprint,b,web
1564054468910,submit,b249,sprint,,web
1564054478199,enter,b776,sprint,,web
1564054491189,respond,q776,sprint,b,web
1564054494523,submit,b776,sprint,,web
1564054499173,enter,b576,sprint,,web
1564054514954,respond,q576,sprint,c,web
1564054516226,submit,b576,sprint,,web
1564054742260,enter,b855,adaptive_offer,,web
1564054759537,respond,q855,adaptive_offer,c,web
1564054760794,submit,b855,adaptive_offer,,web
1564054787685,enter,b554,adaptive_offer,,web
1564054801873,respond,q554,adaptive_offer,c,web
1564054804484,submit,b554,adaptive_offer,,web
1564054870452,enter,b1710,sprint,,web
1564054914990,respond,q2328,sprint,a,web
1564054917702,respond,q2328,sprint,c,web
1564054925665,respond,q2329,sprint,d,web
1564054941536,respond,q2330,sprint,a,web
1564054943471,submit,b1710,sprint,,web
1564054995306,enter,b1568,sprint,,web
1564055035986,respond,q1902,sprint,d,web
1564055041114,respond,q1902,sprint,b,web
1564055047297,respond,q1903,sprint,c,web
1564055062395,respond,q1904,sprint,a,web
1564055063959,submit,b1568,sprint,,web
1564055092333,enter,b11794,sprint,,web
1564055134802,respond,q17713,sprint,a,web
1564055159175,respond,q17714,sprint,b,web
1564055173070,respond,q17715,sprint,d,web
1564055179121,respond,q17715,sprint,c,web
1564055190304,submit,b11794,sprint,,web
1564055215750,enter,b1739,sprint,,web
1564055251775,respond,q2415,sprint,a,web
1564055269611,respond,q2416,sprint,a,web
1564055279864,respond,q2417,sprint,d,web
1564055282776,respond,q2417,sprint,a,web
1564055287938,respond,q2417,sprint,c,web
1564055289251,submit,b1739,sprint,,web
1564055312974,enter,b1729,sprint,,web
1564055351543,respond,q2385,sprint,d,web
1564055361526,respond,q2386,sprint,a,web
1564055362540,respond,q2386,sprint,b,web
1564055372022,respond,q2387,sprint,a,web
1564055373726,respond,q2387,sprint,b,web
1564055374907,respond,q2387,sprint,c,web
1564055377671,respond,q2387,sprint,a,web
1564055384181,respond,q2386,sprint,a,web
1564055386320,respond,q2386,sprint,c,web
1564055386976,respond,q2386,sprint,d,web
1564055388650,respond,q2386,sprint,a,web
1564055389523,respond,q2386,sprint,d,web
1564055390454,submit,b1729,sprint,,web
1564055403081,enter,b1601,sprint,,web
1564055442296,respond,q2001,sprint,b,web
1564055446830,respond,q2001,sprint,c,web
1564055462723,respond,q2002,sprint,c,web
1564055477800,respond,q2003,sprint,b,web
1564055480735,respond,q2003,sprint,c,web
1564055482118,submit,b1601,sprint,,web
1564055534678,enter,b11743,sprint,,web
1564055576140,respond,q17610,sprint,b,web
1564055591889,respond,q17611,sprint,d,web
1564055604191,respond,q17612,sprint,a,web
1564055605164,submit,b11743,sprint,,web
1564055631547,enter,b1693,sprint,,web
1564055673417,respond,q2277,sprint,b,web
1564055678599,respond,q2277,sprint,c,web
1564055679916,respond,q2277,sprint,b,web
1564055680694,respond,q2277,sprint,a,web
1564055683602,respond,q2277,sprint,d,web
1564055695497,respond,q2278,sprint,b,web
1564055699100,respond,q2278,sprint,d,web
1564055709025,respond,q2279,sprint,a,web
1564055713882,respond,q2277,sprint,b,web
1564055714782,respond,q2277,sprint,c,web
1564055717922,submit,b1693,sprint,,web
1564055862309,enter,b1554,sprint,,web
1564055905564,respond,q1860,sprint,a,web
1564055920879,respond,q1861,sprint,b,web
1564055940637,respond,q1862,sprint,b,web
1564055944703,submit,b1554,sprint,,web
1564055952555,enter,b1781,sprint,,web
1564055991039,respond,q2541,sprint,a,web
1564056007917,respond,q2542,sprint,d,web
1564056013485,respond,q2543,sprint,a,web
1564056015820,submit,b1781,sprint,,web
1564056060689,enter,b2102,sprint,,web
1564056100798,respond,q3504,sprint,b,web
1564056118134,respond,q3505,sprint,d,web
1564056125664,respond,q3506,sprint,d,web
1564056129320,respond,q3506,sprint,a,web
1564056130655,submit,b2102,sprint,,web
1564056150948,enter,b1826,sprint,,web
1564056192312,respond,q2676,sprint,d,web
1564056202738,respond,q2677,sprint,a,web
1564056211766,respond,q2678,sprint,a,web
1564056219421,submit,b1826,sprint,,web
1564056227835,enter,b1852,sprint,,web
1564056276747,respond,q2754,sprint,a,web
1564056280721,respond,q2754,sprint,c,web
1564056287324,respond,q2755,sprint,d,web
1564056288454,respond,q2755,sprint,c,web
1564056298607,respond,q2756,sprint,c,web
1564056301611,respond,q2756,sprint,b,web
1564056302712,submit,b1852,sprint,,web
1564056343612,enter,b8329,sprint,,web
1564056386649,respond,q11293,sprint,c,web
1564056415267,respond,q11294,sprint,c,web
1564056423122,respond,q11295,sprint,d,web
1564056427516,submit,b8329,sprint,,web
1564056443760,enter,b2067,sprint,,web
1564056484891,respond,q3399,sprint,b,web
1564056493222,respond,q3399,sprint,a,web
1564056497742,respond,q3400,sprint,b,web
1564056501716,respond,q3400,sprint,c,web
1564056502996,respond,q3400,sprint,d,web
1564056504182,respond,q3400,sprint,b,web
1564056506479,respond,q3400,sprint,d,web
1564056521222,respond,q3401,sprint,b,web
1564056527408,respond,q3399,sprint,b,web
1564056528586,submit,b2067,sprint,,web
1564056588748,enter,b5057,sprint,,web
1564056599081,respond,q6525,sprint,c,web
1564056600274,submit,b5057,sprint,,web
1564056634628,enter,b4726,sprint,,web
1564056645119,respond,q6194,sprint,a,web
1564056646340,submit,b4726,sprint,,web
1564056664728,enter,b4572,sprint,,web
1564056679252,respond,q6040,sprint,d,web
1564056688439,submit,b4572,sprint,,web
1564056708027,enter,b6772,sprint,,web
1564056722815,respond,q9421,sprint,b,web
1564056724723,respond,q9421,sprint,c,web
1564056729738,respond,q9421,sprint,a,web
1564056734603,submit,b6772,sprint,,web
1564056777009,enter,b4187,sprint,,web
1564056796149,respond,q5655,sprint,a,web
1564056799950,submit,b4187,sprint,,web
1564057082993,enter,b4187,adaptive_offer,,web
1564057087996,respond,q5655,adaptive_offer,c,web
1564057088939,submit,b4187,adaptive_offer,,web
1564057094887,enter,b4572,adaptive_offer,,web
1564057098534,respond,q6040,adaptive_offer,c,web
1564057099374,submit,b4572,adaptive_offer,,web
1564313806431,enter,b5362,my_note,,web
1564313857348,respond,q7485,my_note,c,web
1564313920323,respond,q7486,my_note,d,web
1564313955607,respond,q7487,my_note,c,web
1564313957451,respond,q7487,my_note,a,web
1564313962247,respond,q7487,my_note,c,web
1564313979000,respond,q7488,my_note,d,web
1564314000917,respond,q7489,my_note,a,web
1564314007123,respond,q7489,my_note,d,web
1564314008187,respond,q7489,my_note,c,web
1564314009515,respond,q7489,my_note,a,web
1564314017196,submit,b5362,my_note,,web
1564314032605,enter,b5423,my_note,,web
1564314094511,respond,q7703,my_note,b,web
1564314096231,respond,q7703,my_note,d,web
1564314099003,respond,q7703,my_note,c,web
1564314134602,respond,q7703,my_note,d,web
1564314138121,respond,q7703,my_note,b,web
1564314170012,respond,q7704,my_note,b,web
1564314199573,respond,q7705,my_note,b,web
1564314200461,submit,b5423,my_note,,web
1564314216099,enter,b5471,my_note,,web
1564314263835,respond,q7871,my_note,d,web
1564314318794,respond,q7872,my_note,b,web
1564314376609,respond,q7873,my_note,c,web
1564314431133,respond,q7875,my_note,b,web
1564314537797,respond,q7874,my_note,d,web
1564314538545,submit,b5471,my_note,,web
1564488397303,enter,b2105,my_note,,web
1564488414354,respond,q3513,my_note,a,web
1564488414818,respond,q3513,my_note,b,web
1564488416484,respond,q3513,my_note,d,web
1564488422977,respond,q3514,my_note,a,web
1564488432346,respond,q3515,my_note,d,web
1564488434304,submit,b2105,my_note,,web
1564488453554,enter,b1883,my_note,,web
1564488478108,respond,q2847,my_note,c,web
1564488493235,respond,q2848,my_note,a,web
1564488503506,respond,q2849,my_note,d,web
1564488505611,submit,b1883,my_note,,web
1564488512809,enter,b1928,my_note,,web
1564488529281,respond,q2982,my_note,c,web
1564488544858,respond,q2983,my_note,d,web
1564488549128,respond,q2983,my_note,b,web
1564488554660,respond,q2984,my_note,b,web
1564488555817,respond,q2983,my_note,a,web
1564488556658,submit,b1928,my_note,,web
1564488563041,enter,b2023,my_note,,web
1564488589555,respond,q3267,my_note,c,web
1564488604340,respond,q3268,my_note,d,web
1564488617427,respond,q3269,my_note,d,web
1564488618580,submit,b2023,my_note,,web
1564488625046,enter,b1853,my_note,,web
1564488648161,respond,q2757,my_note,c,web
1564488653544,respond,q2758,my_note,a,web
1564488673065,respond,q2759,my_note,a,web
1564488673884,submit,b1853,my_note,,web
1564489281179,enter,b5511,my_note,,web
1564489337031,respond,q8018,my_note,d,web
1564489376620,respond,q8019,my_note,c,web
1564489391338,respond,q8019,my_note,b,web
1564489424378,respond,q8020,my_note,a,web
1564489452943,respond,q8021,my_note,a,web
1564489454987,submit,b5511,my_note,,web
1564489464188,enter,b5448,my_note,,web
1564489528973,respond,q7781,my_note,a,web
1564489540584,respond,q7781,my_note,c,web
1564489543423,respond,q7781,my_note,a,web
1564489549351,respond,q7781,my_note,c,web
1564489587429,respond,q7782,my_note,c,web
1564489588155,submit,b5448,my_note,,web
1564489593781,enter,b5395,my_note,,web
1564489616918,respond,q7628,my_note,c,web
1564489627766,respond,q7628,my_note,a,web
1564489635871,respond,q7628,my_note,b,web
1564489636683,respond,q7628,my_note,d,web
1564489640849,respond,q7628,my_note,c,web
1564489646973,respond,q7628,my_note,d,web
1564489664077,respond,q7629,my_note,d,web
1564489667362,respond,q7629,my_note,a,web
1564489667866,respond,q7629,my_note,b,web
1564489668745,respond,q7629,my_note,c,web
1564489670896,submit,b5395,my_note,,web
1564649024330,enter,b5326,my_note,,web
1564649104654,respond,q7351,my_note,d,web
1564649179229,respond,q7352,my_note,c,web
1564649190145,respond,q7353,my_note,a,web
1564649200689,respond,q7354,my_note,c,web
1564649214098,submit,b5326,my_note,,web
1564657819427,enter,b1835,my_note,,web
1564657848881,respond,q2703,my_note,d,web
1564657861205,respond,q2704,my_note,d,web
1564657878699,respond,q2705,my_note,b,web
1564657883932,respond,q2704,my_note,c,web
1564657885631,submit,b1835,my_note,,web
1564657898374,enter,b2092,my_note,,web
1564657941050,respond,q3474,my_note,b,web
1564657947956,respond,q3475,my_note,d,web
1564657957441,respond,q3476,my_note,d,web
1564657959332,submit,b2092,my_note,,web
1564657965626,enter,b2091,my_note,,web
1564658006572,respond,q3471,my_note,a,web
1564658015034,respond,q3472,my_note,b,web
1564658036292,respond,q3473,my_note,a,web
1564658045473,submit,b2091,my_note,,web
1564658060745,enter,b2070,my_note,,web
1564658107540,respond,q3408,my_note,a,web
1564658127582,respond,q3409,my_note,b,web
1564658133765,respond,q3410,my_note,d,web
1564658139049,submit,b2070,my_note,,web
1564658144984,enter,b2081,my_note,,web
1564658189211,respond,q3442,my_note,b,web
1564658196872,respond,q3442,my_note,c,web
1564658200246,respond,q3442,my_note,b,web
1564658210961,respond,q3443,my_note,c,web
1564658215945,respond,q3441,my_note,a,web
1564658218848,respond,q3441,my_note,b,web
1564658220331,respond,q3441,my_note,a,web
1564658221277,submit,b2081,my_note,,web
1564658286249,enter,b5321,my_note,,web
1564658399805,respond,q7331,my_note,c,web
1564658411651,respond,q7332,my_note,d,web
1564658452815,respond,q7334,my_note,c,web
1564658473028,respond,q7333,my_note,d,web
1564658473861,submit,b5321,my_note,,web
1564658481144,enter,b5408,my_note,,web
1564658513911,respond,q7663,my_note,a,web
1564658538305,respond,q7664,my_note,a,web
1564658549288,respond,q7664,my_note,b,web
1564658573615,respond,q7665,my_note,c,web
1564658578810,submit,b5408,my_note,,web
1564729468984,enter,b1991,my_note,,web
1564729508081,respond,q3171,my_note,c,web
1564729522515,respond,q3171,my_note,d,web
1564729545301,respond,q3173,my_note,c,web
1564729556144,respond,q3172,my_note,a,web
1564729558240,submit,b1991,my_note,,web
1564729713569,enter,b1839,my_note,,web
1564729756202,respond,q2715,my_note,a,web
1564729772010,respond,q2716,my_note,c,web
1564729777486,respond,q2717,my_note,b,web
1564729783907,submit,b1839,my_note,,web
1564729791283,enter,b1913,my_note,,web
1564729834566,respond,q2937,my_note,d,web
1564729845041,respond,q2937,my_note,c,web
1564729847715,respond,q2937,my_note,a,web
1564729857641,respond,q2938,my_note,b,web
1564729868379,respond,q2939,my_note,d,web
1564729869812,submit,b1913,my_note,,web
1564729882275,enter,b1898,my_note,,web
1564729916223,respond,q2892,my_note,a,web
1564729923592,respond,q2893,my_note,a,web
1564729933748,respond,q2894,my_note,c,web
1564729934653,submit,b1898,my_note,,web
1564729940666,enter,b1797,my_note,,web
1564729984180,respond,q2589,my_note,a,web
1564729985439,respond,q2589,my_note,c,web
1564729996912,respond,q2590,my_note,a,web
1564730000660,respond,q2590,my_note,b,web
1564730009104,respond,q2591,my_note,a,web
1564730010208,submit,b1797,my_note,,web
1564730363000,enter,b5691,my_note,,web
1564730385764,respond,q8252,my_note,b,web
1564730397739,respond,q8253,my_note,a,web
1564730448996,respond,q8254,my_note,a,web
1564730501882,respond,q8255,my_note,c,web
1564730552290,respond,q8256,my_note,d,web
1564730553245,submit,b5691,my_note,,web
1564730563000,enter,b5698,my_note,,web
1564730620225,respond,q8291,my_note,a,web
1564730643027,respond,q8287,my_note,d,web
1564730654834,respond,q8287,my_note,b,web
1564730661075,respond,q8288,my_note,a,web
1564730662609,respond,q8288,my_note,c,web
1564730707137,respond,q8288,my_note,a,web
1564730770100,respond,q8290,my_note,c,web
1564730818465,respond,q8289,my_note,b,web
1564730824973,submit,b5698,my_note,,web
1564820390113,enter,b5240,my_note,,web
1564820420670,respond,q7054,my_note,b,web
1564820435623,respond,q7055,my_note,d,web
1564820477738,respond,q7058,my_note,b,web
1564820516615,respond,q7057,my_note,c,web
1564820518276,respond,q7057,my_note,c,web
1564820543041,respond,q7056,my_note,c,web
1564820545044,submit,b5240,my_note,,web
1564820552678,enter,b5518,my_note,,web
1564820569751,respond,q8044,my_note,c,web
1564820594857,respond,q8043,my_note,c,web
1564820612514,respond,q8043,my_note,a,web
1564820652395,respond,q8045,my_note,d,web
1564820681991,submit,b5518,my_note,,web
1565097222371,enter,b2056,my_note,,web
1565097246189,respond,q3366,my_note,b,web
1565097262318,respond,q3367,my_note,c,web
1565097271735,respond,q3368,my_note,b,web
1565097282181,submit,b2056,my_note,,web
1565097300635,enter,b1936,my_note,,web
1565097349242,respond,q3006,my_note,c,web
1565097358638,respond,q3007,my_note,b,web
1565097373042,respond,q3008,my_note,d,web
1565097379113,submit,b1936,my_note,,web
1565097395193,enter,b2116,my_note,,web
1565097419516,respond,q3546,my_note,b,web
1565097431575,respond,q3547,my_note,b,web
1565097441353,respond,q3548,my_note,b,web
1565097450551,submit,b2116,my_note,,web
1565097465188,enter,b1966,my_note,,web
1565097517744,respond,q3096,my_note,a,web
1565097521628,respond,q3096,my_note,c,web
1565097529808,respond,q3097,my_note,b,web
1565097541498,respond,q3098,my_note,b,web
1565097547195,submit,b1966,my_note,,web
1565097554681,enter,b1846,my_note,,web
1565097599860,respond,q2736,my_note,c,web
1565097602791,respond,q2736,my_note,a,web
1565097612879,respond,q2737,my_note,c,web
1565097614426,respond,q2737,my_note,d,web
1565097623966,respond,q2738,my_note,d,web
1565097632106,respond,q2737,my_note,c,web
1565097641364,submit,b1846,my_note,,web
1565166295614,enter,b1878,my_note,,web
1565166341336,respond,q2832,my_note,b,web
1565166354320,respond,q2833,my_note,c,web
1565166356381,respond,q2833,my_note,d,web
1565166361394,respond,q2834,my_note,c,web
1565166363626,submit,b1878,my_note,,web
1565166368743,enter,b1831,my_note,,web
1565166418461,respond,q2691,my_note,a,web
1565166423798,respond,q2692,my_note,b,web
1565166424924,respond,q2692,my_note,d,web
1565166425983,respond,q2692,my_note,c,web
1565166426609,respond,q2692,my_note,d,web
1565166441688,respond,q2693,my_note,c,web
1565166446808,respond,q2692,my_note,b,web
1565166447872,submit,b1831,my_note,,web
1565166482897,enter,b2049,my_note,,web
1565166530820,respond,q3345,my_note,a,web
1565166542206,respond,q3346,my_note,a,web
1565166547330,respond,q3347,my_note,d,web
1565166552820,respond,q3345,my_note,b,web
1565166554851,submit,b2049,my_note,,web
1565166561343,enter,b2044,my_note,,web
1565166615840,respond,q3330,my_note,b,web
1565166621520,respond,q3331,my_note,d,web
1565166631142,respond,q3332,my_note,c,web
1565166635626,submit,b2044,my_note,,web
1565166640962,enter,b1939,my_note,,web
1565166682943,respond,q3015,my_note,c,web
1565166698876,respond,q3016,my_note,a,web
1565166713263,respond,q3017,my_note,a,web
1565166716120,submit,b1939,my_note,,web
