timestamp,action_type,item_id,source,user_answer,platform
1546691680980,enter,b2151,diagnosis,,web
1546692083558,respond,q3619,diagnosis,c,web
1546692085899,submit,b2151,diagnosis,,web
1546692088936,enter,b5083,diagnosis,,web
1546692127113,respond,q6551,diagnosis,b,web
1546692129474,submit,b5083,diagnosis,,web
1546692131510,enter,b297,diagnosis,,web
1546692151161,respond,q297,diagnosis,b,web
1546692152840,submit,b297,diagnosis,,web
1546692154912,enter,b1315,diagnosis,,web
1546692176559,respond,q1315,diagnosis,a,web
1546692178127,submit,b1315,diagnosis,,web
1546692180006,enter,b2202,diagnosis,,web
1546692237414,respond,q3670,diagnosis,a,web
1546692239864,respond,q3670,diagnosis,c,web
1546692240997,submit,b2202,diagnosis,,web
1546692242929,enter,b4063,diagnosis,,web
1546692347375,respond,q5531,diagnosis,b,web
1546692353639,submit,b4063,diagnosis,,web
1546692355729,enter,b2823,diagnosis,,web
1546692402606,respond,q4291,diagnosis,d,web
1546692403745,submit,b2823,diagnosis,,web
1546693914430,enter,b4826,sprint,,web
1546693931841,respond,q6294,sprint,b,web
1546693933035,submit,b4826,sprint,,web
1546693953287,enter,b3067,sprint,,web
1546693979143,respond,q4535,sprint,c,web
1546693980118,submit,b3067,sprint,,web
1546693988747,enter,b3599,sprint,,web
1546694014040,respond,q5067,sprint,b,web
1546694015526,submit,b3599,sprint,,web
1546694025242,enter,b5910,sprint,,web
1546694056068,respond,q8559,sprint,d,web
1546694057142,submit,b5910,sprint,,web
1546694066312,enter,b4290,sprint,,web
1546694082437,respond,q5758,sprint,b,web
1546694084388,submit,b4290,sprint,,web
1546694112144,enter,b3854,sprint,,web
1546694152037,respond,q5322,sprint,c,web
1546694154320,respond,q5322,sprint,b,web
1546694155227,submit,b3854,sprint,,web
1546694189464,enter,b4722,sprint,,web
1546694206512,respond,q6190,sprint,a,web
1546694209828,submit,b4722,sprint,,web
1546694226839,enter,b6126,sprint,,web
1546694249115,respond,q8775,sprint,d,web
1546694254178,respond,q8775,sprint,b,web
1546694256403,submit,b6126,sprint,,web
1546694278176,enter,b3010,sprint,,web
1546694287647,respond,q4478,sprint,a,web
1546694288816,submit,b3010,sprint,,web
1546694297573,enter,b5131,sprint,,web
1546694321931,respond,q6725,sprint,c,web
1546694322879,submit,b5131,sprint,,web
1546741367179,enter,b5198,sprint,,web
1546741400227,respond,q6885,sprint,b,web
1546741425187,respond,q6886,sprint,d,web
1546741426428,respond,q6886,sprint,b,web
1546741483401,respond,q6887,sprint,b,web
1546741506324,respond,q6888,sprint,b,web
1546741508047,submit,b5198,sprint,,web
1546743722957,enter,b1124,sprint,,web
1546743741222,respond,q1124,sprint,c,web
1546743743363,submit,b1124,sprint,,web
1546744003123,enter,b249,sprint,,web
1546744021506,respond,q249,sprint,b,web
1546744023630,submit,b249,sprint,,web
1546744540133,enter,b246,sprint,,web
1546744556162,respond,q246,sprint,c,web
1546744557175,submit,b246,sprint,,web
1546744909589,enter,b8316,sprint,,web
1546744928645,respond,q11263,sprint,b,web
1546744935656,submit,b8316,sprint,,web
1546745301620,enter,b1286,sprint,,web
1546745309151,respond,q1286,sprint,a,web
1546745310256,submit,b1286,sprint,,web
1546745341620,enter,b1129,sprint,,web
1546745353358,submit,b1129,sprint,,web
1546745409838,enter,b5532,sprint,,web
1546745430766,respond,q8061,sprint,a,web
1546745431769,submit,b5532,sprint,,web
1546746066887,enter,b5532,adaptive_offer,,web
1546746072231,respond,q8061,adaptive_offer,b,web
1546746073537,submit,b5532,adaptive_offer,,web
1546746548459,enter,b5222,sprint,,web
1546746579646,respond,q6981,sprint,b,web
1546746621788,respond,q6982,sprint,b,web
1546746636554,respond,q6983,sprint,c,web
1546746684136,respond,q6984,sprint,c,web
1546746687453,submit,b5222,sprint,,web
1546747253278,enter,b5190,sprint,,web
1546747276354,respond,q6853,sprint,b,web
1546747311917,respond,q6854,sprint,a,web
1546747335893,respond,q6855,sprint,d,web
1546747392634,respond,q6856,sprint,b,web
1546747393306,submit,b5190,sprint,,web
1546747737199,enter,b7958,sprint,,web
1546747793089,respond,q10777,sprint,d,web
1546747816871,respond,q10778,sprint,b,web
1546747843103,respond,q10779,sprint,a,web
1546747859889,respond,q10776,sprint,a,web
1546747869839,submit,b7958,sprint,,web
1546748752876,enter,b1926,sprint,,web
1546748798458,respond,q2976,sprint,a,web
1546748807005,respond,q2976,sprint,d,web
1546748831995,respond,q2978,sprint,b,web
1546748838811,respond,q2977,sprint,a,web
1546748841839,submit,b1926,sprint,,web
1546750086569,enter,b1816,sprint,,web
1546750147676,respond,q2647,sprint,a,web
1546750166804,respond,q2646,sprint,b,web
1546750195829,respond,q2648,sprint,b,web
1546750197564,submit,b1816,sprint,,web
1546750657880,enter,b2101,sprint,,web
1546750712459,respond,q3501,sprint,a,web
1546750729168,respond,q3503,sprint,a,web
1546750735353,respond,q3503,sprint,d,web
1546750739171,respond,q3502,sprint,a,web
1546750740657,submit,b2101,sprint,,web
1546753009277,enter,b3578,sprint,,web
1546753021857,respond,q5046,sprint,b,web
1546753024255,submit,b3578,sprint,,web
1546753046414,enter,b4293,sprint,,web
1546753059210,respond,q5761,sprint,c,web
1546753062418,submit,b4293,sprint,,web
1546753123666,enter,b3056,sprint,,web
1546753144069,respond,q4524,sprint,d,web
1546753148591,submit,b3056,sprint,,web
1546753164113,enter,b5734,sprint,,web
1546753208593,respond,q8383,sprint,a,web
1546753209674,submit,b5734,sprint,,web
1546753385262,enter,b3614,sprint,,web
1546753430657,respond,q5082,sprint,a,web
1546753432096,submit,b3614,sprint,,web
1546753507056,enter,b3932,sprint,,web
1546753543509,respond,q5400,sprint,d,web
1546753545281,submit,b3932,sprint,,web
1546753576828,enter,b2664,sprint,,web
1546753590952,respond,q4132,sprint,a,web
1546753596082,submit,b2664,sprint,,web
1546753632399,enter,b7160,sprint,,web
1546753648676,respond,q9809,sprint,d,web
1546753649885,submit,b7160,sprint,,web
1546753691841,enter,b5147,sprint,,web
1546753714175,respond,q6741,sprint,b,web
1546753718355,submit,b5147,sprint,,web
1546753769455,enter,b2446,sprint,,web
1546753782534,respond,q3914,sprint,a,web
1546753785066,submit,b2446,sprint,,web
1546753797944,enter,b4215,sprint,,web
1546753815352,respond,q5683,sprint,a,web
1546753820361,submit,b4215,sprint,,web
1546753838191,enter,b6458,sprint,,web
1546753858050,respond,q9107,sprint,b,web
1546753865572,submit,b6458,sprint,,web
1546753902204,enter,b2645,sprint,,web
1546753918514,respond,q4113,sprint,b,web
1546753919700,submit,b2645,sprint,,web
1546753931568,enter,b4130,sprint,,web
1546753953599,respond,q5598,sprint,a,web
1546753954792,submit,b4130,sprint,,web
1546754007803,enter,b3954,sprint,,web
1546754023549,respond,q5422,sprint,c,web
1546754024758,submit,b3954,sprint,,web
1546754037747,enter,b6435,sprint,,web
1546754056802,respond,q9084,sprint,d,web
1546754060166,submit,b6435,sprint,,web
1546754068378,enter,b3163,sprint,,web
1546754079985,respond,q4631,sprint,b,web
1546754088730,respond,q4631,sprint,c,web
1546754091243,submit,b3163,sprint,,web
1546754308697,enter,b3585,sprint,,web
1546754322169,respond,q5053,sprint,a,web
1546754323015,submit,b3585,sprint,,web
1546754327972,enter,b2361,sprint,,web
1546754341577,respond,q3829,sprint,d,web
1546754343416,submit,b2361,sprint,,web
1546754349955,enter,b7119,sprint,,web
1546754362134,respond,q9768,sprint,b,web
1546754368297,submit,b7119,sprint,,web
1546754489637,enter,b2077,sprint,,web
1546754501879,respond,q3429,sprint,a,web
1546754534965,respond,q3431,sprint,b,web
1546754556647,respond,q3430,sprint,a,web
1546754557717,submit,b2077,sprint,,web
1546754912539,enter,b1999,sprint,,web
1546754964365,respond,q3195,sprint,c,web
1546754983250,respond,q3196,sprint,a,web
1546754994890,respond,q3197,sprint,b,web
1546754996298,submit,b1999,sprint,,web
1546755104170,enter,b1797,sprint,,web
1546755140272,respond,q2589,sprint,c,web
1546755153324,respond,q2590,sprint,b,web
1546755178911,respond,q2591,sprint,d,web
1546755179877,submit,b1797,sprint,,web
1546755526571,enter,b1819,sprint,,web
1546755573701,respond,q2655,sprint,a,web
1546755584173,respond,q2656,sprint,b,web
1546755599869,respond,q2657,sprint,a,web
1546755603645,submit,b1819,sprint,,web
1546755622950,enter,b8336,sprint,,web
1546755682043,respond,q11314,sprint,a,web
1546755684949,respond,q11314,sprint,c,web
1546755693243,respond,q11315,sprint,a,web
1546755696119,respond,q11315,sprint,d,web
1546755707293,respond,q11316,sprint,d,web
1546755716258,respond,q11316,sprint,d,web
1546755717190,submit,b8336,sprint,,web
1546755773211,enter,b2131,sprint,,web
1546755839637,respond,q3593,sprint,c,web
1546755850133,respond,q3591,sprint,b,web
1546755859826,respond,q3592,sprint,d,web
1546755861308,respond,q3592,sprint,c,web
1546755862103,respond,q3592,sprint,d,web
1546755863123,respond,q3592,sprint,c,web
1546755863959,respond,q3592,sprint,d,web
1546755864660,respond,q3592,sprint,c,web
1546755865295,submit,b2131,sprint,,web
1546755880306,enter,b1970,sprint,,web
1546755928332,respond,q3108,sprint,a,web
1546755940203,respond,q3109,sprint,b,web
1546755957431,respond,q3110,sprint,a,web
1546755963716,submit,b1970,sprint,,web
1546759818414,enter,b1970,adaptive_offer,,web
1546759868295,respond,q3108,adaptive_offer,a,web
1546759885580,respond,q3109,adaptive_offer,b,web
1546759903029,respond,q3110,adaptive_offer,d,web
1546759905407,respond,q3110,adaptive_offer,b,web
1546759906529,submit,b1970,adaptive_offer,,web
1546769089239,enter,b2107,sprint,,web
1546769134951,respond,q3519,sprint,c,web
1546769140167,respond,q3519,sprint,b,web
1546769144760,respond,q3520,sprint,b,web
1546769152876,respond,q3521,sprint,a,web
1546769158403,submit,b2107,sprint,,web
1546769428506,enter,b8333,sprint,,web
1546769471624,respond,q11305,sprint,b,web
1546769504493,respond,q11306,sprint,a,web
1546769514322,respond,q11307,sprint,b,web
1546769524359,respond,q11307,sprint,c,web
1546769526296,submit,b8333,sprint,,web
1546769760678,enter,b131,sprint,,web
1546769777601,respond,q131,sprint,c,web
1546769779084,submit,b131,sprint,,web
1546769927750,enter,b5593,sprint,,web
1546769952660,respond,q8122,sprint,d,web
1546769954423,submit,b5593,sprint,,web
1546770145849,enter,b8080,sprint,,web
1546770159426,respond,q11027,sprint,b,web
1546770167799,submit,b8080,sprint,,web
1546770360671,enter,b5550,sprint,,web
1546770375275,respond,q8079,sprint,b,web
1546770384547,submit,b5550,sprint,,web
1546770717184,enter,b1412,sprint,,web
1546770760448,respond,q1434,sprint,c,web
1546770765589,respond,q1434,sprint,a,web
1546770770331,respond,q1435,sprint,c,web
1546770781550,respond,q1436,sprint,d,web
1546770783181,submit,b1412,sprint,,web
1546770889359,enter,b1776,sprint,,web
1546770937417,respond,q2526,sprint,b,web
1546770941584,respond,q2526,sprint,c,web
1546770942438,respond,q2526,sprint,a,web
1546770955638,respond,q2528,sprint,a,web
1546770960194,respond,q2527,sprint,b,web
1546770962032,submit,b1776,sprint,,web
1546771079669,enter,b3796,sprint,,web
1546771090117,respond,q5264,sprint,a,web
1546771094695,respond,q5264,sprint,c,web
1546771101830,respond,q5264,sprint,a,web
1546771103912,submit,b3796,sprint,,web
1546771110457,enter,b4183,sprint,,web
1546771121963,respond,q5651,sprint,c,web
1546771127344,respond,q5651,sprint,d,web
1546771130933,submit,b4183,sprint,,web
1546771139728,enter,b3868,sprint,,web
1546771151754,respond,q5336,sprint,b,web
1546771153340,submit,b3868,sprint,,web
1546771160003,enter,b6191,sprint,,web
1546771176452,respond,q8840,sprint,c,web
1546771178480,submit,b6191,sprint,,web
1546771193463,enter,b4029,sprint,,web
1546771218919,respond,q5497,sprint,a,web
1546771227212,submit,b4029,sprint,,web
1546771248190,enter,b3937,sprint,,web
1546771263031,respond,q5405,sprint,d,web
1546771264337,submit,b3937,sprint,,web
1546771273550,enter,b3012,sprint,,web
1546771297871,respond,q4480,sprint,a,web
1546771304416,submit,b3012,sprint,,web
1546771734026,enter,b5951,sprint,,web
1546771743390,respond,q8600,sprint,b,web
1546771745536,respond,q8600,sprint,c,web
1546771749446,submit,b5951,sprint,,web
1546771765786,enter,b3091,sprint,,web
1546771777708,respond,q4559,sprint,b,web
1546771780523,submit,b3091,sprint,,web
1546771789239,enter,b3324,sprint,,web
1546771802829,respond,q4792,sprint,d,web
1546771813770,respond,q4792,sprint,b,web
1546771824930,respond,q4792,sprint,d,web
1546771826625,respond,q4792,sprint,b,web
1546771829237,submit,b3324,sprint,,web
1546771851623,enter,b2533,sprint,,web
1546771889216,respond,q4001,sprint,b,web
1546771899199,submit,b2533,sprint,,web
1546771914598,enter,b5892,sprint,,web
1546771922080,respond,q8541,sprint,b,web
1546771926693,submit,b5892,sprint,,web
1546771931488,enter,b3013,sprint,,web
1546771968632,respond,q4481,sprint,a,web
1546771972152,submit,b3013,sprint,,web
1546771993236,enter,b4604,sprint,,web
1546772014683,respond,q6072,sprint,a,web
1546772025111,respond,q6072,sprint,d,web
1546772027900,submit,b4604,sprint,,web
1546772041116,enter,b2869,sprint,,web
1546772063006,respond,q4337,sprint,b,web
1546772064732,submit,b2869,sprint,,web
1546831233193,enter,b5405,sprint,,web
1546831319617,respond,q7655,sprint,d,web
1546831350871,respond,q7656,sprint,a,web
1546831402601,respond,q7657,sprint,a,web
1546831403622,submit,b5405,sprint,,web
1546831421866,enter,b5245,sprint,,web
1546831509253,respond,q7079,sprint,a,web
1546831639671,respond,q7080,sprint,c,web
1546831703226,respond,q7081,sprint,a,web
1546831706022,respond,q7082,sprint,d,web
1546831707051,respond,q7083,sprint,a,web
1546831707782,submit,b5245,sprint,,web
1546833008676,enter,b5441,sprint,,web
1546833100037,respond,q7763,sprint,c,web
1546833117416,respond,q7764,sprint,d,web
1546833122753,submit,b5441,sprint,,web
1546833144566,enter,b5367,sprint,,web
1546833198900,respond,q7510,sprint,b,web
1546833294863,respond,q7511,sprint,c,web
1546833328717,respond,q7512,sprint,d,web
1546833364860,respond,q7513,sprint,d,web
1546833390331,respond,q7514,sprint,b,web
1546833392399,submit,b5367,sprint,,web
1546833579896,enter,b5372,sprint,,web
1546833802260,respond,q7535,sprint,b,web
1546833837163,respond,q7537,sprint,b,web
1546833886223,respond,q7538,sprint,b,web
1546833916939,respond,q7539,sprint,b,web
1546833951970,respond,q7536,sprint,b,web
1546833953489,submit,b5372,sprint,,web
1546834669360,enter,b5689,sprint,,web
1546834830200,respond,q8242,sprint,c,web
1546834850822,respond,q8243,sprint,d,web
1546834860417,respond,q8244,sprint,b,web
1546834865866,respond,q8244,sprint,c,web
1546834872583,respond,q8245,sprint,b,web
1546834902045,respond,q8246,sprint,d,web
1546834903761,submit,b5689,sprint,,web
1546835573047,enter,b5689,my_note,,web
1546835645989,respond,q8242,my_note,c,web
1546835651955,respond,q8243,my_note,d,web
1546835710023,respond,q8244,my_note,c,web
1546835721536,respond,q8245,my_note,b,web
1546835744355,respond,q8246,my_note,d,web
1546835745507,submit,b5689,my_note,,web
1546835907861,enter,b8333,my_note,,web
1546835937931,respond,q11307,my_note,c,web
1546835949459,respond,q11305,my_note,b,web
1546835997471,respond,q11306,my_note,c,web
1546836010830,respond,q11307,my_note,a,web
1546836011921,submit,b8333,my_note,,web
1546836594219,enter,b2107,my_note,,web
1546836627320,respond,q3519,my_note,c,web
1546836637693,respond,q3520,my_note,b,web
1546836643750,respond,q3521,my_note,a,web
1546836645542,submit,b2107,my_note,,web
1546836661742,enter,b2087,sprint,,web
1546836704951,respond,q3459,sprint,b,web
1546836729397,respond,q3461,sprint,a,web
1546836742133,respond,q3460,sprint,a,web
1546836744746,submit,b2087,sprint,,web
1546837024474,enter,b1829,sprint,,web
1546837061800,respond,q2685,sprint,b,web
1546837065371,respond,q2685,sprint,d,web
1546837095575,respond,q2686,sprint,c,web
1546837102679,respond,q2687,sprint,d,web
1546837105219,submit,b1829,sprint,,web
1546837120468,enter,b1855,sprint,,web
1546837154178,respond,q2763,sprint,a,web
1546837170061,respond,q2764,sprint,d,web
1546837185399,respond,q2765,sprint,d,web
1546837187634,submit,b1855,sprint,,web
1546838110618,enter,b5220,sprint,,web
1546838127638,respond,q6973,sprint,c,web
1546838160584,respond,q6974,sprint,d,web
1546838210445,respond,q6976,sprint,a,web
1546838238179,respond,q6975,sprint,d,web
1546838239075,submit,b5220,sprint,,web
1546915386589,enter,b5365,sprint,,web
1546915412755,respond,q7500,sprint,b,web
1546915515470,respond,q7501,sprint,c,web
1546915525580,respond,q7502,sprint,a,web
1546915543024,respond,q7502,sprint,b,web
1546915544953,respond,q7502,sprint,d,web
1546915597630,respond,q7503,sprint,c,web
1546915624741,respond,q7504,sprint,b,web
1546915630579,submit,b5365,sprint,,web
1546916386983,enter,b5239,sprint,,web
1546916525078,respond,q7049,sprint,d,web
1546916577843,respond,q7050,sprint,c,web
1546916743388,respond,q7051,sprint,a,web
1546916766043,respond,q7052,sprint,d,web
1546916789991,respond,q7053,sprint,d,web
1546916791191,submit,b5239,sprint,,web
1546917154912,enter,b5416,sprint,,web
1546917226323,respond,q7683,sprint,a,web
1546917240154,respond,q7684,sprint,b,web
1546917290371,respond,q7685,sprint,d,web
1546917292070,submit,b5416,sprint,,web
1546917445666,enter,b5467,sprint,,web
1546917522979,respond,q7851,sprint,b,web
1546917543981,respond,q7852,sprint,c,web
1546917671447,respond,q7853,sprint,c,web
1546917718323,respond,q7854,sprint,d,web
1546917768933,respond,q7855,sprint,d,web
1546917770543,submit,b5467,sprint,,web
1546919359194,enter,b5289,sprint,,web
1546919489267,respond,q7215,sprint,c,web
1546919507865,respond,q7216,sprint,b,web
1546919528608,respond,q7217,sprint,b,web
1546919538896,respond,q7218,sprint,a,web
1546919543959,submit,b5289,sprint,,web
1546920060875,enter,b5284,sprint,,web
1546920149640,respond,q7192,sprint,d,web
1546920201479,respond,q7193,sprint,b,web
1546920270242,respond,q7194,sprint,b,web
1546920332767,respond,q7195,sprint,d,web
1546920349986,respond,q7196,sprint,b,web
1546920353758,submit,b5284,sprint,,web
1546921888315,enter,b5390,sprint,,web
1546922012090,respond,q7603,sprint,b,web
1546922079880,respond,q7604,sprint,d,web
1546922207501,respond,q7605,sprint,b,web
1546922230946,submit,b5390,sprint,,web
1546922335235,enter,b7251,sprint,,web
1546922350439,respond,q9900,sprint,a,web
1546922351546,submit,b7251,sprint,,web
1546922405199,enter,b3920,sprint,,web
1546922416917,respond,q5388,sprint,c,web
1546922418309,submit,b3920,sprint,,web
1546922432828,enter,b2460,sprint,,web
1546922437853,respond,q3928,sprint,b,web
1546922440178,submit,b2460,sprint,,web
1546922450052,enter,b2563,sprint,,web
1546922470664,respond,q4031,sprint,b,web
1546922471765,submit,b2563,sprint,,web
1546922491273,enter,b5995,sprint,,web
1546922528512,respond,q8644,sprint,c,web
1546922529101,submit,b5995,sprint,,web
1546922610408,enter,b3216,sprint,,web
1546922626774,respond,q4684,sprint,d,web
1546922629110,submit,b3216,sprint,,web
1546922651062,enter,b3020,sprint,,web
1546922672829,respond,q4488,sprint,a,web
1546922673777,submit,b3020,sprint,,web
1546922685590,enter,b3015,sprint,,web
1546922703440,respond,q4483,sprint,d,web
1546922706261,submit,b3015,sprint,,web
1546922714091,enter,b7061,sprint,,web
1546922752267,respond,q9710,sprint,d,web
1546922757015,submit,b7061,sprint,,web
1546922812281,enter,b3592,sprint,,web
1546922836402,respond,q5060,sprint,d,web
1546922837917,submit,b3592,sprint,,web
1546922915027,enter,b3592,my_note,,web
1546922923161,respond,q5060,my_note,d,web
1546922924279,submit,b3592,my_note,,web
1546923500539,enter,b7061,my_note,,web
1546923555405,respond,q9710,my_note,b,web
1546923556855,submit,b7061,my_note,,web
1546923775303,enter,b5995,my_note,,web
1546923816823,respond,q8644,my_note,d,web
1546923817277,submit,b5995,my_note,,web
1546923935927,enter,b7251,my_note,,web
1546923945153,respond,q9900,my_note,c,web
1546923945882,submit,b7251,my_note,,web
1546923957594,enter,b5951,my_note,,web
1546923968238,respond,q8600,my_note,b,web
1546923975389,submit,b5951,my_note,,web
1546924084246,enter,b3012,my_note,,web
1546924103876,respond,q4480,my_note,c,web
1546924107448,submit,b3012,my_note,,web
1546924339307,enter,b5734,my_note,,web
1546924360656,respond,q8383,my_note,a,web
1546924369074,respond,q8383,my_note,b,web
1546924370360,submit,b5734,my_note,,web
1546924759328,enter,b3163,my_note,,web
1546924780564,respond,q4631,my_note,c,web
1546924783039,submit,b3163,my_note,,web
1546925093674,enter,b2823,my_note,,web
1546925126335,respond,q4291,my_note,d,web
1546925135352,submit,b2823,my_note,,web
1546925777021,enter,b3854,my_note,,web
1546925816762,respond,q5322,my_note,d,web
1546925817618,submit,b3854,my_note,,web
1546932191117,enter,b5995,my_note,,web
1546932200185,respond,q8644,my_note,b,web
1546932201498,submit,b5995,my_note,,web
1546932723993,enter,b3614,my_note,,web
1546932739925,respond,q5082,my_note,b,web
1546932743850,submit,b3614,my_note,,web
1546933669183,enter,b3592,my_note,,web
1546933675244,respond,q5060,my_note,c,web
1546933675937,submit,b3592,my_note,,web
1546933679971,enter,b4063,my_note,,web
1546933704338,respond,q5531,my_note,a,web
1546933705402,submit,b4063,my_note,,web
1546933926353,enter,b5083,my_note,,web
1546933950397,respond,q6551,my_note,c,web
1546933968037,submit,b5083,my_note,,web
1546934022996,enter,b5209,sprint,,web
1546934037885,respond,q6929,sprint,c,web
1546934098892,respond,q6930,sprint,c,web
1546934104566,respond,q6930,sprint,d,web
1546934136527,respond,q6931,sprint,b,web
1546934142380,respond,q6931,sprint,c,web
1546934160943,respond,q6932,sprint,a,web
1546934161899,submit,b5209,sprint,,web
1546934673356,enter,b5224,sprint,,web
1546934696269,respond,q6989,sprint,a,web
1546934700196,respond,q6989,sprint,c,web
1546934733062,respond,q6990,sprint,c,web
1546934762634,respond,q6992,sprint,b,web
1546934801255,respond,q6991,sprint,b,web
1546934802257,submit,b5224,sprint,,web
1546934928437,enter,b8473,sprint,,web
1546934945718,respond,q11559,sprint,a,web
1546934970676,respond,q11561,sprint,b,web
1546934985463,respond,q11561,sprint,c,web
1546934995973,respond,q11562,sprint,b,web
1546935015813,respond,q11560,sprint,a,web
1546935019056,submit,b8473,sprint,,web
1546935034395,enter,b5219,sprint,,web
1546935071359,respond,q6969,sprint,a,web
1546935097166,respond,q6970,sprint,c,web
1546935129486,respond,q6971,sprint,d,web
1546935141810,respond,q6971,sprint,c,web
1546935171687,respond,q6972,sprint,c,web
1546935175333,submit,b5219,sprint,,web
1547689713134,enter,b5219,adaptive_offer,,web
1547689744311,respond,q6969,adaptive_offer,d,web
1547689751670,respond,q6969,adaptive_offer,a,web
1547689756246,respond,q6969,adaptive_offer,d,web
1547689758528,respond,q6969,adaptive_offer,a,web
1547689788572,respond,q6970,adaptive_offer,b,web
1547689794043,respond,q6970,adaptive_offer,c,web
1547689795629,respond,q6970,adaptive_offer,d,web
1547689820163,respond,q6971,adaptive_offer,c,web
1547689850546,respond,q6972,adaptive_offer,c,web
1547689851833,submit,b5219,adaptive_offer,,web
1547690447632,enter,b5121,sprint,,web
1547690486565,respond,q6697,sprint,b,web
1547690508464,respond,q6698,sprint,c,web
1547690520529,respond,q6699,sprint,a,web
1547690533040,respond,q6700,sprint,d,web
1547690536863,submit,b5121,sprint,,web
1547690675872,enter,b5184,sprint,,web
1547690710509,respond,q6829,sprint,d,web
1547690713688,respond,q6829,sprint,a,web
1547690755869,respond,q6830,sprint,d,web
1547690791815,respond,q6831,sprint,d,web
1547690829389,respond,q6832,sprint,c,web
1547690838239,submit,b5184,sprint,,web
1547693456777,respond,q6981,my_note,b,web
1547693496399,respond,q6982,my_note,b,web
1547693520326,respond,q6983,my_note,c,web
1547693573586,respond,q6984,my_note,c,web
1547693644276,enter,b5220,my_note,,web
1547693666771,respond,q6973,my_note,c,web
1547693693301,respond,q6974,my_note,d,web
1547693764574,respond,q6976,my_note,a,web
1547693815481,respond,q6975,my_note,c,web
1547693818385,submit,b5220,my_note,,web
1547694161152,enter,b5209,my_note,,web
1547694174702,respond,q6929,my_note,c,web
1547694214567,respond,q6930,my_note,c,web
1547694258805,respond,q6932,my_note,a,web
1547694277557,respond,q6931,my_note,b,web
1547694287734,respond,q6931,my_note,c,web
1547694297238,submit,b5209,my_note,,web
1547694462250,enter,b5121,my_note,,web
1547694497678,respond,q6697,my_note,b,web
1547694514926,respond,q6698,my_note,c,web
1547694521964,respond,q6699,my_note,a,web
1547694533548,respond,q6700,my_note,d,web
1547694535106,submit,b5121,my_note,,web
1547694541282,enter,b5224,my_note,,web
1547694575837,respond,q6989,my_note,a,web
1547694628368,respond,q6990,my_note,a,web
1547694635833,respond,q6990,my_note,c,web
1547694678706,respond,q6991,my_note,b,web
1547694693812,respond,q6992,my_note,b,web
1547694697766,submit,b5224,my_note,,web
1547694896697,enter,b5184,my_note,,web
1547694912680,respond,q6829,my_note,a,web
1547694952076,respond,q6830,my_note,d,web
1547694977017,respond,q6831,my_note,b,web
1547694999577,respond,q6832,my_note,a,web
1547695010074,submit,b5184,my_note,,web
1547695357532,enter,b5198,my_note,,web
1547695388502,respond,q6885,my_note,a,web
1547695403920,respond,q6886,my_note,b,web
1547695411674,respond,q6886,my_note,a,web
1547695428454,respond,q6887,my_note,b,web
1547695461761,respond,q6888,my_note,b,web
1547695473036,submit,b5198,my_note,,web
1547695640902,enter,b5190,my_note,,web
1547695657564,respond,q6853,my_note,b,web
1547695685599,respond,q6854,my_note,a,web
1547695709500,respond,q6855,my_note,d,web
1547695739701,respond,q6856,my_note,b,web
1547695741670,submit,b5190,my_note,,web
1547695766407,enter,b5219,my_note,,web
1547695809135,respond,q6969,my_note,a,web
1547695831024,respond,q6970,my_note,b,web
1547695844258,respond,q6971,my_note,b,web
1547695889540,respond,q6972,my_note,d,web
1547695890612,submit,b5219,my_note,,web
1547696590896,enter,b8473,my_note,,web
1547696608604,respond,q11559,my_note,a,web
1547696641017,respond,q11561,my_note,b,web
1547696657623,respond,q11562,my_note,b,web
1547696671270,respond,q11560,my_note,a,web
1547696673893,submit,b8473,my_note,,web
1547696886050,enter,b7958,my_note,,web
1547696956508,respond,q10777,my_note,b,web
1547696957914,respond,q10777,my_note,d,web
1547696971214,respond,q10778,my_note,b,web
1547696994516,respond,q10779,my_note,a,web
1547697004886,respond,q10776,my_note,a,web
1547697008352,submit,b7958,my_note,,web
1547698339578,enter,b8497,sprint,,web
1547698362704,respond,q11655,sprint,b,web
1547698373397,respond,q11655,sprint,a,web
1547698400835,respond,q11656,sprint,a,web
1547698447127,respond,q11658,sprint,c,web
1547698476277,respond,q11657,sprint,d,web
1547698479516,submit,b8497,sprint,,web
1547701271455,enter,b7921,sprint,,web
1547701307203,respond,q10638,sprint,c,web
1547701343471,respond,q10639,sprint,a,web
1547701362409,respond,q10639,sprint,c,web
1547701374076,respond,q10640,sprint,d,web
1547701405168,respond,q10641,sprint,a,web
1547701413846,submit,b7921,sprint,,web
1547701735688,enter,b5211,sprint,,web
1547701755194,respond,q6937,sprint,c,web
1547701808276,respond,q6939,sprint,c,web
1547701818543,respond,q6940,sprint,b,web
1547701856979,respond,q6938,sprint,c,web
1547701861029,submit,b5211,sprint,,web
1547702147877,enter,b5212,sprint,,web
1547702182865,respond,q6941,sprint,a,web
1547702211875,respond,q6942,sprint,c,web
1547702251390,respond,q6943,sprint,b,web
1547702267746,respond,q6944,sprint,b,web
1547702275558,submit,b5212,sprint,,web
1547703262081,enter,b8505,sprint,,web
1547703293033,respond,q11688,sprint,b,web
1547703312448,respond,q11689,sprint,c,web
1547703320685,respond,q11688,sprint,d,web
1547703343901,respond,q11690,sprint,d,web
1547703356117,respond,q11688,sprint,b,web
1547703378258,respond,q11687,sprint,c,web
1547703379846,submit,b8505,sprint,,web
1547704599515,enter,b5119,sprint,,web
1547704619516,respond,q6689,sprint,d,web
1547704640535,respond,q6690,sprint,a,web
1547704644847,respond,q6690,sprint,c,web
1547704674983,respond,q6691,sprint,d,web
1547704678360,respond,q6691,sprint,c,web
1547704734851,respond,q6692,sprint,b,web
1547704736077,submit,b5119,sprint,,web
1547705187192,enter,b5124,sprint,,web
1547705212785,respond,q6709,sprint,d,web
1547705231968,respond,q6710,sprint,c,web
1547705244603,respond,q6710,sprint,a,web
1547705282792,respond,q6711,sprint,b,web
1547705296808,respond,q6712,sprint,a,web
1547705313467,respond,q6712,sprint,c,web
1547705320442,respond,q6712,sprint,d,web
1547705329164,respond,q6711,sprint,d,web
1547705330735,submit,b5124,sprint,,web
1547774827803,enter,b5390,sprint,,web
1547774909546,respond,q7603,sprint,b,web
1547774943049,respond,q7604,sprint,d,web
1547775043848,respond,q7605,sprint,a,web
1547775119112,respond,q7606,sprint,c,web
1547775138860,respond,q7607,sprint,c,web
1547775141321,submit,b5390,sprint,,web
1547776365698,enter,b5183,sprint,,web
1547776389630,respond,q6825,sprint,a,web
1547776432811,respond,q6826,sprint,b,web
1547776471293,respond,q6828,sprint,d,web
1547776541514,respond,q6827,sprint,d,web
1547776544544,submit,b5183,sprint,,web
1547777279419,enter,b7992,sprint,,web
1547777294440,respond,q10912,sprint,b,web
1547777316579,respond,q10913,sprint,d,web
1547777323757,respond,q10914,sprint,b,web
1547777360226,respond,q10915,sprint,b,web
1547777370420,submit,b7992,sprint,,web
1547781893037,enter,b5219,adaptive_offer,,web
1547781903780,respond,q6969,adaptive_offer,a,web
1547781906851,respond,q6970,adaptive_offer,b,web
1547781909777,respond,q6971,adaptive_offer,b,web
1547781913240,respond,q6972,adaptive_offer,d,web
1547781914441,submit,b5219,adaptive_offer,,web
1547782238303,enter,b5117,sprint,,web
1547782259790,respond,q6681,sprint,d,web
1547782295125,respond,q6683,sprint,c,web
1547782298837,respond,q6683,sprint,d,web
1547782321505,respond,q6684,sprint,c,web
1547782332587,respond,q6684,sprint,b,web
1547782345675,respond,q6682,sprint,a,web
1547782350808,submit,b5117,sprint,,web
1547782845876,enter,b5172,sprint,,web
1547782867961,respond,q6781,sprint,b,web
1547782886341,respond,q6782,sprint,a,web
1547782898330,respond,q6783,sprint,c,web
1547782927663,respond,q6784,sprint,b,web
1547782930816,respond,q6784,sprint,d,web
1547782943354,submit,b5172,sprint,,web
1547783110312,enter,b5122,sprint,,web
1547783130040,respond,q6701,sprint,c,web
1547783156964,respond,q6702,sprint,b,web
1547783158716,respond,q6702,sprint,c,web
1547783179491,respond,q6704,sprint,d,web
1547783209026,respond,q6703,sprint,b,web
1547783216448,respond,q6701,sprint,d,web
1547783218110,submit,b5122,sprint,,web
1547783454637,enter,b8511,sprint,,web
1547783465793,respond,q11711,sprint,a,web
1547783485091,respond,q11712,sprint,a,web
1547783505267,respond,q11713,sprint,d,web
1547783536188,respond,q11714,sprint,b,web
1547783540479,submit,b8511,sprint,,web
1547783839291,enter,b5213,sprint,,web
1547783854400,respond,q6946,sprint,c,web
1547783884222,respond,q6947,sprint,d,web
1547783911090,respond,q6948,sprint,c,web
1547783934275,respond,q6945,sprint,c,web
1547783935743,submit,b5213,sprint,,web
1547784078535,enter,b5210,sprint,,web
1547784090180,respond,q6933,sprint,b,web
1547784121120,respond,q6934,sprint,c,web
1547784145059,respond,q6935,sprint,b,web
1547784159720,respond,q6936,sprint,a,web
1547784161466,submit,b5210,sprint,,web
1547784723393,enter,b5210,adaptive_offer,,web
1547784729077,respond,q6933,adaptive_offer,b,web
1547784751959,respond,q6934,adaptive_offer,c,web
1547784762615,respond,q6935,adaptive_offer,b,web
1547784765345,respond,q6936,adaptive_offer,b,web
1547784765816,respond,q6936,adaptive_offer,a,web
1547784766745,submit,b5210,adaptive_offer,,web
1547785669992,enter,b5226,sprint,,web
1547785680315,respond,q6997,sprint,d,web
1547785703768,respond,q6998,sprint,c,web
1547785724892,respond,q6999,sprint,c,web
1547785732040,respond,q6999,sprint,d,web
1547785767965,respond,q7000,sprint,c,web
1547785780787,respond,q7000,sprint,b,web
1547785789191,submit,b5226,sprint,,web
1547785805859,enter,b7982,sprint,,web
1547785812665,respond,q10872,sprint,a,web
1547785859269,respond,q10873,sprint,a,web
1547785884998,respond,q10874,sprint,c,web
1547785894009,respond,q10875,sprint,c,web
1547785905747,submit,b7982,sprint,,web
1547786020844,enter,b7920,sprint,,web
1547786060682,respond,q10634,sprint,b,web
1547786088437,respond,q10635,sprint,a,web
1547786122717,respond,q10636,sprint,d,web
1547786149250,respond,q10637,sprint,c,web
1547786158556,submit,b7920,sprint,,web
1547786252486,enter,b5201,sprint,,web
1547786277213,respond,q6897,sprint,a,web
1547786312605,respond,q6899,sprint,b,web
1547786346835,respond,q6898,sprint,a,web
1547786348213,respond,q6898,sprint,b,web
1547786374297,respond,q6899,sprint,c,web
1547786385105,respond,q6900,sprint,a,web
1547786410095,respond,q6900,sprint,c,web
1547786416686,submit,b5201,sprint,,web
1547786450523,enter,b5181,sprint,,web
1547786470981,respond,q6817,sprint,d,web
1547786490844,respond,q6817,sprint,a,web
1547786512386,respond,q6818,sprint,c,web
1547786545397,respond,q6819,sprint,a,web
1547786558774,respond,q6820,sprint,a,web
1547786580151,respond,q6820,sprint,c,web
1547786590906,submit,b5181,sprint,,web
1547791222031,enter,b8548,sprint,,web
1547791227301,respond,q11859,sprint,b,web
1547791250991,respond,q11861,sprint,a,web
1547791268171,respond,q11862,sprint,a,web
1547791275175,respond,q11860,sprint,a,web
1547791285270,respond,q11860,sprint,c,web
1547791291084,submit,b8548,sprint,,web
1547791331054,enter,b5221,sprint,,web
1547791344746,respond,q6977,sprint,b,web
1547791365031,respond,q6978,sprint,b,web
1547791365591,respond,q6978,sprint,a,web
1547791386601,respond,q6979,sprint,a,web
1547791407271,respond,q6980,sprint,a,web
1547791413133,respond,q6980,sprint,c,web
1547791416503,submit,b5221,sprint,,web
1547791430887,enter,b5111,sprint,,web
1547791455143,respond,q6657,sprint,d,web
1547791494432,respond,q6658,sprint,c,web
1547791521245,respond,q6660,sprint,a,web
1547791547902,respond,q6659,sprint,a,web
1547791550615,submit,b5111,sprint,,web
1547791837958,enter,b5112,sprint,,web
1547791842429,respond,q6661,sprint,a,web
1547791854911,respond,q6661,sprint,b,web
1547791880070,respond,q6662,sprint,b,web
1547791895264,respond,q6663,sprint,a,web
1547791897135,respond,q6663,sprint,b,web
1547791949784,respond,q6664,sprint,b,web
1547791951691,submit,b5112,sprint,,web
1547791997034,enter,b7989,sprint,,web
1547792008671,respond,q10900,sprint,b,web
1547792028671,respond,q10901,sprint,b,web
1547792065146,respond,q10902,sprint,b,web
1547792081331,respond,q10903,sprint,b,web
1547792082558,submit,b7989,sprint,,web
1547794356752,enter,b5206,sprint,,web
1547794369439,respond,q6917,sprint,c,web
1547794386077,respond,q6918,sprint,c,web
1547794422502,respond,q6919,sprint,b,web
1547794444379,respond,q6920,sprint,c,web
1547794445987,submit,b5206,sprint,,web
1547794631719,enter,b5085,sprint,,web
1547794660999,respond,q6553,sprint,a,web
1547794695090,respond,q6554,sprint,c,web
1547794706951,respond,q6554,sprint,d,web
1547794722012,respond,q6555,sprint,c,web
1547794728951,respond,q6555,sprint,b,web
1547794768597,respond,q6556,sprint,b,web
1547794784216,submit,b5085,sprint,,web
1547848592911,enter,b5505,sprint,,web
1547848659745,respond,q7993,sprint,a,web
1547848780348,respond,q7994,sprint,d,web
1547848851948,respond,q7995,sprint,c,web
1547848873200,respond,q7996,sprint,d,web
1547848882220,respond,q7997,sprint,a,web
1547848889256,submit,b5505,sprint,,web
1547849171566,enter,b5311,sprint,,web
1547849295285,respond,q7292,sprint,c,web
1547849308011,respond,q7292,sprint,b,web
1547849343108,respond,q7293,sprint,a,web
1547849457600,respond,q7294,sprint,b,web
1547849471061,respond,q7295,sprint,d,web
1547849483838,respond,q7296,sprint,a,web
1547849490834,submit,b5311,sprint,,web
1547849928015,enter,b5501,sprint,,web
1547850010016,respond,q7973,sprint,b,web
1547850100199,respond,q7974,sprint,a,web
1547850150541,respond,q7975,sprint,d,web
1547850175662,respond,q7976,sprint,a,web
1547850255806,respond,q7977,sprint,c,web
1547850256694,submit,b5501,sprint,,web
1547851140485,enter,b5301,sprint,,web
1547851273908,respond,q7257,sprint,c,web
1547851310612,respond,q7258,sprint,b,web
1547851398698,respond,q7259,sprint,c,web
1547851433327,respond,q7260,sprint,d,web
1547851447276,respond,q7261,sprint,d,web
1547851448441,submit,b5301,sprint,,web
1548035208804,enter,b5651,sprint,,web
1548035350044,respond,q8180,sprint,d,web
1548035351278,submit,b5651,sprint,,web
1548035439702,enter,b5590,sprint,,web
1548035452825,respond,q8119,sprint,b,web
1548035455007,submit,b5590,sprint,,web
1548035545389,enter,b8257,sprint,,web
1548035558085,respond,q11204,sprint,b,web
1548035558956,submit,b8257,sprint,,web
1548035600944,enter,b165,sprint,,web
1548035616380,respond,q165,sprint,b,web
1548035621969,submit,b165,sprint,,web
1548035710818,enter,b5602,sprint,,web
1548035735362,respond,q8131,sprint,d,web
1548035737276,submit,b5602,sprint,,web
1548036026461,enter,b290,sprint,,web
1548036037193,respond,q290,sprint,b,web
1548036041667,submit,b290,sprint,,web
1548036053880,enter,b848,sprint,,web
1548036064898,respond,q848,sprint,b,web
1548036065651,submit,b848,sprint,,web
1548036069714,enter,b8302,sprint,,web
1548036085825,respond,q11249,sprint,b,web
1548036090666,submit,b8302,sprint,,web
1548036142557,enter,b358,sprint,,web
1548036159754,respond,q358,sprint,c,web
1548036160732,submit,b358,sprint,,web
1548036199233,enter,b1045,sprint,,web
1548036212593,respond,q1045,sprint,b,web
1548036216410,submit,b1045,sprint,,web
1548036356531,enter,b1670,sprint,,web
1548036406913,respond,q2209,sprint,b,web
1548036417281,respond,q2210,sprint,b,web
1548036422001,respond,q2208,sprint,b,web
1548036424109,submit,b1670,sprint,,web
1548036774401,enter,b1511,sprint,,web
1548036843321,respond,q1731,sprint,b,web
1548036856217,respond,q1732,sprint,a,web
1548036859971,respond,q1732,sprint,b,web
1548036874536,respond,q1733,sprint,c,web
1548036877484,submit,b1511,sprint,,web
1548037194084,enter,b1589,sprint,,web
1548037218863,respond,q1965,sprint,c,web
1548037238008,respond,q1967,sprint,c,web
1548037251118,respond,q1966,sprint,b,web
1548037252040,submit,b1589,sprint,,web
1548037538370,enter,b1659,sprint,,web
1548037567567,respond,q2175,sprint,a,web
1548037582002,respond,q2175,sprint,d,web
1548037587293,respond,q2176,sprint,a,web
1548037593371,respond,q2177,sprint,b,web
1548037603280,submit,b1659,sprint,,web
1548037827362,enter,b1503,sprint,,web
1548037861718,respond,q1707,sprint,c,web
1548037901142,respond,q1708,sprint,a,web
1548037905637,respond,q1709,sprint,b,web
1548037906305,submit,b1503,sprint,,web
1548038121222,enter,b1635,sprint,,web
1548038184939,respond,q2103,sprint,b,web
1548038193006,respond,q2104,sprint,d,web
1548038194004,respond,q2104,sprint,c,web
1548038207592,respond,q2105,sprint,c,web
1548038210323,submit,b1635,sprint,,web
1548038441757,enter,b1696,sprint,,web
1548038521575,respond,q2286,sprint,d,web
1548038529312,respond,q2287,sprint,c,web
1548038534711,respond,q2288,sprint,c,web
1548038535601,submit,b1696,sprint,,web
1548043767931,enter,b1463,sprint,,web
1548043835128,respond,q1588,sprint,c,web
1548043854247,respond,q1589,sprint,a,web
1548043859663,respond,q1587,sprint,a,web
1548043861437,submit,b1463,sprint,,web
1548044561707,enter,b1660,sprint,,web
1548044606111,respond,q2178,sprint,b,web
1548044647521,submit,b1660,sprint,,web
1548044795239,enter,b1607,sprint,,web
1548044833279,respond,q2019,sprint,d,web
1548044874262,submit,b1607,sprint,,web
1548045231375,enter,b1463,my_note,,web
1548045256645,respond,q1587,my_note,c,web
1548045294442,respond,q1588,my_note,c,web
1548045302935,respond,q1589,my_note,d,web
1548045303607,submit,b1463,my_note,,web
1548045309752,enter,b1696,my_note,,web
1548045353098,respond,q2286,my_note,d,web
1548045395570,respond,q2287,my_note,c,web
1548045401427,respond,q2288,my_note,c,web
1548045402379,submit,b1696,my_note,,web
1548045407058,enter,b1635,my_note,,web
1548045444473,respond,q2103,my_note,b,web
1548045455038,respond,q2104,my_note,b,web
1548045791672,respond,q2105,my_note,b,web
1548045792684,submit,b1635,my_note,,web
1548046024214,enter,b1503,my_note,,web
1548046064303,respond,q1707,my_note,c,web
1548046121289,respond,q1709,my_note,b,web
1548046615704,submit,b1503,my_note,,web
1548046621776,enter,b1607,sprint,,web
1548046648391,respond,q2019,sprint,a,web
1548046668755,respond,q2020,sprint,c,web
1548046679639,respond,q2021,sprint,a,web
1548046681903,respond,q2021,sprint,b,web
1548046683088,submit,b1607,sprint,,web
1548047019588,enter,b1518,sprint,,web
1548047058982,respond,q1752,sprint,b,web
1548047086733,respond,q1754,sprint,b,web
1548047093038,respond,q1753,sprint,d,web
1548047093964,submit,b1518,sprint,,web
1548047476065,enter,b1728,sprint,,web
1548047516302,respond,q2382,sprint,b,web
1548047519962,respond,q2382,sprint,a,web
1548047543959,respond,q2384,sprint,c,web
1548047561100,respond,q2383,sprint,d,web
1548047563016,submit,b1728,sprint,,web
1548048360033,enter,b1690,sprint,,web
1548048401906,respond,q2268,sprint,a,web
1548048417093,respond,q2270,sprint,d,web
1548048443989,respond,q2269,sprint,c,web
1548048444875,submit,b1690,sprint,,web
1548048921103,enter,b5689,my_note,,web
1548048983803,respond,q8242,my_note,c,web
1548049003288,respond,q8243,my_note,d,web
1548049023389,respond,q8244,my_note,b,web
1548049029562,respond,q8244,my_note,c,web
1548049045507,respond,q8245,my_note,b,web
1548049095924,respond,q8246,my_note,d,web
1548049097036,submit,b5689,my_note,,web
1548121962299,enter,b1690,my_note,,web
1548122010356,respond,q2268,my_note,a,web
1548122027145,respond,q2270,my_note,d,web
1548122035158,respond,q2269,my_note,d,web
1548122036599,submit,b1690,my_note,,web
1548122199677,enter,b1728,my_note,,web
1548122239138,respond,q2382,my_note,c,web
1548122248391,respond,q2384,my_note,b,web
1548122256289,respond,q2383,my_note,d,web
1548122258042,submit,b1728,my_note,,web
1548122268280,enter,b1469,sprint,,web
1548122310680,respond,q1605,sprint,b,web
1548122317263,respond,q1606,sprint,b,web
1548122333709,respond,q1607,sprint,d,web
1548122334549,submit,b1469,sprint,,web
1548122740706,enter,b1514,sprint,,web
1548122812794,respond,q1742,sprint,a,web
1548122820848,respond,q1740,sprint,a,web
1548122839147,respond,q1741,sprint,a,web
1548122843223,respond,q1741,sprint,c,web
1548122843998,submit,b1514,sprint,,web
1548123089974,enter,b1684,sprint,,web
1548123150747,respond,q2251,sprint,a,web
1548123166098,respond,q2252,sprint,c,web
1548123181265,respond,q2250,sprint,b,web
1548123183036,submit,b1684,sprint,,web
1548123445237,enter,b1562,sprint,,web
1548123490714,respond,q1884,sprint,b,web
1548123508192,respond,q1885,sprint,c,web
1548123521718,respond,q1886,sprint,c,web
1548123524407,submit,b1562,sprint,,web
1548124705191,enter,b1760,sprint,,web
1548124744110,respond,q2478,sprint,c,web
1548124753285,respond,q2479,sprint,b,web
1548124777497,respond,q2480,sprint,d,web
1548124778469,submit,b1760,sprint,,web
1548124882679,enter,b1427,sprint,,web
1548124926971,respond,q1479,sprint,b,web
1548124934104,respond,q1480,sprint,b,web
1548124971967,respond,q1481,sprint,a,web
1548124972891,submit,b1427,sprint,,web
1548125965342,enter,b1660,sprint,,web
1548126001394,respond,q2178,sprint,b,web
1548126021589,respond,q2179,sprint,d,web
1548126032933,respond,q2180,sprint,d,web
1548126034824,submit,b1660,sprint,,web
1548126170445,enter,b1474,sprint,,web
1548126204306,respond,q1620,sprint,b,web
1548126230491,respond,q1622,sprint,b,web
1548126236008,respond,q1621,sprint,b,web
1548126237948,submit,b1474,sprint,,web
1548126354608,enter,b1554,sprint,,web
1548126403989,respond,q1861,sprint,b,web
1548126431840,respond,q1862,sprint,b,web
1548126439306,respond,q1860,sprint,d,web
1548126441852,respond,q1860,sprint,a,web
1548126443363,submit,b1554,sprint,,web
1548126640727,enter,b1627,sprint,,web
1548126682543,respond,q2079,sprint,b,web
1548126702360,respond,q2081,sprint,a,web
1548126719940,respond,q2080,sprint,a,web
1548126722588,submit,b1627,sprint,,web
1548127425120,enter,b1995,sprint,,web
1548127456266,respond,q3183,sprint,d,web
1548127470867,respond,q3184,sprint,c,web
1548127492704,respond,q3185,sprint,b,web
1548127497369,respond,q3185,sprint,d,web
1548127498259,submit,b1995,sprint,,web
1548128083609,enter,b2018,sprint,,web
1548128112202,respond,q3252,sprint,a,web
1548128130637,respond,q3252,sprint,b,web
1548128132551,respond,q3252,sprint,c,web
1548128144324,respond,q3253,sprint,c,web
1548128151992,respond,q3254,sprint,b,web
1548128153393,submit,b2018,sprint,,web
1548129000042,enter,b1921,sprint,,web
1548129035100,respond,q2961,sprint,a,web
1548129047881,respond,q2962,sprint,c,web
1548129052790,respond,q2963,sprint,a,web
1548129060930,submit,b1921,sprint,,web
1548129781508,enter,b1851,sprint,,web
1548129817514,respond,q2751,sprint,b,web
1548129831075,respond,q2752,sprint,b,web
1548129836929,respond,q2753,sprint,c,web
1548129838444,submit,b1851,sprint,,web
1548130235502,enter,b1866,sprint,,web
1548130288724,respond,q2797,sprint,a,web
1548130301228,respond,q2798,sprint,d,web
1548130314693,respond,q2796,sprint,a,web
1548130315665,submit,b1866,sprint,,web
1548134828628,enter,b1886,sprint,,web
1548134866667,respond,q2856,sprint,a,web
1548134882245,respond,q2857,sprint,d,web
1548134891087,respond,q2858,sprint,b,web
1548134892312,submit,b1886,sprint,,web
1548135086770,enter,b2025,sprint,,web
1548135131768,respond,q3273,sprint,a,web
1548135151053,respond,q3274,sprint,a,web
1548135153181,respond,q3274,sprint,d,web
1548135159848,respond,q3275,sprint,b,web
1548135160619,submit,b2025,sprint,,web
1548135467488,enter,b2062,sprint,,web
1548135502712,respond,q3384,sprint,b,web
1548135523591,respond,q3385,sprint,c,web
1548135533876,respond,q3386,sprint,c,web
1548135535294,submit,b2062,sprint,,web
1548135620974,enter,b2132,sprint,,web
1548135659399,respond,q3594,sprint,a,web
1548135678386,respond,q3595,sprint,c,web
1548135697080,respond,q3596,sprint,d,web
1548135713722,respond,q3596,sprint,b,web
1548135715316,submit,b2132,sprint,,web
1548135841368,enter,b1875,sprint,,web
1548135866421,respond,q2824,sprint,b,web
1548135896018,respond,q2823,sprint,c,web
1548135914146,respond,q2824,sprint,d,web
1548135928661,respond,q2825,sprint,c,web
1548135930233,submit,b1875,sprint,,web
1548136107831,enter,b1847,sprint,,web
1548136161892,respond,q2740,sprint,d,web
1548136168774,respond,q2741,sprint,b,web
1548136184143,respond,q2740,sprint,a,web
1548136196453,respond,q2739,sprint,c,web
1548136202304,submit,b1847,sprint,,web
1548136375423,enter,b2102,sprint,,web
1548136411536,respond,q3504,sprint,c,web
1548136415971,respond,q3504,sprint,b,web
1548136438238,respond,q3506,sprint,a,web
1548136444093,respond,q3505,sprint,d,web
1548136456701,submit,b2102,sprint,,web
1548136635987,enter,b7936,sprint,,web
1548136685431,respond,q10692,sprint,c,web
1548136701084,respond,q10693,sprint,b,web
1548136706056,respond,q10691,sprint,c,web
1548136709381,submit,b7936,sprint,,web
1548136869761,enter,b1824,sprint,,web
1548136901028,respond,q2670,sprint,b,web
1548136922999,respond,q2671,sprint,b,web
1548136930767,respond,q2672,sprint,a,web
1548136937495,submit,b1824,sprint,,web
1548136992852,enter,b2123,sprint,,web
1548137041242,respond,q3567,sprint,a,web
1548137076716,respond,q3569,sprint,d,web
1548137090491,respond,q3567,sprint,d,web
1548137101907,respond,q3568,sprint,b,web
1548137103337,submit,b2123,sprint,,web
1548137452510,enter,b1886,adaptive_offer,,web
1548137480046,respond,q2856,adaptive_offer,a,web
1548137502825,respond,q2857,adaptive_offer,d,web
1548137516052,respond,q2858,adaptive_offer,b,web
1548137517459,submit,b1886,adaptive_offer,,web
1548137600001,enter,b1938,sprint,,web
1548137635250,respond,q3012,sprint,c,web
1548137648047,respond,q3013,sprint,a,web
1548137659809,respond,q3014,sprint,d,web
1548137663290,submit,b1938,sprint,,web
1548137778434,enter,b1943,sprint,,web
1548137806169,respond,q3027,sprint,c,web
1548137818477,respond,q3028,sprint,b,web
1548137837212,respond,q3029,sprint,c,web
1548137847287,respond,q3029,sprint,a,web
1548137848787,submit,b1943,sprint,,web
1548138008579,enter,b1928,sprint,,web
1548138039326,respond,q2982,sprint,c,web
1548138050429,respond,q2983,sprint,a,web
1548138054457,respond,q2984,sprint,b,web
1548138059346,submit,b1928,sprint,,web
1548138070254,enter,b1917,sprint,,web
1548138105241,respond,q2949,sprint,d,web
1548138117700,respond,q2950,sprint,d,web
1548138133724,respond,q2951,sprint,a,web
1548138134628,submit,b1917,sprint,,web
1548138270950,enter,b2039,sprint,,web
1548138322236,respond,q3315,sprint,a,web
1548138333801,respond,q3316,sprint,a,web
1548138367434,respond,q3317,sprint,a,web
1548138369974,submit,b2039,sprint,,web
1548218111924,enter,b5238,sprint,,web
1548218282090,respond,q7044,sprint,b,web
1548218283250,respond,q7044,sprint,c,web
1548218292852,respond,q7045,sprint,a,web
1548218322922,respond,q7046,sprint,d,web
1548218428190,respond,q7047,sprint,b,web
1548218442093,respond,q7048,sprint,a,web
1548218442954,submit,b5238,sprint,,web
1548218812384,enter,b5353,sprint,,web
1548218885211,respond,q7455,sprint,d,web
1548218894511,respond,q7455,sprint,a,web
1548218933648,respond,q7456,sprint,a,web
1548218954999,respond,q7456,sprint,d,web
1548219015868,respond,q7456,sprint,a,web
1548219039203,respond,q7457,sprint,a,web
1548219085459,respond,q7458,sprint,b,web
1548219107098,respond,q7459,sprint,c,web
1548219108552,submit,b5353,sprint,,web
1548219253276,enter,b5398,sprint,,web
1548219309858,respond,q7635,sprint,a,web
1548219345088,respond,q7636,sprint,c,web
1548219346824,submit,b5398,sprint,,web
1548219412844,enter,b5391,sprint,,web
1548219501559,respond,q7608,sprint,c,web
1548219566426,respond,q7609,sprint,d,web
1548219653687,respond,q7610,sprint,a,web
1548219673258,respond,q7611,sprint,a,web
1548219701022,respond,q7612,sprint,b,web
1548219702072,submit,b5391,sprint,,web
1548220460268,enter,b5231,sprint,,web
1548220678686,respond,q7013,sprint,b,web
1548220695614,respond,q7013,sprint,c,web
1548220773148,respond,q7014,sprint,b,web
1548220782102,respond,q7015,sprint,c,web
1548220812958,respond,q7016,sprint,b,web
1548220828954,respond,q7017,sprint,c,web
1548220830071,submit,b5231,sprint,,web
1548225162693,enter,b5189,sprint,,web
1548225178548,respond,q6849,sprint,b,web
1548225185566,respond,q6849,sprint,c,web
1548225190001,respond,q6849,sprint,b,web
1548225195217,respond,q6849,sprint,c,web
1548225207227,respond,q6850,sprint,d,web
1548225236641,respond,q6852,sprint,c,web
1548225250178,respond,q6852,sprint,a,web
1548225268064,respond,q6851,sprint,d,web
1548225271386,submit,b5189,sprint,,web
1548225370456,enter,b5206,adaptive_offer,,web
1548225385867,respond,q6917,adaptive_offer,c,web
1548225403632,respond,q6918,adaptive_offer,c,web
1548225423498,respond,q6919,adaptive_offer,b,web
1548225426602,respond,q6919,adaptive_offer,c,web
1548225456457,respond,q6920,adaptive_offer,c,web
1548225457725,submit,b5206,adaptive_offer,,web
1548225915679,enter,b5181,adaptive_offer,,web
1548225933969,respond,q6817,adaptive_offer,c,web
1548225950848,respond,q6818,adaptive_offer,a,web
1548225998640,respond,q6819,adaptive_offer,a,web
1548226012437,respond,q6820,adaptive_offer,a,web
1548226013605,submit,b5181,adaptive_offer,,web
1548227270307,enter,b5181,adaptive_offer,,web
1548227277262,respond,q6817,adaptive_offer,c,web
1548227280283,respond,q6818,adaptive_offer,a,web
1548227283753,respond,q6819,adaptive_offer,a,web
1548227288183,respond,q6820,adaptive_offer,a,web
1548227288887,submit,b5181,adaptive_offer,,web
1548227310400,enter,b8520,sprint,,web
1548227319820,respond,q11747,sprint,a,web
1548227330578,respond,q11748,sprint,b,web
1548227350873,respond,q11749,sprint,a,web
1548227367933,respond,q11750,sprint,c,web
1548227380389,submit,b8520,sprint,,web
1548227486591,respond,q6837,sprint,d,web
1548227534013,respond,q6838,sprint,b,web
1548227562115,respond,q6839,sprint,b,web
1548227592326,respond,q6840,sprint,d,web
1548229892279,enter,b7920,adaptive_offer,,web
1548229904182,respond,q10634,adaptive_offer,b,web
1548229929342,respond,q10635,adaptive_offer,a,web
1548229948479,respond,q10636,adaptive_offer,b,web
1548229969139,respond,q10637,adaptive_offer,c,web
1548229974607,submit,b7920,adaptive_offer,,web
1548232658954,enter,b5219,adaptive_offer,,web
1548232674661,respond,q6969,adaptive_offer,a,web
1548232692202,respond,q6970,adaptive_offer,b,web
1548232715173,respond,q6971,adaptive_offer,b,web
1548232736867,respond,q6972,adaptive_offer,d,web
1548232737970,submit,b5219,adaptive_offer,,web
1548232818206,enter,b5087,sprint,,web
1548232840170,respond,q6561,sprint,c,web
1548232858438,respond,q6562,sprint,b,web
1548232885895,respond,q6563,sprint,b,web
1548232919122,respond,q6564,sprint,c,web
1548232920726,submit,b5087,sprint,,web
1548232987017,enter,b5207,sprint,,web
1548233017286,respond,q6921,sprint,c,web
1548233062222,respond,q6922,sprint,a,web
1548233066338,respond,q6922,sprint,b,web
1548233087645,respond,q6923,sprint,c,web
1548233108699,respond,q6924,sprint,a,web
1548233115798,submit,b5207,sprint,,web
1548233385982,enter,b8534,sprint,,web
1548233416587,respond,q11803,sprint,a,web
1548233420635,respond,q11803,sprint,c,web
1548233432126,respond,q11804,sprint,a,web
1548233464868,respond,q11806,sprint,c,web
1548233504264,respond,q11805,sprint,b,web
1548233509069,submit,b8534,sprint,,web
1548233571220,enter,b5113,sprint,,web
1548233584234,respond,q6665,sprint,c,web
1548233603023,respond,q6666,sprint,c,web
1548233605197,respond,q6666,sprint,b,web
1548233636411,respond,q6668,sprint,a,web
1548233676359,respond,q6667,sprint,a,web
1548233680739,submit,b5113,sprint,,web
1548233701113,enter,b5106,sprint,,web
1548233758426,respond,q6638,sprint,c,web
1548233772997,respond,q6639,sprint,b,web
1548233790931,respond,q6640,sprint,b,web
1548233815820,respond,q6637,sprint,b,web
1548233824367,submit,b5106,sprint,,web
1548233893787,enter,b5088,sprint,,web
1548233915886,respond,q6565,sprint,a,web
1548233945689,respond,q6566,sprint,d,web
1548233969802,respond,q6567,sprint,c,web
1548234010000,respond,q6568,sprint,b,web
1548234011485,submit,b5088,sprint,,web
1548234109977,enter,b8540,sprint,,web
1548234145558,respond,q11828,sprint,b,web
1548234175712,respond,q11829,sprint,c,web
1548234189619,respond,q11830,sprint,b,web
1548234220899,respond,q11827,sprint,d,web
1548234222147,submit,b8540,sprint,,web
1548394861769,enter,b5416,my_note,,web
1548394881837,respond,q7683,my_note,a,web
1548394934708,respond,q7684,my_note,d,web
1548394965419,respond,q7685,my_note,d,web
1548394966100,submit,b5416,my_note,,web
1548394975483,enter,b5689,my_note,,web
1548395076000,respond,q8242,my_note,c,web
1548395085821,respond,q8243,my_note,d,web
1548395107958,respond,q8244,my_note,b,web
1548395114882,respond,q8244,my_note,c,web
1548395130638,respond,q8245,my_note,b,web
1548395154704,respond,q8246,my_note,d,web
1548395156942,submit,b5689,my_note,,web
1548395249027,enter,b5240,sprint,,web
1548395331313,respond,q7054,sprint,b,web
1548395378697,respond,q7055,sprint,b,web
1548395490424,respond,q7056,sprint,c,web
1548395506765,respond,q7056,sprint,d,web
1548395512343,respond,q7056,sprint,c,web
1548395526876,respond,q7057,sprint,b,web
1548395536210,respond,q7058,sprint,b,web
1548395537055,submit,b5240,sprint,,web
1548395677734,enter,b5394,sprint,,web
1548395763462,respond,q7623,sprint,a,web
1548395812569,respond,q7624,sprint,c,web
1548395842467,respond,q7625,sprint,d,web
1548395909861,respond,q7626,sprint,d,web
1548395939074,respond,q7627,sprint,b,web
1548395988982,submit,b5394,sprint,,web
1548396491191,enter,b5686,sprint,,web
1548396560301,respond,q8227,sprint,b,web
1548396581980,respond,q8228,sprint,b,web
1548396666932,respond,q8229,sprint,d,web
1548396739568,respond,q8229,sprint,b,web
1548396754954,respond,q8231,sprint,a,web
1548396773336,respond,q8230,sprint,c,web
1548396774682,submit,b5686,sprint,,web
1548396914750,enter,b5454,sprint,,web
1548396964507,respond,q7801,sprint,d,web
1548396998885,respond,q7802,sprint,a,web
1548397046894,respond,q7803,sprint,b,web
1548397083274,respond,q7804,sprint,a,web
1548397153095,respond,q7805,sprint,c,web
1548397154829,submit,b5454,sprint,,web
1548829717653,enter,b1869,sprint,,web
1548829748506,respond,q2805,sprint,c,web
1548829752929,respond,q2806,sprint,b,web
1548829769069,respond,q2807,sprint,d,web
1548829781547,submit,b1869,sprint,,web
1548829861912,enter,b2092,sprint,,web
1548829932330,respond,q3474,sprint,b,web
1548829945111,respond,q3475,sprint,d,web
1548829960955,respond,q3476,sprint,d,web
1548829962211,submit,b2092,sprint,,web
1548830015946,enter,b2031,sprint,,web
1548830048890,respond,q3291,sprint,d,web
1548830063221,respond,q3291,sprint,b,web
1548830064670,respond,q3291,sprint,c,web
1548830084045,respond,q3293,sprint,c,web
1548830130013,respond,q3292,sprint,a,web
1548830132411,submit,b2031,sprint,,web
1548830400164,enter,b2052,sprint,,web
1548830431153,respond,q3354,sprint,b,web
1548830440084,respond,q3355,sprint,b,web
1548830440838,respond,q3355,sprint,a,web
1548830470363,respond,q3356,sprint,c,web
1548830471818,submit,b2052,sprint,,web
1548830528114,enter,b1954,sprint,,web
1548830589178,respond,q3061,sprint,a,web
1548830605439,respond,q3060,sprint,d,web
1548830620930,respond,q3062,sprint,c,web
1548830621958,submit,b1954,sprint,,web
1548830875238,enter,b1976,sprint,,web
1548830910137,respond,q3126,sprint,a,web
1548830936394,respond,q3127,sprint,b,web
1548830950490,respond,q3128,sprint,d,web
1548830952073,submit,b1976,sprint,,web
1548831207592,enter,b2039,adaptive_offer,,web
1548831271897,respond,q3315,adaptive_offer,a,web
1548831295279,respond,q3316,adaptive_offer,d,web
1548831299424,respond,q3317,adaptive_offer,a,web
1548831301263,submit,b2039,adaptive_offer,,web
1548831725261,enter,b2109,sprint,,web
1548831753558,respond,q3525,sprint,b,web
1548831785217,respond,q3527,sprint,c,web
1548831799949,respond,q3526,sprint,b,web
1548831802647,submit,b2109,sprint,,web
1548831866385,enter,b1918,sprint,,web
1548831897466,respond,q2952,sprint,a,web
1548831933873,respond,q2954,sprint,c,web
1548831950198,respond,q2953,sprint,a,web
1548832086914,respond,q2952,sprint,d,web
1548832100833,respond,q2953,sprint,d,web
1548832103999,submit,b1918,sprint,,web
1548832235396,enter,b1856,sprint,,web
1548832272368,respond,q2766,sprint,b,web
1548832297704,respond,q2767,sprint,d,web
1548832304074,respond,q2768,sprint,c,web
1548832311266,submit,b1856,sprint,,web
1548832371304,enter,b1915,sprint,,web
1548832415823,respond,q2943,sprint,d,web
1548832421071,respond,q2944,sprint,b,web
1548832429660,respond,q2945,sprint,b,web
1548832431246,submit,b1915,sprint,,web
1548832576847,enter,b1964,sprint,,web
1548832651582,respond,q3090,sprint,a,web
1548832661297,respond,q3091,sprint,b,web
1548832669495,respond,q3092,sprint,c,web
1548832672881,submit,b1964,sprint,,web
1548833764852,enter,b5180,sprint,,web
1548833787852,respond,q6813,sprint,a,web
1548833799419,respond,q6815,sprint,b,web
1548833829103,respond,q6816,sprint,b,web
1548833849899,respond,q6814,sprint,a,web
1548833851108,submit,b5180,sprint,,web
1548833864347,enter,b5174,sprint,,web
1548833882755,respond,q6789,sprint,a,web
1548833921640,respond,q6791,sprint,b,web
1548833924252,respond,q6791,sprint,d,web
1548833956306,respond,q6792,sprint,b,web
1548833986809,respond,q6790,sprint,c,web
1548834001086,submit,b5174,sprint,,web
1548834027692,enter,b5202,sprint,,web
1548834042847,respond,q6901,sprint,c,web
1548834063629,respond,q6902,sprint,a,web
1548834084436,respond,q6903,sprint,a,web
1548834109230,respond,q6904,sprint,a,web
1548834119633,respond,q6904,sprint,c,web
1548834125023,submit,b5202,sprint,,web
1548835349978,enter,b5088,adaptive_offer,,web
1548835373411,respond,q6565,adaptive_offer,a,web
1548835394223,respond,q6566,adaptive_offer,d,web
1548835432720,respond,q6567,adaptive_offer,c,web
1548835445097,respond,q6567,adaptive_offer,b,web
1548835456242,respond,q6568,adaptive_offer,b,web
1548835462677,submit,b5088,adaptive_offer,,web
1548835972303,enter,b8503,sprint,,web
1548835982627,respond,q11679,sprint,b,web
1548836010601,respond,q11680,sprint,b,web
1548836011191,respond,q11680,sprint,a,web
1548836012058,respond,q11680,sprint,c,web
1548836017804,respond,q11680,sprint,a,web
1548836032711,respond,q11681,sprint,a,web
1548836073347,respond,q11682,sprint,d,web
1548836074558,submit,b8503,sprint,,web
1548836695589,enter,b5208,sprint,,web
1548836726292,respond,q6925,sprint,d,web
1548836757360,respond,q6926,sprint,c,web
1548836759852,respond,q6926,sprint,b,web
1548836767064,respond,q6926,sprint,c,web
1548836787468,respond,q6927,sprint,a,web
1548836809678,respond,q6928,sprint,c,web
1548836827396,submit,b5208,sprint,,web
1548837087878,enter,b5171,sprint,,web
1548837143702,respond,q6777,sprint,b,web
1548837160582,respond,q6778,sprint,c,web
1548837184565,respond,q6779,sprint,b,web
1548837233942,respond,q6780,sprint,a,web
1548837283618,respond,q6780,sprint,b,web
1548837284848,submit,b5171,sprint,,web
1548839057853,enter,b5197,sprint,,web
1548839072947,respond,q6881,sprint,b,web
1548839081152,respond,q6881,sprint,c,web
1548839106004,respond,q6882,sprint,c,web
1548839135291,respond,q6883,sprint,c,web
1548839167749,respond,q6884,sprint,c,web
1548839171561,submit,b5197,sprint,,web
1548839273582,enter,b8568,sprint,,web
1548839305869,respond,q11939,sprint,d,web
1548839327640,respond,q11940,sprint,d,web
1548839348831,respond,q11941,sprint,c,web
1548839350395,respond,q11941,sprint,d,web
1548839372232,respond,q11942,sprint,c,web
1548839376832,submit,b8568,sprint,,web
1548942896909,enter,b8568,my_note,,web
1548942925824,respond,q11940,my_note,c,web
1548942943414,respond,q11941,my_note,d,web
1548942949790,respond,q11942,my_note,a,web
1548942967019,respond,q11939,my_note,d,web
1548942968784,submit,b8568,my_note,,web
1548943147901,enter,b5197,my_note,,web
1548943162734,respond,q6881,my_note,b,web
1548943172270,submit,b5197,my_note,,web
1548943225096,respond,q6883,my_note,d,web
1548943237593,respond,q6883,my_note,c,web
1548943252035,respond,q6882,my_note,c,web
1548943299062,respond,q6883,my_note,d,web
1548943367674,respond,q6884,my_note,a,web
1548943428408,enter,b5171,my_note,,web
1548943456898,respond,q6777,my_note,b,web
1548943484388,respond,q6779,my_note,a,web
1548943514864,respond,q6779,my_note,b,web
1548943530699,respond,q6778,my_note,d,web
1548943574121,respond,q6780,my_note,b,web
1548943575981,submit,b5171,my_note,,web
1548943668168,enter,b5194,sprint,,web
1548943697633,respond,q6869,sprint,a,web
1548943727663,respond,q6870,sprint,b,web
1548943778109,respond,q6871,sprint,d,web
1548943826937,respond,q6872,sprint,b,web
1548943841714,submit,b5194,sprint,,web
1548943932205,enter,b5218,sprint,,web
1548943943663,respond,q6965,sprint,b,web
1548943995081,respond,q6966,sprint,b,web
1548944023256,respond,q6967,sprint,b,web
1548944062689,respond,q6968,sprint,d,web
1548944071634,respond,q6968,sprint,a,web
1548944075828,submit,b5218,sprint,,web
1548944549159,enter,b5223,sprint,,web
1548944572644,respond,q6985,sprint,b,web
1548944603627,respond,q6986,sprint,d,web
1548944628704,respond,q6986,sprint,c,web
1548944641657,respond,q6987,sprint,c,web
1548944646033,respond,q6987,sprint,b,web
1548944693801,respond,q6988,sprint,b,web
1548944695992,submit,b5223,sprint,,web
1548945063919,enter,b5215,sprint,,web
1548945085891,respond,q6953,sprint,a,web
1548945101337,respond,q6954,sprint,c,web
1548945121981,respond,q6955,sprint,b,web
1548945152930,respond,q6956,sprint,a,web
1548945166869,submit,b5215,sprint,,web
1548945306640,enter,b5109,sprint,,web
1548945322974,respond,q6649,sprint,d,web
1548945368982,respond,q6650,sprint,c,web
1548945396029,respond,q6651,sprint,a,web
1548945431724,respond,q6652,sprint,b,web
1548945437026,submit,b5109,sprint,,web
1548945804482,enter,b5192,sprint,,web
1548945833070,respond,q6861,sprint,c,web
1548945855343,respond,q6862,sprint,c,web
1548945893303,respond,q6864,sprint,c,web
1548945918435,respond,q6863,sprint,a,web
1548945922260,submit,b5192,sprint,,web
1548945974162,enter,b5116,sprint,,web
1548945997806,respond,q6677,sprint,d,web
1548946009380,respond,q6678,sprint,b,web
1548946057328,respond,q6679,sprint,d,web
1548946072142,respond,q6680,sprint,c,web
1548946073997,submit,b5116,sprint,,web
1548946167780,enter,b7970,sprint,,web
1548946184927,respond,q10824,sprint,b,web
1548946198434,respond,q10825,sprint,b,web
1548946211496,respond,q10826,sprint,c,web
1548946243258,respond,q10827,sprint,b,web
1548946255202,submit,b7970,sprint,,web
1548946409217,enter,b5169,sprint,,web
1548946453955,respond,q6770,sprint,d,web
1548946496893,respond,q6771,sprint,d,web
1548946509237,respond,q6772,sprint,a,web
1548946519845,respond,q6772,sprint,c,web
1548946544338,respond,q6769,sprint,a,web
1548946550899,submit,b5169,sprint,,web
1549891651830,enter,b5354,sprint,,web
1549891706521,respond,q7460,sprint,b,web
1549891731964,respond,q7461,sprint,a,web
1549891817026,respond,q7462,sprint,d,web
1549891876458,respond,q7463,sprint,d,web
1549891962642,respond,q7464,sprint,d,web
1549891969039,submit,b5354,sprint,,web
1549892250548,enter,b5236,sprint,,web
1549892344718,respond,q7034,sprint,c,web
1549892412731,respond,q7035,sprint,c,web
1549892462445,respond,q7036,sprint,d,web
1549892536079,respond,q7037,sprint,c,web
1549892561173,respond,q7038,sprint,a,web
1549892562369,submit,b5236,sprint,,web
1549892694723,enter,b5474,sprint,,web
1549892809740,respond,q7886,sprint,a,web
1549892886576,respond,q7887,sprint,d,web
1549892932488,respond,q7888,sprint,b,web
1549893017300,respond,q7889,sprint,d,web
1549893026695,respond,q7890,sprint,d,web
1549893028759,submit,b5474,sprint,,web
1549893178699,enter,b5371,sprint,,web
1549893219190,respond,q7530,sprint,b,web
1549893391411,respond,q7531,sprint,a,web
1549893437964,respond,q7532,sprint,d,web
1549893447040,respond,q7533,sprint,c,web
1549893461896,respond,q7534,sprint,d,web
1549893471758,submit,b5371,sprint,,web
1549893653998,enter,b5329,sprint,,web
1549893713598,respond,q7363,sprint,c,web
1549893729381,respond,q7364,sprint,b,web
1549893804443,respond,q7365,sprint,b,web
1549893833585,respond,q7366,sprint,d,web
1549893836033,submit,b5329,sprint,,web
1550041113476,enter,b5334,sprint,,web
1550041174679,respond,q7384,sprint,c,web
1550041393937,respond,q7386,sprint,c,web
1550041400812,respond,q7386,sprint,a,web
1550041412859,respond,q7387,sprint,b,web
1550041425547,respond,q7388,sprint,d,web
1550041454599,respond,q7385,sprint,c,web
1550041455786,submit,b5334,sprint,,web
1550041665637,enter,b5318,sprint,,web
1550041787940,respond,q7319,sprint,a,web
1550041795370,submit,b5318,sprint,,web
1550041855309,enter,b5322,sprint,,web
1550041964791,respond,q7335,sprint,b,web
1550041992392,respond,q7336,sprint,d,web
1550042011438,respond,q7337,sprint,c,web
1550042023600,respond,q7337,sprint,b,web
1550042046907,respond,q7338,sprint,b,web
1550042048106,submit,b5322,sprint,,web
1550042389365,enter,b5360,sprint,,web
1550042466613,respond,q7475,sprint,b,web
1550042525805,respond,q7476,sprint,a,web
1550042526290,respond,q7476,sprint,b,web
1550042538386,respond,q7476,sprint,c,web
1550042543672,respond,q7477,sprint,d,web
1550042569744,respond,q7478,sprint,b,web
1550042616776,respond,q7479,sprint,a,web
1550042641072,respond,q7479,sprint,d,web
1550042642326,submit,b5360,sprint,,web
1550042881662,enter,b5695,sprint,,web
1550042986446,respond,q8272,sprint,b,web
1550043007952,respond,q8273,sprint,c,web
1550043090293,respond,q8274,sprint,b,web
1550043124971,respond,q8275,sprint,a,web
1550043139675,respond,q8276,sprint,d,web
1550043142133,submit,b5695,sprint,,web
1550043297986,enter,b5408,sprint,,web
1550043413655,respond,q7663,sprint,a,web
1550043462980,respond,q7664,sprint,a,web
1550043482011,respond,q7664,sprint,b,web
1550043521867,respond,q7665,sprint,a,web
1550043523212,submit,b5408,sprint,,web
1550045005606,enter,b5281,sprint,,web
1550045099749,respond,q7179,sprint,c,web
1550045109721,respond,q7180,sprint,b,web
1550045129024,respond,q7181,sprint,d,web
1550045171654,respond,q7182,sprint,c,web
1550045175099,submit,b5281,sprint,,web
