timestamp,action_type,item_id,source,user_answer,platform
1539332791835,enter,b2700,diagnosis,,mobile
1539332811628,respond,q4168,diagnosis,b,mobile
1539332817478,submit,b2700,diagnosis,,mobile
1539332817541,enter,b4820,diagnosis,,mobile
1539332842911,respond,q6288,diagnosis,c,mobile
1539332846790,submit,b4820,diagnosis,,mobile
1539332846843,enter,b6931,diagnosis,,mobile
1539332885463,respond,q9580,diagnosis,c,mobile
1539332888691,submit,b6931,diagnosis,,mobile
1539332888752,enter,b764,diagnosis,,mobile
1539332913785,respond,q764,diagnosis,b,mobile
1539332918566,submit,b764,diagnosis,,mobile
1539332918617,enter,b4700,diagnosis,,mobile
1539332937724,respond,q6168,diagnosis,a,mobile
1539332941006,submit,b4700,diagnosis,,mobile
1539332941074,enter,b3262,diagnosis,,mobile
1539332952801,respond,q4730,diagnosis,d,mobile
1539332958178,submit,b3262,diagnosis,,mobile
1539332958229,enter,b1315,diagnosis,,mobile
1539332977178,respond,q1315,diagnosis,c,mobile
1539332980828,submit,b1315,diagnosis,,mobile
1539332980882,enter,b3141,diagnosis,,mobile
1539333013244,respond,q4609,diagnosis,b,mobile
1539333015933,submit,b3141,diagnosis,,mobile
