timestamp,action_type,item_id,source,user_answer,platform
1547020842759,enter,b2289,diagnosis,,mobile
1547020857592,respond,q3757,diagnosis,b,mobile
1547020862738,submit,b2289,diagnosis,,mobile
1547020862800,enter,b142,diagnosis,,mobile
1547020888310,submit,b142,diagnosis,,mobile
1547020888350,enter,b5128,diagnosis,,mobile
1547020897082,respond,q6722,diagnosis,b,mobile
1547020900209,submit,b5128,diagnosis,,mobile
1547020900267,enter,b5159,diagnosis,,mobile
1547020907614,respond,q6753,diagnosis,c,mobile
1547020910248,submit,b5159,diagnosis,,mobile
1547020910306,enter,b2476,diagnosis,,mobile
1547020916937,respond,q3944,diagnosis,c,mobile
1547020920333,submit,b2476,diagnosis,,mobile
1547020920380,enter,b3780,diagnosis,,mobile
1547020929197,respond,q5248,diagnosis,b,mobile
1547020945145,respond,q5248,diagnosis,a,mobile
1547020949441,submit,b3780,diagnosis,,mobile
1547020949486,enter,b4890,diagnosis,,mobile
1547020955481,respond,q6358,diagnosis,a,mobile
1547020958396,submit,b4890,diagnosis,,mobile
1547020958452,enter,b2546,diagnosis,,mobile
1547020980201,respond,q4014,diagnosis,a,mobile
1547020983947,submit,b2546,diagnosis,,mobile
