timestamp,action_type,item_id,source,user_answer,platform
1540738508723,enter,b2896,diagnosis,,mobile
1540738556940,submit,b2896,diagnosis,,mobile
1540738557007,enter,b4096,diagnosis,,mobile
1540738570964,respond,q5564,diagnosis,d,mobile
1540738578118,submit,b4096,diagnosis,,mobile
1540738578214,enter,b856,diagnosis,,mobile
1540738584029,submit,b856,diagnosis,,mobile
1541339041934,enter,b856,diagnosis,,mobile
1541339065421,submit,b856,diagnosis,,mobile
1541339197398,enter,b856,diagnosis,,mobile
1541339198950,respond,q856,diagnosis,a,mobile
1541339220211,submit,b856,diagnosis,,mobile
1541339523124,enter,b856,diagnosis,,mobile
1541339539576,respond,q856,diagnosis,a,mobile
1541339542762,submit,b856,diagnosis,,mobile
1541339542819,enter,b368,diagnosis,,mobile
1541339559262,respond,q368,diagnosis,b,mobile
1541339562499,submit,b368,diagnosis,,mobile
1541339562565,enter,b3345,diagnosis,,mobile
1541339586957,respond,q4813,diagnosis,a,mobile
1541339589639,submit,b3345,diagnosis,,mobile
1541339589693,enter,b2677,diagnosis,,mobile
1541339624513,respond,q4145,diagnosis,c,mobile
1541339627337,submit,b2677,diagnosis,,mobile
1541339627387,enter,b3384,diagnosis,,mobile
1541339664487,respond,q4852,diagnosis,b,mobile
1541339667943,submit,b3384,diagnosis,,mobile
1541342978783,enter,b3106,sprint,,mobile
1541343007700,respond,q4574,sprint,b,mobile
1541343016377,submit,b3106,sprint,,mobile
1541419805960,enter,b4310,sprint,,mobile
1541419825556,respond,q5778,sprint,b,mobile
1541419829669,submit,b4310,sprint,,mobile
1541419886215,enter,b2563,sprint,,mobile
1541419918002,respond,q4031,sprint,b,mobile
1541419921057,submit,b2563,sprint,,mobile
1541420004761,enter,b6534,sprint,,mobile
1541420051547,respond,q9183,sprint,b,mobile
1541420054846,submit,b6534,sprint,,mobile
1541420456995,enter,b5139,sprint,,mobile
1541420523172,respond,q6733,sprint,c,mobile
1541420526215,submit,b5139,sprint,,mobile
1541420642882,enter,b3032,sprint,,mobile
1541420655317,respond,q4500,sprint,a,mobile
1541420663486,submit,b3032,sprint,,mobile
1541420752425,enter,b3592,sprint,,mobile
1541420763849,respond,q5060,sprint,a,mobile
1541420766263,submit,b3592,sprint,,mobile
1541420799742,enter,b6120,sprint,,mobile
1541420839858,respond,q8769,sprint,a,mobile
1541420845404,respond,q8769,sprint,c,mobile
1541420864689,respond,q8769,sprint,a,mobile
1541420867065,submit,b6120,sprint,,mobile
1541420882369,enter,b5158,sprint,,mobile
1541420917708,respond,q6752,sprint,c,mobile
1541420920146,submit,b5158,sprint,,mobile
1541420942795,enter,b4922,sprint,,mobile
1541420986309,respond,q6390,sprint,c,mobile
1541420989068,submit,b4922,sprint,,mobile
1541421359337,enter,b3322,sprint,,mobile
1541421385185,respond,q4790,sprint,c,mobile
1541421387709,submit,b3322,sprint,,mobile
1541421401034,enter,b7305,sprint,,mobile
1541421428405,respond,q9954,sprint,d,mobile
1541421437315,submit,b7305,sprint,,mobile
1541421450381,enter,b5042,sprint,,mobile
1541421495363,respond,q6510,sprint,c,mobile
1541421519492,respond,q6510,sprint,b,mobile
1541421524983,submit,b5042,sprint,,mobile
1541421611322,enter,b4280,sprint,,mobile
1541421623118,respond,q5748,sprint,b,mobile
1541421632047,submit,b4280,sprint,,mobile
1541421657333,enter,b4692,sprint,,mobile
1541421697999,respond,q6160,sprint,a,mobile
1541421700138,submit,b4692,sprint,,mobile
1541421765275,enter,b7283,sprint,,mobile
1541421782766,respond,q9932,sprint,c,mobile
1541421785020,submit,b7283,sprint,,mobile
1541421813289,enter,b3307,sprint,,mobile
1541421867312,respond,q4775,sprint,b,mobile
1541421872043,submit,b3307,sprint,,mobile
1541422225809,enter,b4190,sprint,,mobile
1541422322182,respond,q5658,sprint,c,mobile
1541422327704,submit,b4190,sprint,,mobile
1541422406810,enter,b2698,sprint,,mobile
1541422431628,respond,q4166,sprint,d,mobile
1541422437461,submit,b2698,sprint,,mobile
1541422490785,enter,b7421,sprint,,mobile
1541422595606,respond,q10070,sprint,a,mobile
1541422601152,respond,q10070,sprint,b,mobile
1541422603569,submit,b7421,sprint,,mobile
1541503174628,enter,b686,sprint,,mobile
1541503191592,respond,q686,sprint,b,mobile
1541503194175,submit,b686,sprint,,mobile
1541503206258,enter,b722,sprint,,mobile
1541503226925,respond,q722,sprint,a,mobile
1541503229870,submit,b722,sprint,,mobile
1541503251891,enter,b1234,sprint,,mobile
1541503267731,respond,q1234,sprint,a,mobile
1541503270203,submit,b1234,sprint,,mobile
