timestamp,action_type,item_id,source,user_answer,platform
1540932090066,enter,b2284,diagnosis,,web
1540932108125,respond,q3752,diagnosis,d,web
1540932108925,submit,b2284,diagnosis,,web
1540932138072,enter,b909,diagnosis,,web
1540932153022,respond,q909,diagnosis,a,web
1540932153973,submit,b909,diagnosis,,web
1540932155970,enter,b4933,diagnosis,,web
1540932180045,respond,q6401,diagnosis,a,web
1540932182508,submit,b4933,diagnosis,,web
1540932184385,enter,b96,diagnosis,,web
1540932206412,respond,q96,diagnosis,c,web
1540932207196,submit,b96,diagnosis,,web
1540932209013,enter,b2529,diagnosis,,web
1540932228180,respond,q3997,diagnosis,a,web
1540932229036,submit,b2529,diagnosis,,web
1540932230776,enter,b4489,diagnosis,,web
1540932242756,respond,q5957,diagnosis,c,web
1540932244629,submit,b4489,diagnosis,,web
1540932246873,enter,b2557,diagnosis,,web
1540932273229,respond,q4025,diagnosis,a,web
1540932273916,submit,b2557,diagnosis,,web
1540932275649,enter,b4302,diagnosis,,web
1540932295789,respond,q5770,diagnosis,a,web
1540932303141,submit,b4302,diagnosis,,web
1540932305077,enter,b3867,diagnosis,,web
1540932328581,respond,q5335,diagnosis,b,web
1540932329335,submit,b3867,diagnosis,,web
1540932331032,enter,b4180,diagnosis,,web
1540932354461,respond,q5648,diagnosis,b,web
1540932355157,submit,b4180,diagnosis,,web
1540959814623,enter,b4998,sprint,,web
1540959822398,respond,q6466,sprint,a,web
1540959828886,submit,b4998,sprint,,web
1540959843327,enter,b4709,sprint,,web
1540959859815,respond,q6177,sprint,d,web
1540959860456,submit,b4709,sprint,,web
1540959880343,enter,b4718,sprint,,web
1540959911991,respond,q6186,sprint,c,web
1540959915719,submit,b4718,sprint,,web
1540959963523,enter,b7613,sprint,,web
1540959978856,respond,q10262,sprint,a,web
1540959980431,submit,b7613,sprint,,web
1540960694804,enter,b4679,sprint,,web
1540960718944,respond,q6147,sprint,b,web
1540960720153,submit,b4679,sprint,,web
1540960725479,enter,b3765,sprint,,web
1540960742631,respond,q5233,sprint,a,web
1540960743311,submit,b3765,sprint,,web
1540960758442,enter,b4305,sprint,,web
1540960776143,respond,q5773,sprint,b,web
1540960777023,submit,b4305,sprint,,web
1540960789591,enter,b5678,sprint,,web
1540960819289,respond,q8207,sprint,a,web
1540960819857,submit,b5678,sprint,,web
1540960875102,enter,b2851,sprint,,web
1540960904887,respond,q4319,sprint,d,web
1540960905631,submit,b2851,sprint,,web
1540960942335,enter,b3091,sprint,,web
1540960951375,respond,q4559,sprint,b,web
1540960951983,submit,b3091,sprint,,web
1540989873375,enter,b404,sprint,,web
1540989892730,respond,q404,sprint,b,web
1540989893786,submit,b404,sprint,,web
1540989908668,enter,b878,sprint,,web
1540989925396,respond,q878,sprint,c,web
1540989926554,submit,b878,sprint,,web
1540989939565,enter,b835,sprint,,web
1540989955435,respond,q835,sprint,b,web
1540989956082,submit,b835,sprint,,web
1540989972676,enter,b8314,sprint,,web
1540989996715,respond,q11261,sprint,a,web
1540989997595,submit,b8314,sprint,,web
1540990003411,enter,b973,sprint,,web
1540990039812,respond,q973,sprint,c,web
1540990040466,submit,b973,sprint,,web
1540990047615,enter,b475,sprint,,web
1540990080330,submit,b475,sprint,,web
1540990087309,enter,b475,sprint,,web
1540990108810,respond,q475,sprint,b,web
1540990109395,submit,b475,sprint,,web
1540990124247,enter,b835,adaptive_offer,,web
1540990135419,respond,q835,adaptive_offer,c,web
1540990136931,submit,b835,adaptive_offer,,web
1540990140533,enter,b475,adaptive_offer,,web
1540990159563,respond,q475,adaptive_offer,c,web
1540990160274,submit,b475,adaptive_offer,,web
1540990177405,enter,b717,sprint,,web
1540990195810,respond,q717,sprint,a,web
1540990196402,submit,b717,sprint,,web
1540990203828,enter,b8302,sprint,,web
1540990262522,respond,q11249,sprint,b,web
1540990263122,submit,b8302,sprint,,web
1540990269760,enter,b424,sprint,,web
1540990299474,respond,q424,sprint,a,web
1540990300131,submit,b424,sprint,,web
1540990309662,enter,b854,sprint,,web
1540990325259,respond,q854,sprint,b,web
1540990326219,respond,q854,sprint,c,web
1540990326811,submit,b854,sprint,,web
1540990364979,enter,b878,adaptive_offer,,web
1540990380876,respond,q878,adaptive_offer,b,web
1540990381914,submit,b878,adaptive_offer,,web
1541061694100,enter,b508,sprint,,web
1541061698235,submit,b508,sprint,,web
1541061712704,enter,b2323,sprint,,web
1541061739788,respond,q3791,sprint,d,web
1541061740379,submit,b2323,sprint,,web
1541061779202,enter,b7130,sprint,,web
1541061797483,respond,q9779,sprint,a,web
1541061798083,submit,b7130,sprint,,web
1541061809228,enter,b3278,sprint,,web
1541061826339,respond,q4746,sprint,d,web
1541061827915,submit,b3278,sprint,,web
1541061842039,enter,b3438,sprint,,web
1541061860051,respond,q4906,sprint,a,web
1541061861179,submit,b3438,sprint,,web
1541061879270,enter,b4605,sprint,,web
1541061889701,respond,q6073,sprint,b,web
1541061893347,submit,b4605,sprint,,web
1541061900539,enter,b6848,sprint,,web
1541061926643,respond,q9497,sprint,c,web
1541061927675,submit,b6848,sprint,,web
1541061964011,enter,b3096,sprint,,web
1541061980803,respond,q4564,sprint,a,web
1541061982115,submit,b3096,sprint,,web
1541061996592,enter,b2569,sprint,,web
1541062030763,respond,q4037,sprint,d,web
1541062031819,submit,b2569,sprint,,web
1541062055813,enter,b4629,sprint,,web
1541062089299,respond,q6097,sprint,d,web
1541062090570,submit,b4629,sprint,,web
1541062135105,enter,b2503,sprint,,web
1541062183890,respond,q3971,sprint,d,web
1541062184483,submit,b2503,sprint,,web
1541062248680,enter,b3438,adaptive_offer,,web
1541062254859,respond,q4906,adaptive_offer,c,web
1541062256834,submit,b3438,adaptive_offer,,web
1541062262323,enter,b2323,adaptive_offer,,web
1541062270082,respond,q3791,adaptive_offer,c,web
1541062271602,submit,b2323,adaptive_offer,,web
1541092501401,enter,b508,sprint,,web
1541092519573,respond,q508,sprint,c,web
1541092524174,respond,q508,sprint,b,web
1541092524965,submit,b508,sprint,,web
1541092547683,enter,b8316,sprint,,web
1541092565804,respond,q11263,sprint,b,web
1541092566531,submit,b8316,sprint,,web
1541092578006,enter,b291,sprint,,web
1541092591227,respond,q291,sprint,b,web
1541092592810,submit,b291,sprint,,web
1541092610233,enter,b961,sprint,,web
1541092627428,respond,q961,sprint,a,web
1541092628147,submit,b961,sprint,,web
1541092636309,enter,b448,sprint,,web
1541092653988,respond,q448,sprint,b,web
1541092654643,submit,b448,sprint,,web
1541092670078,enter,b8315,sprint,,web
1541092690115,respond,q11262,sprint,a,web
1541092691043,submit,b8315,sprint,,web
1541092697675,enter,b438,sprint,,web
1541092731667,respond,q438,sprint,c,web
1541092732355,submit,b438,sprint,,web
1541092752858,enter,b417,sprint,,web
1541092774827,respond,q417,sprint,b,web
1541092775515,submit,b417,sprint,,web
1541092781486,enter,b758,sprint,,web
1541092797835,respond,q758,sprint,b,web
1541092798428,submit,b758,sprint,,web
1541092818259,enter,b8312,sprint,,web
1541092840771,respond,q11259,sprint,b,web
1541092842299,submit,b8312,sprint,,web
1541093033060,enter,b438,adaptive_offer,,web
1541093070699,respond,q438,adaptive_offer,a,web
1541093071348,submit,b438,adaptive_offer,,web
1541093143479,enter,b5041,sprint,,web
1541093159492,respond,q6509,sprint,a,web
1541093160211,submit,b5041,sprint,,web
1541093206336,enter,b6002,sprint,,web
1541093217323,respond,q8651,sprint,a,web
1541093220963,submit,b6002,sprint,,web
1541093233276,enter,b2220,sprint,,web
1541093249699,respond,q3688,sprint,c,web
1541093252035,respond,q3688,sprint,d,web
1541093252845,submit,b2220,sprint,,web
1541093262185,enter,b6911,sprint,,web
1541093279388,respond,q9560,sprint,b,web
1541093280531,submit,b6911,sprint,,web
1541093288158,enter,b4596,sprint,,web
1541093336115,respond,q6064,sprint,d,web
1541093337404,submit,b4596,sprint,,web
1541093382757,enter,b4215,sprint,,web
1541093391156,respond,q5683,sprint,a,web
1541093392938,submit,b4215,sprint,,web
1541093447206,enter,b3780,sprint,,web
1541093478891,respond,q5248,sprint,a,web
1541093481835,submit,b3780,sprint,,web
1541093514676,enter,b6267,sprint,,web
1541093535403,respond,q8916,sprint,d,web
1541093568419,respond,q8916,sprint,b,web
1541093570635,submit,b6267,sprint,,web
1541093603815,enter,b4670,sprint,,web
1541093631131,respond,q6138,sprint,d,web
1541093632706,submit,b4670,sprint,,web
1541093646889,enter,b3781,sprint,,web
1541093670747,respond,q5249,sprint,a,web
1541093672274,submit,b3781,sprint,,web
1541160664869,enter,b438,adaptive_offer,,web
1541160704217,respond,q438,adaptive_offer,c,web
1541160721281,respond,q438,adaptive_offer,a,web
1541160721913,submit,b438,adaptive_offer,,web
1541160734026,enter,b508,adaptive_offer,,web
1541160765841,respond,q508,adaptive_offer,c,web
1541160766697,submit,b508,adaptive_offer,,web
1541160784098,enter,b639,sprint,,web
1541160823520,respond,q639,sprint,c,web
1541160824144,submit,b639,sprint,,web
1541160853521,enter,b1266,sprint,,web
1541160886185,respond,q1266,sprint,c,web
1541160886839,submit,b1266,sprint,,web
1541160954381,enter,b280,sprint,,web
1541160971223,respond,q280,sprint,b,web
1541160971776,submit,b280,sprint,,web
1541160983164,enter,b295,sprint,,web
1541160998040,respond,q295,sprint,c,web
1541160999031,submit,b295,sprint,,web
1541161011769,enter,b997,sprint,,web
1541161029928,respond,q997,sprint,b,web
1541161030488,submit,b997,sprint,,web
1541161063929,enter,b1331,sprint,,web
1541161084312,respond,q1331,sprint,b,web
1541161084785,submit,b1331,sprint,,web
1541161096912,enter,b1316,sprint,,web
1541161115096,respond,q1316,sprint,a,web
1541161116160,submit,b1316,sprint,,web
1541161148145,enter,b259,sprint,,web
1541161164256,respond,q259,sprint,a,web
1541161164872,submit,b259,sprint,,web
1541161187066,enter,b1251,sprint,,web
1541161210143,respond,q1251,sprint,a,web
1541161211056,submit,b1251,sprint,,web
1541161240155,enter,b655,sprint,,web
1541161271360,respond,q655,sprint,c,web
1541161271999,submit,b655,sprint,,web
1541161541891,enter,b417,adaptive_offer,,web
1541161551264,respond,q417,adaptive_offer,a,web
1541161557559,submit,b417,adaptive_offer,,web
1541161570291,enter,b1316,adaptive_offer,,web
1541161586679,respond,q1316,adaptive_offer,c,web
1541161587555,submit,b1316,adaptive_offer,,web
1541161596645,enter,b973,adaptive_offer,,web
1541161638776,respond,q973,adaptive_offer,b,web
1541161639440,submit,b973,adaptive_offer,,web
1541161889534,enter,b639,adaptive_offer,,web
1541161915694,respond,q639,adaptive_offer,b,web
1541161921183,submit,b639,adaptive_offer,,web
1541207550025,enter,b2550,sprint,,web
1541207584630,respond,q4018,sprint,b,web
1541207585919,submit,b2550,sprint,,web
1541207611652,enter,b6759,sprint,,web
1541207650350,respond,q9408,sprint,c,web
1541207651686,submit,b6759,sprint,,web
1541207661636,enter,b3008,sprint,,web
1541207669406,respond,q4476,sprint,c,web
1541207669942,submit,b3008,sprint,,web
1541207679124,enter,b3106,sprint,,web
1541207701134,respond,q4574,sprint,b,web
1541207701742,submit,b3106,sprint,,web
1541207716259,enter,b2579,sprint,,web
1541207738910,respond,q4047,sprint,b,web
1541207740486,submit,b2579,sprint,,web
1541207799890,enter,b6888,sprint,,web
1541207817862,respond,q9537,sprint,b,web
1541207818517,submit,b6888,sprint,,web
1541207843122,enter,b2533,sprint,,web
1541207865797,respond,q4001,sprint,a,web
1541207866797,submit,b2533,sprint,,web
1541207909335,enter,b4272,sprint,,web
1541207928263,respond,q5740,sprint,a,web
1541207936774,submit,b4272,sprint,,web
1541207962669,enter,b3980,sprint,,web
1541207973245,respond,q5448,sprint,d,web
1541207976837,submit,b3980,sprint,,web
1541207983218,enter,b6066,sprint,,web
1541207994166,respond,q8715,sprint,d,web
1541207999684,submit,b6066,sprint,,web
1541208293524,enter,b4272,adaptive_offer,,web
1541208297413,respond,q5740,adaptive_offer,b,web
1541208298053,submit,b4272,adaptive_offer,,web
1541208304206,enter,b2533,adaptive_offer,,web
1541208309445,respond,q4001,adaptive_offer,b,web
1541208311317,submit,b2533,adaptive_offer,,web
1541209608419,enter,b696,sprint,,web
1541209626735,respond,q696,sprint,c,web
1541209627309,submit,b696,sprint,,web
1541209657665,enter,b905,sprint,,web
1541209675630,respond,q905,sprint,b,web
1541209676212,submit,b905,sprint,,web
1541209711884,enter,b422,sprint,,web
1541209734228,respond,q422,sprint,a,web
1541209734891,submit,b422,sprint,,web
1541209750380,enter,b439,sprint,,web
1541209768404,respond,q439,sprint,a,web
1541209769172,submit,b439,sprint,,web
1541209779393,enter,b373,sprint,,web
1541209799227,respond,q373,sprint,b,web
1541209799892,submit,b373,sprint,,web
1541209822232,enter,b1360,sprint,,web
1541209840437,respond,q1360,sprint,c,web
1541209841028,submit,b1360,sprint,,web
1541209850298,enter,b902,sprint,,web
1541209868963,respond,q902,sprint,a,web
1541209869620,submit,b902,sprint,,web
1541209883607,enter,b594,sprint,,web
1541209899679,respond,q594,sprint,c,web
1541209902109,respond,q594,sprint,a,web
1541209903084,submit,b594,sprint,,web
1541209922870,enter,b666,sprint,,web
1541209941795,respond,q666,sprint,b,web
1541209942573,submit,b666,sprint,,web
1541209977159,enter,b998,sprint,,web
1541210004196,respond,q998,sprint,c,web
1541210004916,submit,b998,sprint,,web
1541342585479,enter,b3303,sprint,,web
1541342602588,respond,q4771,sprint,b,web
1541342614484,submit,b3303,sprint,,web
1541342650647,enter,b3988,sprint,,web
1541342664492,respond,q5456,sprint,b,web
1541342671594,submit,b3988,sprint,,web
1541342693855,enter,b3042,sprint,,web
1541342717571,respond,q4510,sprint,a,web
1541342718243,submit,b3042,sprint,,web
1541342812702,enter,b7063,sprint,,web
1541342819170,respond,q9712,sprint,a,web
1541342820450,submit,b7063,sprint,,web
1541342957663,enter,b2351,sprint,,web
1541342970651,respond,q3819,sprint,d,web
1541342989356,respond,q3819,sprint,b,web
1541342990467,submit,b2351,sprint,,web
1541343019534,enter,b4607,sprint,,web
1541343042210,respond,q6075,sprint,b,web
1541343045705,submit,b4607,sprint,,web
1541343102897,enter,b3926,sprint,,web
1541343120403,respond,q5394,sprint,d,web
1541343121250,submit,b3926,sprint,,web
1541343126830,enter,b7084,sprint,,web
1541343135067,respond,q9733,sprint,b,web
1541343138467,submit,b7084,sprint,,web
1541343144562,enter,b3643,sprint,,web
1541343161724,respond,q5111,sprint,a,web
1541343162531,submit,b3643,sprint,,web
1541343196990,enter,b4190,sprint,,web
1541343213274,respond,q5658,sprint,c,web
1541343213907,submit,b4190,sprint,,web
1541429081806,enter,b2320,sprint,,web
1541429096058,respond,q3788,sprint,b,web
1541429096961,submit,b2320,sprint,,web
1541429127035,enter,b6073,sprint,,web
1541429170608,respond,q8722,sprint,d,web
1541429171329,submit,b6073,sprint,,web
1541429201745,enter,b5070,sprint,,web
1541429208880,respond,q6538,sprint,b,web
1541429212583,submit,b5070,sprint,,web
1541429218812,enter,b3760,sprint,,web
1541429238152,respond,q5228,sprint,a,web
1541429238824,submit,b3760,sprint,,web
1541429247615,enter,b3775,sprint,,web
1541429254305,respond,q5243,sprint,a,web
1541429254992,submit,b3775,sprint,,web
1541429260355,enter,b6476,sprint,,web
1541429268617,respond,q9125,sprint,a,web
1541429270504,submit,b6476,sprint,,web
1541429275688,enter,b4775,sprint,,web
1541429289056,respond,q6243,sprint,a,web
1541429291264,submit,b4775,sprint,,web
1541429302933,enter,b3614,sprint,,web
1541429331360,respond,q5082,sprint,b,web
1541429332273,submit,b3614,sprint,,web
1541429341719,enter,b3149,sprint,,web
1541429356657,respond,q4617,sprint,d,web
1541429359224,submit,b3149,sprint,,web
1541429388322,enter,b5727,sprint,,web
1541429398784,respond,q8376,sprint,c,web
1541429399434,submit,b5727,sprint,,web
1541429429153,enter,b952,sprint,,web
1541429446096,respond,q952,sprint,b,web
1541429447472,submit,b952,sprint,,web
1541429459606,enter,b1374,sprint,,web
1541429479664,respond,q1374,sprint,c,web
1541429481263,submit,b1374,sprint,,web
1541429492883,enter,b205,sprint,,web
1541429509891,respond,q205,sprint,b,web
1541429511904,submit,b205,sprint,,web
1541429536069,enter,b846,sprint,,web
1541429552888,respond,q846,sprint,b,web
1541429553679,submit,b846,sprint,,web
1541429562473,enter,b1335,sprint,,web
1541429581968,respond,q1335,sprint,b,web
1541429582579,submit,b1335,sprint,,web
1541429597964,enter,b312,sprint,,web
1541429612200,respond,q312,sprint,c,web
1541429613352,submit,b312,sprint,,web
1541429622994,enter,b774,sprint,,web
1541429646400,respond,q774,sprint,b,web
1541429649144,respond,q774,sprint,a,web
1541429649672,submit,b774,sprint,,web
1541429660319,enter,b788,sprint,,web
1541429676696,respond,q788,sprint,b,web
1541429677321,submit,b788,sprint,,web
1541429707557,enter,b200,sprint,,web
1541429723416,respond,q200,sprint,b,web
1541429724080,submit,b200,sprint,,web
1541429744691,enter,b588,sprint,,web
1541429782512,respond,q588,sprint,c,web
1541429783040,submit,b588,sprint,,web
1541429831486,enter,b3838,sprint,,web
1541429845112,respond,q5306,sprint,a,web
1541429848240,submit,b3838,sprint,,web
1541429880725,enter,b3794,sprint,,web
1541429896016,respond,q5262,sprint,b,web
1541429908488,submit,b3794,sprint,,web
1541429997729,enter,b4787,sprint,,web
1541430015337,respond,q6255,sprint,b,web
1541430017576,submit,b4787,sprint,,web
1541430080048,enter,b6527,sprint,,web
1541430103656,respond,q9176,sprint,a,web
1541430108495,submit,b6527,sprint,,web
1541430122546,enter,b3592,sprint,,web
1541430138194,respond,q5060,sprint,a,web
1541430156497,submit,b3592,sprint,,web
1541430207657,enter,b2527,sprint,,web
1541430222656,respond,q3995,sprint,a,web
1541430224408,submit,b2527,sprint,,web
1541430246002,enter,b4178,sprint,,web
1541430270536,respond,q5646,sprint,c,web
1541430271480,submit,b4178,sprint,,web
1541430331678,enter,b6524,sprint,,web
1541430347296,respond,q9173,sprint,c,web
1541430347935,submit,b6524,sprint,,web
1541430378485,enter,b3003,sprint,,web
1541430403560,respond,q4471,sprint,d,web
1541430403944,submit,b3003,sprint,,web
1541430408940,enter,b4595,sprint,,web
1541430428024,respond,q6063,sprint,b,web
1541430431127,submit,b4595,sprint,,web
1541504773089,enter,b600,sprint,,web
1541504811663,respond,q600,sprint,c,web
1541504812150,submit,b600,sprint,,web
1541504829399,enter,b1115,sprint,,web
1541504848880,respond,q1115,sprint,b,web
1541504849327,submit,b1115,sprint,,web
1541504873305,enter,b397,sprint,,web
1541504906118,respond,q397,sprint,a,web
1541504906765,submit,b397,sprint,,web
1541504919340,enter,b684,sprint,,web
1541504949901,respond,q684,sprint,b,web
1541504953046,submit,b684,sprint,,web
1541504963401,enter,b1193,sprint,,web
1541504982182,respond,q1193,sprint,b,web
1541504983157,submit,b1193,sprint,,web
1541504999224,enter,b539,sprint,,web
1541505016093,respond,q539,sprint,c,web
1541505016829,submit,b539,sprint,,web
1541505041427,enter,b1218,sprint,,web
1541505071200,respond,q1218,sprint,b,web
1541505073237,submit,b1218,sprint,,web
1541505084348,enter,b739,sprint,,web
1541505099415,respond,q739,sprint,b,web
1541505099949,submit,b739,sprint,,web
1541505112523,enter,b652,sprint,,web
1541505131637,respond,q652,sprint,c,web
1541505132269,submit,b652,sprint,,web
1541505141234,enter,b825,sprint,,web
1541505157774,respond,q825,sprint,c,web
1541505158397,submit,b825,sprint,,web
1541517563608,enter,b2850,sprint,,web
1541517593508,respond,q4318,sprint,b,web
1541517600260,respond,q4318,sprint,a,web
1541517602299,submit,b2850,sprint,,web
1541517645864,enter,b7673,sprint,,web
1541517665819,respond,q10322,sprint,d,web
1541517682299,submit,b7673,sprint,,web
1541517734624,enter,b3418,sprint,,web
1541517750629,respond,q4886,sprint,c,web
1541517752492,submit,b3418,sprint,,web
1541517800186,enter,b2444,sprint,,web
1541517814748,respond,q3912,sprint,c,web
1541517828459,submit,b2444,sprint,,web
1541517837600,enter,b3587,sprint,,web
1541517886796,respond,q5055,sprint,c,web
1541517887683,submit,b3587,sprint,,web
1541517922549,enter,b5993,sprint,,web
1541517941907,respond,q8642,sprint,a,web
1541517943316,submit,b5993,sprint,,web
1541517962582,enter,b3627,sprint,,web
1541517994603,respond,q5095,sprint,c,web
1541518002700,submit,b3627,sprint,,web
1541518019716,enter,b3164,sprint,,web
1541518039300,respond,q4632,sprint,b,web
1541518040867,submit,b3164,sprint,,web
1541518067309,enter,b3809,sprint,,web
1541518078907,respond,q5277,sprint,a,web
1541518080036,submit,b3809,sprint,,web
1541518109583,enter,b6748,sprint,,web
1541518129612,respond,q9397,sprint,d,web
1541518147275,respond,q9397,sprint,a,web
1541518158179,submit,b6748,sprint,,web
1541609695577,enter,b2848,sprint,,web
1541609713827,respond,q4316,sprint,a,web
1541609725155,respond,q4316,sprint,c,web
1541609726027,submit,b2848,sprint,,web
1541609738903,enter,b3864,sprint,,web
1541609760021,respond,q5332,sprint,a,web
1541609768827,submit,b3864,sprint,,web
1541609794108,enter,b4955,sprint,,web
1541609809275,respond,q6423,sprint,c,web
1541609810427,submit,b4955,sprint,,web
1541609816721,enter,b7250,sprint,,web
1541609829539,respond,q9899,sprint,b,web
1541609830099,submit,b7250,sprint,,web
1541609844557,enter,b3086,sprint,,web
1541609871435,respond,q4554,sprint,b,web
1541609883147,respond,q4554,sprint,c,web
1541609886459,submit,b3086,sprint,,web
1541609953931,enter,b3114,sprint,,web
1541609974916,respond,q4582,sprint,c,web
1541609977731,submit,b3114,sprint,,web
1541610016034,enter,b4725,sprint,,web
1541610046426,respond,q6193,sprint,d,web
1541610049395,submit,b4725,sprint,,web
1541610076205,enter,b6755,sprint,,web
1541610087746,respond,q9404,sprint,c,web
1541610091386,submit,b6755,sprint,,web
1541610117245,enter,b4181,sprint,,web
1541610138562,respond,q5649,sprint,b,web
1541610141619,respond,q5649,sprint,d,web
1541610144138,submit,b4181,sprint,,web
1541610160342,enter,b2364,sprint,,web
1541610172627,respond,q3832,sprint,a,web
1541610180347,submit,b2364,sprint,,web
1541614103033,enter,b261,sprint,,web
1541614112476,submit,b261,sprint,,web
1541679077197,enter,b261,sprint,,web
1541679095345,respond,q261,sprint,c,web
1541679096024,submit,b261,sprint,,web
1541679108472,enter,b692,sprint,,web
1541679126544,respond,q692,sprint,c,web
1541679127519,submit,b692,sprint,,web
1541679164701,enter,b1000,sprint,,web
1541679184663,respond,q1000,sprint,a,web
1541679185295,submit,b1000,sprint,,web
1541679214516,enter,b1240,sprint,,web
1541679230527,respond,q1240,sprint,b,web
1541679231206,submit,b1240,sprint,,web
1541679239657,enter,b1292,sprint,,web
1541679265322,respond,q1292,sprint,b,web
1541679265751,respond,q1292,sprint,c,web
1541679270511,respond,q1292,sprint,b,web
1541679272184,respond,q1292,sprint,c,web
1541679273632,submit,b1292,sprint,,web
1541679284792,enter,b921,sprint,,web
1541679301108,respond,q921,sprint,a,web
1541679302167,submit,b921,sprint,,web
1541679391317,enter,b561,sprint,,web
1541679424807,respond,q561,sprint,c,web
1541679425343,submit,b561,sprint,,web
1541679438078,enter,b1076,sprint,,web
1541679454087,respond,q1076,sprint,b,web
1541679454702,submit,b1076,sprint,,web
1541679480289,enter,b483,sprint,,web
1541679510695,respond,q483,sprint,b,web
1541679511887,submit,b483,sprint,,web
1541679518905,enter,b423,sprint,,web
1541679535263,respond,q423,sprint,a,web
1541679535927,submit,b423,sprint,,web
1541958555592,enter,b3123,sprint,,web
1541958565089,respond,q4591,sprint,a,web
1541958567376,submit,b3123,sprint,,web
1541958643077,enter,b6239,sprint,,web
1541958656913,respond,q8888,sprint,c,web
1541958658529,submit,b6239,sprint,,web
1541958672999,enter,b2864,sprint,,web
1541958681073,respond,q4332,sprint,b,web
1541958684639,submit,b2864,sprint,,web
1541958691886,enter,b2728,sprint,,web
1541958703505,respond,q4196,sprint,d,web
1541958709152,submit,b2728,sprint,,web
1541958714444,enter,b4720,sprint,,web
1541958725561,respond,q6188,sprint,d,web
1541958727537,submit,b4720,sprint,,web
1541958733465,enter,b7129,sprint,,web
1541958744200,respond,q9778,sprint,b,web
1541958744993,submit,b7129,sprint,,web
1541958758959,enter,b2599,sprint,,web
1541958762241,respond,q4067,sprint,a,web
1541958772665,submit,b2599,sprint,,web
1541958778050,enter,b3381,sprint,,web
1541958786600,respond,q4849,sprint,a,web
1541958788256,submit,b3381,sprint,,web
1541958802730,enter,b4756,sprint,,web
1541958814881,respond,q6224,sprint,a,web
1541958818848,respond,q6224,sprint,c,web
1541958819944,submit,b4756,sprint,,web
1541958828520,enter,b5916,sprint,,web
1541958848584,respond,q8565,sprint,b,web
1541958855015,submit,b5916,sprint,,web
1542120498840,enter,b2883,sprint,,web
1542120514208,respond,q4351,sprint,d,web
1542120515308,submit,b2883,sprint,,web
1542120540240,enter,b2197,sprint,,web
1542120552539,respond,q3665,sprint,d,web
1542120563282,submit,b2197,sprint,,web
1542120582729,enter,b3299,sprint,,web
1542120600356,respond,q4767,sprint,b,web
1542120614363,respond,q4767,sprint,c,web
1542120622955,respond,q4767,sprint,a,web
1542120627251,submit,b3299,sprint,,web
1542120653651,enter,b7270,sprint,,web
1542120666758,respond,q9919,sprint,a,web
1542120668211,submit,b7270,sprint,,web
1542120674048,enter,b3750,sprint,,web
1542120685947,respond,q5218,sprint,a,web
1542120690699,submit,b3750,sprint,,web
1542120700252,enter,b3576,sprint,,web
1542120716226,respond,q5044,sprint,c,web
1542120718466,respond,q5044,sprint,d,web
1542120720613,submit,b3576,sprint,,web
1542120731089,enter,b5056,sprint,,web
1542120738723,respond,q6524,sprint,b,web
1542120742722,submit,b5056,sprint,,web
1542120750261,enter,b6219,sprint,,web
1542120772771,respond,q8868,sprint,c,web
1542120773348,submit,b6219,sprint,,web
1542120787873,enter,b4162,sprint,,web
1542120804283,respond,q5630,sprint,d,web
1542120805107,submit,b4162,sprint,,web
1542120823252,enter,b3363,sprint,,web
1542120837763,respond,q4831,sprint,b,web
1542120839019,submit,b3363,sprint,,web
1542120873309,enter,b1361,sprint,,web
1542120909332,respond,q1361,sprint,a,web
1542120909975,submit,b1361,sprint,,web
1542120930778,enter,b887,sprint,,web
1542120949852,respond,q887,sprint,c,web
1542120951204,submit,b887,sprint,,web
1542120957008,enter,b1224,sprint,,web
1542120992570,respond,q1224,sprint,b,web
1542120993732,respond,q1224,sprint,c,web
1542120994188,submit,b1224,sprint,,web
1542121012219,enter,b251,sprint,,web
1542121031290,respond,q251,sprint,b,web
1542121031851,submit,b251,sprint,,web
1542121041167,enter,b984,sprint,,web
1542121069218,respond,q984,sprint,a,web
1542121071700,submit,b984,sprint,,web
1542121087473,enter,b1208,sprint,,web
1542121101890,respond,q1208,sprint,b,web
1542121104522,respond,q1208,sprint,a,web
1542121105322,submit,b1208,sprint,,web
1542121113483,enter,b776,sprint,,web
1542121144979,respond,q776,sprint,c,web
1542121146468,submit,b776,sprint,,web
1542121154266,enter,b292,sprint,,web
1542121169819,respond,q292,sprint,c,web
1542121170458,submit,b292,sprint,,web
1542121176886,enter,b462,sprint,,web
1542121192746,respond,q462,sprint,a,web
1542121197378,submit,b462,sprint,,web
1542121212892,enter,b1250,sprint,,web
1542121230930,respond,q1250,sprint,b,web
1542121232380,submit,b1250,sprint,,web
1542122381324,enter,b4884,sprint,,web
1542122408565,respond,q6352,sprint,c,web
1542122412681,submit,b4884,sprint,,web
1542122491675,enter,b7483,sprint,,web
1542122502874,respond,q10132,sprint,c,web
1542122503483,submit,b7483,sprint,,web
1542122510658,enter,b5129,sprint,,web
1542122525282,respond,q6723,sprint,c,web
1542122528418,respond,q6723,sprint,b,web
1542122529811,submit,b5129,sprint,,web
1542122541425,enter,b3067,sprint,,web
1542122549682,respond,q4535,sprint,b,web
1542122554738,respond,q4535,sprint,c,web
1542122555786,submit,b3067,sprint,,web
1542122561309,enter,b3060,sprint,,web
1542122568612,respond,q4528,sprint,c,web
1542122569132,submit,b3060,sprint,,web
1542122573307,enter,b6919,sprint,,web
1542122580458,respond,q9568,sprint,a,web
1542122584547,submit,b6919,sprint,,web
1542122694975,enter,b3000,sprint,,web
1542122714811,respond,q4468,sprint,c,web
1542122718594,submit,b3000,sprint,,web
1542122746656,enter,b3590,sprint,,web
1542122756603,respond,q5058,sprint,a,web
1542122759805,submit,b3590,sprint,,web
1542122765528,enter,b4949,sprint,,web
1542122783106,respond,q6417,sprint,d,web
1542122787186,submit,b4949,sprint,,web
1542122793726,enter,b6518,sprint,,web
1542122820907,respond,q9167,sprint,b,web
1542122821499,submit,b6518,sprint,,web
1542215535111,enter,b2614,sprint,,web
1542215551367,respond,q4082,sprint,a,web
1542215552648,submit,b2614,sprint,,web
1542215559637,enter,b3010,sprint,,web
1542215573302,respond,q4478,sprint,a,web
1542215573878,submit,b3010,sprint,,web
1542215580649,enter,b4673,sprint,,web
1542215587221,respond,q6141,sprint,a,web
1542215589373,submit,b4673,sprint,,web
1542215597093,enter,b2800,sprint,,web
1542215614805,respond,q4268,sprint,d,web
1542215615526,submit,b2800,sprint,,web
1542215621616,enter,b5138,sprint,,web
1542215633862,respond,q6732,sprint,b,web
1542215637989,submit,b5138,sprint,,web
1542215665650,enter,b5074,sprint,,web
1542215682870,respond,q6542,sprint,c,web
1542215693989,submit,b5074,sprint,,web
1542215706865,enter,b4619,sprint,,web
1542215716733,respond,q6087,sprint,a,web
1542215717349,submit,b4619,sprint,,web
1542215722143,enter,b6414,sprint,,web
1542215746421,respond,q9063,sprint,c,web
1542215751589,submit,b6414,sprint,,web
1542215777193,enter,b4267,sprint,,web
1542215805774,respond,q5735,sprint,d,web
1542215815489,submit,b4267,sprint,,web
1542215841287,enter,b4307,sprint,,web
1542215881286,respond,q5775,sprint,a,web
1542215888606,respond,q5775,sprint,c,web
1542215890344,submit,b4307,sprint,,web
1542379410755,enter,b2720,sprint,,web
1542379421883,respond,q4188,sprint,a,web
1542379422874,submit,b2720,sprint,,web
1542379445137,enter,b2831,sprint,,web
1542379456786,respond,q4299,sprint,c,web
1542379460491,submit,b2831,sprint,,web
1542387381904,enter,b5768,sprint,,web
1542387396112,respond,q8417,sprint,b,web
1542387397044,respond,q8417,sprint,d,web
1542387398067,submit,b5768,sprint,,web
1542387601113,enter,b5045,sprint,,web
1542387611027,respond,q6513,sprint,b,web
1542387612922,submit,b5045,sprint,,web
1542387635180,enter,b4688,sprint,,web
1542387643869,respond,q6156,sprint,c,web
1542387656971,respond,q6156,sprint,b,web
1542387657626,submit,b4688,sprint,,web
1542387674229,enter,b6892,sprint,,web
1542387689603,respond,q9541,sprint,b,web
1542387690546,submit,b6892,sprint,,web
1542387697626,enter,b3125,sprint,,web
1542387712667,respond,q4593,sprint,a,web
1542387717186,submit,b3125,sprint,,web
1542387728707,enter,b3021,sprint,,web
1542387758002,respond,q4489,sprint,a,web
1542387760203,submit,b3021,sprint,,web
1542387810150,enter,b2460,sprint,,web
1542387818923,respond,q3928,sprint,d,web
1542387824161,submit,b2460,sprint,,web
1542387834562,enter,b6312,sprint,,web
1542387842780,respond,q8961,sprint,a,web
1542387846314,submit,b6312,sprint,,web
1542387879539,enter,b1142,sprint,,web
1542387888163,respond,q1142,sprint,a,web
1542387895604,respond,q1142,sprint,c,web
1542387896219,submit,b1142,sprint,,web
1542387909501,enter,b1030,sprint,,web
1542387928324,respond,q1030,sprint,a,web
1542387929899,respond,q1030,sprint,b,web
1542387930498,submit,b1030,sprint,,web
1542387945981,enter,b1011,sprint,,web
1542387962171,respond,q1011,sprint,b,web
1542387963091,submit,b1011,sprint,,web
1542387976938,enter,b1365,sprint,,web
1542388006699,respond,q1365,sprint,a,web
1542388007538,submit,b1365,sprint,,web
1542388015945,enter,b584,sprint,,web
1542388049915,respond,q584,sprint,a,web
1542388051700,submit,b584,sprint,,web
1542460565953,enter,b3833,sprint,,web
1542460587578,respond,q5301,sprint,d,web
1542460591994,submit,b3833,sprint,,web
1542460604735,enter,b3776,sprint,,web
1542460636041,respond,q5244,sprint,b,web
1542460636746,submit,b3776,sprint,,web
1542460653298,enter,b2731,sprint,,web
1542460666653,respond,q4199,sprint,b,web
1542460669930,submit,b2731,sprint,,web
1542460676371,enter,b7355,sprint,,web
1542460693258,respond,q10004,sprint,d,web
1542460693882,submit,b7355,sprint,,web
1542460711904,enter,b3020,sprint,,web
1542460718427,respond,q4488,sprint,a,web
1542460719986,submit,b3020,sprint,,web
1542460725559,enter,b2695,sprint,,web
1542460742921,respond,q4163,sprint,b,web
1542460747033,submit,b2695,sprint,,web
1542460755500,enter,b4214,sprint,,web
1542460762001,respond,q5682,sprint,c,web
1542460763233,submit,b4214,sprint,,web
1542460770577,enter,b7123,sprint,,web
1542460775794,respond,q9772,sprint,a,web
1542460778729,submit,b7123,sprint,,web
1542460785149,enter,b2693,sprint,,web
1542460801802,respond,q4161,sprint,a,web
1542460802801,submit,b2693,sprint,,web
1542460820952,enter,b5141,sprint,,web
1542460833385,respond,q6735,sprint,c,web
1542460836385,submit,b5141,sprint,,web
1542719803987,enter,b4141,sprint,,web
1542719817490,respond,q5609,sprint,c,web
1542719823016,respond,q5609,sprint,b,web
1542719823988,submit,b4141,sprint,,web
1542719831503,enter,b5889,sprint,,web
1542719852902,respond,q8538,sprint,d,web
1542719860386,submit,b5889,sprint,,web
1542719867354,enter,b4295,sprint,,web
1542719873386,respond,q5763,sprint,d,web
1542719874762,submit,b4295,sprint,,web
1542719880553,enter,b2678,sprint,,web
1542719894357,respond,q4146,sprint,a,web
1542719898393,submit,b2678,sprint,,web
1542719907645,enter,b2221,sprint,,web
1542719940044,respond,q3689,sprint,a,web
1542719941035,submit,b2221,sprint,,web
1542719947933,enter,b6305,sprint,,web
1542719955036,respond,q8954,sprint,a,web
1542719960388,respond,q8954,sprint,b,web
1542719964341,submit,b6305,sprint,,web
1542719974986,enter,b3404,sprint,,web
1542719984581,respond,q4872,sprint,b,web
1542719987895,submit,b3404,sprint,,web
1542720012257,enter,b4947,sprint,,web
1542720035595,respond,q6415,sprint,c,web
1542720043723,submit,b4947,sprint,,web
1542720063497,enter,b5047,sprint,,web
1542720088931,respond,q6515,sprint,a,web
1542720089685,submit,b5047,sprint,,web
1542720107086,enter,b5919,sprint,,web
1542720125735,respond,q8568,sprint,d,web
1542720126524,submit,b5919,sprint,,web
1542720480784,enter,b1132,sprint,,web
1542720497847,respond,q1132,sprint,c,web
1542720498165,respond,q1132,sprint,b,web
1542720498792,submit,b1132,sprint,,web
1542720506855,enter,b956,sprint,,web
1542720518005,respond,q956,sprint,a,web
1542720526115,submit,b956,sprint,,web
1542720572084,enter,b749,sprint,,web
1542720589755,respond,q749,sprint,b,web
1542720590341,submit,b749,sprint,,web
1542720599152,enter,b764,sprint,,web
1542720614181,respond,q764,sprint,c,web
1542720615823,submit,b764,sprint,,web
1542720680901,enter,b1146,sprint,,web
1542720695536,respond,q1146,sprint,b,web
1542720696321,respond,q1146,sprint,c,web
1542720696959,submit,b1146,sprint,,web
1542720723282,enter,b241,sprint,,web
1542720741144,respond,q241,sprint,c,web
1542720741669,submit,b241,sprint,,web
1542720766707,enter,b223,sprint,,web
1542720783244,respond,q223,sprint,b,web
1542720783964,submit,b223,sprint,,web
1542720792470,enter,b925,sprint,,web
1542720808587,respond,q925,sprint,c,web
1542720809149,submit,b925,sprint,,web
1542720838576,enter,b1052,sprint,,web
1542720862682,respond,q1052,sprint,c,web
1542720864687,submit,b1052,sprint,,web
1542720884915,enter,b557,sprint,,web
1542720925032,respond,q557,sprint,a,web
1542720925843,submit,b557,sprint,,web
1542723298556,enter,b415,sprint,,web
1542723316373,respond,q415,sprint,a,web
1542723321080,submit,b415,sprint,,web
1542723336181,enter,b725,sprint,,web
1542723352578,respond,q725,sprint,a,web
1542723353400,submit,b725,sprint,,web
1542723368321,enter,b366,sprint,,web
1542723402225,respond,q366,sprint,a,web
1542723402902,submit,b366,sprint,,web
1542723410214,enter,b260,sprint,,web
1542723428312,respond,q260,sprint,b,web
1542723430507,submit,b260,sprint,,web
1542723442831,enter,b406,sprint,,web
1542723462032,respond,q406,sprint,b,web
1542723462819,submit,b406,sprint,,web
1542812966692,enter,b2448,sprint,,web
1542812974395,respond,q3916,sprint,b,web
1542812975991,submit,b2448,sprint,,web
1542812992055,enter,b3842,sprint,,web
1542813010342,respond,q5310,sprint,c,web
1542813012217,submit,b3842,sprint,,web
1542813018229,enter,b3022,sprint,,web
1542813032336,respond,q4490,sprint,a,web
1542813040600,respond,q4490,sprint,b,web
1542813041237,submit,b3022,sprint,,web
1542813051407,enter,b7454,sprint,,web
1542813072543,respond,q10103,sprint,b,web
1542813074804,submit,b7454,sprint,,web
1542813093527,enter,b6006,sprint,,web
1542813129039,respond,q8655,sprint,a,web
1542813131427,submit,b6006,sprint,,web
1542813142894,enter,b6957,sprint,,web
1542813158261,respond,q9606,sprint,c,web
1542813167441,respond,q9606,sprint,a,web
1542813169670,submit,b6957,sprint,,web
1542813176321,enter,b3617,sprint,,web
1542813199837,respond,q5085,sprint,a,web
1542813200997,submit,b3617,sprint,,web
1542813215241,enter,b6757,sprint,,web
1542813225153,respond,q9406,sprint,a,web
1542813226109,submit,b6757,sprint,,web
1542813231610,enter,b3814,sprint,,web
1542813246988,respond,q5282,sprint,d,web
1542813248485,submit,b3814,sprint,,web
1542813261207,enter,b2992,sprint,,web
1542813275650,respond,q4460,sprint,b,web
1542813277661,submit,b2992,sprint,,web
1542813319018,enter,b856,sprint,,web
1542813335651,respond,q856,sprint,b,web
1542813337084,submit,b856,sprint,,web
1542813360136,enter,b1297,sprint,,web
1542813382231,respond,q1297,sprint,a,web
1542813382789,submit,b1297,sprint,,web
1542813407915,enter,b369,sprint,,web
1542813425860,respond,q369,sprint,c,web
1542813426503,submit,b369,sprint,,web
1542813438156,enter,b1384,sprint,,web
1542813452142,respond,q1384,sprint,c,web
1542813454654,submit,b1384,sprint,,web
1542813475337,enter,b740,sprint,,web
1542813508419,respond,q740,sprint,b,web
1542813509835,respond,q740,sprint,c,web
1542813510607,submit,b740,sprint,,web
1542813519836,enter,b750,sprint,,web
1542813532527,submit,b750,sprint,,web
1542813552488,respond,q750,sprint,a,web
1542813564531,enter,b308,sprint,,web
1542813573083,respond,q308,sprint,a,web
1542813581623,respond,q308,sprint,c,web
1542813582241,submit,b308,sprint,,web
1542813591815,enter,b1075,sprint,,web
1542813640205,respond,q1075,sprint,a,web
1542813640961,submit,b1075,sprint,,web
1542813657389,enter,b1261,sprint,,web
1542813691629,respond,q1261,sprint,c,web
1542813692171,submit,b1261,sprint,,web
1542813709465,enter,b583,sprint,,web
1542813728140,respond,q583,sprint,b,web
1542813728684,submit,b583,sprint,,web
1543002861018,enter,b4613,sprint,,web
1543002876755,respond,q6081,sprint,a,web
1543002887325,respond,q6081,sprint,b,web
1543002888069,submit,b4613,sprint,,web
1543002903776,enter,b7453,sprint,,web
1543002912869,respond,q10102,sprint,a,web
1543002914364,submit,b7453,sprint,,web
1543002945559,enter,b4707,sprint,,web
1543002969390,respond,q6175,sprint,a,web
1543002976437,submit,b4707,sprint,,web
1543002990274,enter,b2223,sprint,,web
1543003009962,respond,q3691,sprint,b,web
1543003010660,submit,b2223,sprint,,web
1543003022773,enter,b6019,sprint,,web
1543003032927,respond,q8668,sprint,b,web
1543003033566,submit,b6019,sprint,,web
1543003039185,enter,b6296,sprint,,web
1543003052968,respond,q8945,sprint,c,web
1543003053772,submit,b6296,sprint,,web
1543003058248,enter,b4234,sprint,,web
1543003068420,respond,q5702,sprint,d,web
1543003069297,submit,b4234,sprint,,web
1543003074570,enter,b4890,sprint,,web
1543003087579,respond,q6358,sprint,a,web
1543003094632,respond,q6358,sprint,c,web
1543003095222,submit,b4890,sprint,,web
1543003115347,enter,b5810,sprint,,web
1543003129571,respond,q8459,sprint,c,web
1543003134874,submit,b5810,sprint,,web
1543003144474,enter,b7164,sprint,,web
1543003151859,respond,q9813,sprint,a,web
1543003154229,submit,b7164,sprint,,web
1543334880862,enter,b3309,sprint,,web
1543334886385,respond,q4777,sprint,a,web
1543334886903,submit,b3309,sprint,,web
1543334898204,enter,b2825,sprint,,web
1543334910210,respond,q4293,sprint,b,web
1543334911634,submit,b2825,sprint,,web
1543334921676,enter,b2343,sprint,,web
1543334929236,respond,q3811,sprint,b,web
1543334931031,submit,b2343,sprint,,web
1543334936478,enter,b6273,sprint,,web
1543334950899,respond,q8922,sprint,c,web
1543334951517,submit,b6273,sprint,,web
1543334962859,enter,b2467,sprint,,web
1543334969195,respond,q3935,sprint,b,web
1543334969890,submit,b2467,sprint,,web
1543334985964,enter,b3855,sprint,,web
1543334998811,respond,q5323,sprint,b,web
1543335000904,submit,b3855,sprint,,web
1543335005310,enter,b3752,sprint,,web
1543335017998,respond,q5220,sprint,d,web
1543335018890,submit,b3752,sprint,,web
1543335030462,enter,b6363,sprint,,web
1543335048053,respond,q9012,sprint,a,web
1543335049236,submit,b6363,sprint,,web
1543335068329,enter,b3377,sprint,,web
1543335089572,respond,q4845,sprint,c,web
1543335094609,submit,b3377,sprint,,web
1543335104015,enter,b3012,sprint,,web
1543335126909,respond,q4480,sprint,b,web
1543335127899,submit,b3012,sprint,,web
1543508387989,enter,b3686,sprint,,web
1543508404608,respond,q5154,sprint,b,web
1543508405195,submit,b3686,sprint,,web
1543508412287,enter,b6913,sprint,,web
1543508433884,respond,q9562,sprint,c,web
1543508436463,submit,b6913,sprint,,web
1543508446073,enter,b4855,sprint,,web
1543508460085,respond,q6323,sprint,c,web
1543508462789,submit,b4855,sprint,,web
1543508469901,enter,b3606,sprint,,web
1543508485836,respond,q5074,sprint,a,web
1543508487624,submit,b3606,sprint,,web
1543508508095,enter,b4905,sprint,,web
1543508520806,respond,q6373,sprint,c,web
1543508521806,submit,b4905,sprint,,web
1543508540138,enter,b5729,sprint,,web
1543508554444,respond,q8378,sprint,a,web
1543508556320,submit,b5729,sprint,,web
1543508561617,enter,b3753,sprint,,web
1543508590434,respond,q5221,sprint,b,web
1543508591288,submit,b3753,sprint,,web
1543508609953,enter,b3832,sprint,,web
1543508627366,respond,q5300,sprint,d,web
1543508628425,submit,b3832,sprint,,web
1543508638250,enter,b6981,sprint,,web
1543508653358,respond,q9630,sprint,c,web
1543508654257,submit,b6981,sprint,,web
1543508665663,enter,b6101,sprint,,web
1543508691236,respond,q8750,sprint,b,web
1543508695821,submit,b6101,sprint,,web
1543660404879,enter,b4715,sprint,,web
1543660412888,respond,q6183,sprint,c,web
1543660421642,submit,b4715,sprint,,web
1543660442056,enter,b3865,sprint,,web
1543660462551,respond,q5333,sprint,b,web
1543660475194,submit,b3865,sprint,,web
1543660495117,enter,b3844,sprint,,web
1543660523765,respond,q5312,sprint,d,web
1543660527056,submit,b3844,sprint,,web
1543660539263,enter,b7501,sprint,,web
1543660549598,respond,q10150,sprint,c,web
1543660550304,submit,b7501,sprint,,web
1543660559363,enter,b2570,sprint,,web
1543660570615,respond,q4038,sprint,a,web
1543660575325,submit,b2570,sprint,,web
1543660591946,enter,b5029,sprint,,web
1543660616554,respond,q6497,sprint,d,web
1543660617353,submit,b5029,sprint,,web
1543660626420,enter,b7398,sprint,,web
1543660645120,respond,q10047,sprint,d,web
1543660649667,submit,b7398,sprint,,web
1543660666345,enter,b5738,sprint,,web
1543660685125,respond,q8387,sprint,b,web
1543660686352,submit,b5738,sprint,,web
1543660694353,enter,b3938,sprint,,web
1543660725140,respond,q5406,sprint,c,web
1543660725950,submit,b3938,sprint,,web
1543660741276,enter,b4641,sprint,,web
1543660770435,respond,q6109,sprint,d,web
1543660771021,submit,b4641,sprint,,web
1544019259931,enter,b4280,sprint,,web
1544019277763,respond,q5748,sprint,b,web
1544019280491,submit,b4280,sprint,,web
1544019331159,enter,b6493,sprint,,web
1544019341091,respond,q9142,sprint,c,web
1544019353387,respond,q9142,sprint,b,web
1544019354126,submit,b6493,sprint,,web
1544019367225,enter,b3774,sprint,,web
1544019383937,respond,q5242,sprint,a,web
1544019386474,submit,b3774,sprint,,web
1544019403289,enter,b4316,sprint,,web
1544019424271,respond,q5784,sprint,c,web
1544019428807,submit,b4316,sprint,,web
1544019441322,enter,b4498,sprint,,web
1544019448679,respond,q5966,sprint,d,web
1544019449614,submit,b4498,sprint,,web
1544019455115,enter,b7512,sprint,,web
1544019473064,respond,q10161,sprint,b,web
1544019474558,submit,b7512,sprint,,web
1544019483219,enter,b3581,sprint,,web
1544019485209,respond,q5049,sprint,a,web
1544019486219,submit,b3581,sprint,,web
1544019492017,enter,b4241,sprint,,web
1544019503614,respond,q5709,sprint,d,web
1544019504154,submit,b4241,sprint,,web
1544019513558,enter,b7363,sprint,,web
1544019530580,respond,q10012,sprint,a,web
1544019538164,respond,q10012,sprint,d,web
1544019538526,submit,b7363,sprint,,web
1544019548571,enter,b6832,sprint,,web
1544019569734,respond,q9481,sprint,a,web
1544019574462,respond,q9481,sprint,c,web
1544019574839,submit,b6832,sprint,,web
1544019598058,enter,b435,sprint,,web
1544019614816,respond,q435,sprint,a,web
1544019615438,submit,b435,sprint,,web
1544019620621,enter,b545,sprint,,web
1544019638765,respond,q545,sprint,b,web
1544019639258,submit,b545,sprint,,web
1544019644215,enter,b1322,sprint,,web
1544019661924,respond,q1322,sprint,c,web
1544019662512,submit,b1322,sprint,,web
1544019667466,enter,b326,sprint,,web
1544019685938,respond,q326,sprint,b,web
1544019686389,submit,b326,sprint,,web
1544019699388,enter,b447,sprint,,web
1544019716114,respond,q447,sprint,c,web
1544019716579,submit,b447,sprint,,web
1544019728707,enter,b970,sprint,,web
1544019740870,respond,q970,sprint,b,web
1544019746678,submit,b970,sprint,,web
1544019753206,enter,b413,sprint,,web
1544019770372,respond,q413,sprint,b,web
1544019770580,respond,q413,sprint,c,web
1544019771583,submit,b413,sprint,,web
1544019775984,enter,b757,sprint,,web
1544019809504,respond,q757,sprint,b,web
1544019809968,submit,b757,sprint,,web
1544019818969,enter,b1101,sprint,,web
1544019852918,respond,q1101,sprint,a,web
1544019853225,respond,q1101,sprint,b,web
1544019854079,submit,b1101,sprint,,web
1544019869512,enter,b732,sprint,,web
1544019886339,respond,q732,sprint,a,web
1544019887266,submit,b732,sprint,,web
1544115972285,enter,b4242,sprint,,web
1544115983860,respond,q5710,sprint,a,web
1544115985529,submit,b4242,sprint,,web
1544115997030,enter,b2227,sprint,,web
1544116006438,respond,q3695,sprint,a,web
1544116006918,respond,q3695,sprint,b,web
1544116007752,submit,b2227,sprint,,web
1544116020087,enter,b3032,sprint,,web
1544116030500,respond,q4500,sprint,a,web
1544116031938,submit,b3032,sprint,,web
1544116052834,enter,b6456,sprint,,web
1544116069641,respond,q9105,sprint,a,web
1544116074275,submit,b6456,sprint,,web
1544116082017,enter,b4869,sprint,,web
1544116090151,respond,q6337,sprint,d,web
1544116090549,submit,b4869,sprint,,web
1544116095177,enter,b3573,sprint,,web
1544116114122,respond,q5041,sprint,c,web
1544116114607,submit,b3573,sprint,,web
1544116120623,enter,b3761,sprint,,web
1544116130109,respond,q5229,sprint,c,web
1544116131181,submit,b3761,sprint,,web
1544116138509,enter,b6330,sprint,,web
1544116169548,respond,q8979,sprint,b,web
1544116170007,submit,b6330,sprint,,web
1544116186067,enter,b2819,sprint,,web
1544116196560,respond,q4287,sprint,b,web
1544116197208,submit,b2819,sprint,,web
1544116203188,enter,b4721,sprint,,web
1544116227764,respond,q6189,sprint,b,web
1544116228885,respond,q6189,sprint,d,web
1544116229367,submit,b4721,sprint,,web
1544978176367,enter,b3289,sprint,,web
1544978189295,respond,q4757,sprint,d,web
1544978189789,submit,b3289,sprint,,web
1544978197935,enter,b6738,sprint,,web
1544978203068,respond,q9387,sprint,c,web
1544978203551,submit,b6738,sprint,,web
1544978208616,enter,b2663,sprint,,web
1544978223940,respond,q4131,sprint,a,web
1544978225632,respond,q4131,sprint,c,web
1544978226124,submit,b2663,sprint,,web
1544978234886,enter,b2697,sprint,,web
1544978254582,respond,q4165,sprint,c,web
1544978255079,submit,b2697,sprint,,web
1544978261976,enter,b3128,sprint,,web
1544978286502,respond,q4596,sprint,b,web
1544978287518,submit,b3128,sprint,,web
1544978296363,enter,b5984,sprint,,web
1544978308418,respond,q8633,sprint,d,web
1544978309108,submit,b5984,sprint,,web
1544978317773,enter,b3605,sprint,,web
1544978335178,respond,q5073,sprint,d,web
1544978337077,submit,b3605,sprint,,web
1544978342572,enter,b4723,sprint,,web
1544978362316,respond,q6191,sprint,a,web
1544978371197,respond,q6191,sprint,b,web
1544978371818,submit,b4723,sprint,,web
1544978387959,enter,b2771,sprint,,web
1544978407543,respond,q4239,sprint,a,web
1544978408779,submit,b2771,sprint,,web
1544978423486,enter,b6830,sprint,,web
1544978441161,respond,q9479,sprint,a,web
1544978441665,submit,b6830,sprint,,web
1545214540837,enter,b4754,sprint,,web
1545214556511,respond,q6222,sprint,c,web
1545214557398,submit,b4754,sprint,,web
1545214565769,enter,b6012,sprint,,web
1545214576070,respond,q8661,sprint,d,web
1545214577334,submit,b6012,sprint,,web
1545214592439,enter,b3373,sprint,,web
1545214594751,respond,q4841,sprint,a,web
1545214595664,submit,b3373,sprint,,web
1545214600445,enter,b6857,sprint,,web
1545214617879,respond,q9506,sprint,d,web
1545214619026,submit,b6857,sprint,,web
1545214689982,enter,b3084,sprint,,web
1545214704875,respond,q4552,sprint,a,web
1545214707495,submit,b3084,sprint,,web
1545214719193,enter,b3026,sprint,,web
1545214725378,respond,q4494,sprint,b,web
1545214726446,submit,b3026,sprint,,web
1545214743114,enter,b2446,sprint,,web
1545214759712,respond,q3914,sprint,c,web
1545214763233,respond,q3914,sprint,a,web
1545214763815,submit,b2446,sprint,,web
1545214813547,enter,b7271,sprint,,web
1545214832458,respond,q9920,sprint,b,web
1545214840605,respond,q9920,sprint,c,web
1545214847704,respond,q9920,sprint,d,web
1545214848120,submit,b7271,sprint,,web
1545214857807,enter,b2441,sprint,,web
1545214865967,respond,q3909,sprint,a,web
1545214869631,submit,b2441,sprint,,web
1545214882681,enter,b4062,sprint,,web
1545214895012,respond,q5530,sprint,b,web
1545214900394,submit,b4062,sprint,,web
1545267440755,enter,b2675,sprint,,web
1545267457925,respond,q4143,sprint,b,web
1545267458491,submit,b2675,sprint,,web
1545267478389,enter,b7514,sprint,,web
1545267488425,respond,q10163,sprint,b,web
1545267491143,submit,b7514,sprint,,web
1545267512364,enter,b4943,sprint,,web
1545267519829,respond,q6411,sprint,b,web
1545267526460,submit,b4943,sprint,,web
1545267533151,enter,b3050,sprint,,web
1545267538640,respond,q4518,sprint,b,web
1545267539085,submit,b3050,sprint,,web
1545267544515,enter,b3582,sprint,,web
1545267560284,respond,q5050,sprint,c,web
1545267562433,submit,b3582,sprint,,web
1545267581305,enter,b7115,sprint,,web
1545267600194,respond,q9764,sprint,d,web
1545267601779,submit,b7115,sprint,,web
1545267612677,enter,b2215,sprint,,web
1545267619800,respond,q3683,sprint,a,web
1545267623473,submit,b2215,sprint,,web
1545267629884,enter,b5054,sprint,,web
1545267642909,respond,q6522,sprint,c,web
1545267644023,submit,b5054,sprint,,web
1545267661951,enter,b3802,sprint,,web
1545267691858,respond,q5270,sprint,d,web
1545267692184,submit,b3802,sprint,,web
1545267721683,enter,b5992,sprint,,web
1545267756319,respond,q8641,sprint,c,web
1545267756804,submit,b5992,sprint,,web
1545463362635,enter,b2526,sprint,,web
1545463376367,respond,q3994,sprint,d,web
1545463386608,submit,b2526,sprint,,web
1545463426871,enter,b4294,sprint,,web
1545463443914,respond,q5762,sprint,d,web
1545463446964,submit,b4294,sprint,,web
1545463463074,enter,b6958,sprint,,web
1545463479618,respond,q9607,sprint,a,web
1545463484141,submit,b6958,sprint,,web
1545463527703,enter,b7444,sprint,,web
1545463544282,respond,q10093,sprint,a,web
1545463544982,submit,b7444,sprint,,web
1545463563279,enter,b3572,sprint,,web
1545463582451,respond,q5040,sprint,c,web
1545463588699,respond,q5040,sprint,d,web
1545463589778,submit,b3572,sprint,,web
1545463598692,enter,b2564,sprint,,web
1545463606936,respond,q4032,sprint,a,web
1545463607542,submit,b2564,sprint,,web
1545463619938,enter,b5747,sprint,,web
1545463650140,respond,q8396,sprint,d,web
1545463651298,submit,b5747,sprint,,web
1545463669273,enter,b5956,sprint,,web
1545463706186,respond,q8605,sprint,b,web
1545463706918,submit,b5956,sprint,,web
1546080371254,enter,b4223,sprint,,web
1546080387507,respond,q5691,sprint,d,web
1546080391987,respond,q5691,sprint,a,web
1546080392765,submit,b4223,sprint,,web
1546080408616,enter,b3798,sprint,,web
1546080420719,respond,q5266,sprint,a,web
1546080423857,submit,b3798,sprint,,web
1546080452922,enter,b1368,sprint,,web
1546080469911,respond,q1368,sprint,a,web
1546080470492,submit,b1368,sprint,,web
1546080477465,enter,b1314,sprint,,web
1546080488148,respond,q1314,sprint,a,web
1546080496330,respond,q1314,sprint,c,web
1546080497700,submit,b1314,sprint,,web
1546080506480,enter,b763,sprint,,web
1546080522834,respond,q763,sprint,c,web
1546080523327,submit,b763,sprint,,web
1546080527462,enter,b982,sprint,,web
1546080564103,respond,q982,sprint,a,web
1546080565218,submit,b982,sprint,,web
1546080569928,enter,b767,sprint,,web
1546080583117,respond,q767,sprint,c,web
1546080585583,submit,b767,sprint,,web
1546080597364,enter,b787,sprint,,web
1546080646244,respond,q787,sprint,b,web
1546080646782,submit,b787,sprint,,web
1546080654013,enter,b237,sprint,,web
1546080673682,respond,q237,sprint,a,web
1546080674170,submit,b237,sprint,,web
1546080681228,enter,b1175,sprint,,web
1546080698832,respond,q1175,sprint,c,web
1546080699373,respond,q1175,sprint,a,web
1546080699983,submit,b1175,sprint,,web
1546080704186,enter,b669,sprint,,web
1546080720791,respond,q669,sprint,b,web
1546080721281,submit,b669,sprint,,web
1546080763507,enter,b420,sprint,,web
1546080778455,respond,q420,sprint,b,web
1546080780530,submit,b420,sprint,,web
1546080928891,enter,b740,adaptive_offer,,web
1546080945242,respond,q740,adaptive_offer,b,web
1546080946043,submit,b740,adaptive_offer,,web
1546081670726,enter,b447,adaptive_offer,,web
1546081687531,respond,q447,adaptive_offer,b,web
1546081688827,submit,b447,adaptive_offer,,web
