timestamp,action_type,item_id,source,user_answer,platform
1541459755208,enter,b4489,diagnosis,,mobile
1541459785436,submit,b4489,diagnosis,,mobile
1541459785499,enter,b3660,diagnosis,,mobile
1541459807976,respond,q5128,diagnosis,a,mobile
1541459812140,respond,q5128,diagnosis,b,mobile
1541459813640,respond,q5128,diagnosis,c,mobile
1541459815105,respond,q5128,diagnosis,d,mobile
1541459815908,respond,q5128,diagnosis,c,mobile
1541459816860,respond,q5128,diagnosis,b,mobile
1541459817102,respond,q5128,diagnosis,c,mobile
1541459817935,respond,q5128,diagnosis,d,mobile
1541459818350,respond,q5128,diagnosis,c,mobile
1541459823878,submit,b3660,diagnosis,,mobile
