timestamp,action_type,item_id,source,user_answer,platform
1542550410360,enter,b4227,diagnosis,,mobile
1542550437098,respond,q5695,diagnosis,c,mobile
1542550447291,submit,b4227,diagnosis,,mobile
1542550447358,enter,b2860,diagnosis,,mobile
1542550477588,respond,q4328,diagnosis,c,mobile
1542550482976,respond,q4328,diagnosis,a,mobile
1542550490329,respond,q4328,diagnosis,d,mobile
1542550494010,submit,b2860,diagnosis,,mobile
1542550494059,enter,b4577,diagnosis,,mobile
1542550533031,respond,q6045,diagnosis,a,mobile
1542550535121,respond,q6045,diagnosis,c,mobile
1542550536958,respond,q6045,diagnosis,a,mobile
1542550540416,submit,b4577,diagnosis,,mobile
1542550540469,enter,b3351,diagnosis,,mobile
1542550593230,respond,q4819,diagnosis,c,mobile
1542550598800,submit,b3351,diagnosis,,mobile
1542550598858,enter,b2884,diagnosis,,mobile
1542550633223,respond,q4352,diagnosis,c,mobile
1542550637209,submit,b2884,diagnosis,,mobile
1542550637256,enter,b4109,diagnosis,,mobile
1542550655791,respond,q5577,diagnosis,c,mobile
1542550663531,submit,b4109,diagnosis,,mobile
1542550663582,enter,b3917,diagnosis,,mobile
1542550684708,respond,q5385,diagnosis,c,mobile
1542550691360,submit,b3917,diagnosis,,mobile
1542550723420,enter,b793,sprint,,mobile
1542550732126,respond,q793,sprint,a,mobile
1542550735025,submit,b793,sprint,,mobile
1542550739432,enter,b1149,sprint,,mobile
1542550751968,respond,q1149,sprint,b,mobile
1542550754584,submit,b1149,sprint,,mobile
1542550758455,enter,b561,sprint,,mobile
1542550775545,respond,q561,sprint,a,mobile
1542550777926,submit,b561,sprint,,mobile
1542550782122,enter,b8302,sprint,,mobile
1542550798793,respond,q11249,sprint,b,mobile
1542550802466,submit,b8302,sprint,,mobile
1542550807351,enter,b1183,sprint,,mobile
1542550825412,respond,q1183,sprint,b,mobile
1542550828160,submit,b1183,sprint,,mobile
1542550832061,enter,b1201,sprint,,mobile
1542550845043,respond,q1201,sprint,b,mobile
1542550849550,respond,q1201,sprint,c,mobile
1542550852713,submit,b1201,sprint,,mobile
