timestamp,action_type,item_id,source,user_answer,platform
1542599030775,enter,b4385,diagnosis,,mobile
1542599067209,respond,q5853,diagnosis,b,mobile
1542599073041,submit,b4385,diagnosis,,mobile
1542599073149,enter,b4070,diagnosis,,mobile
1542599123397,submit,b4070,diagnosis,,mobile
1542599123449,enter,b2507,diagnosis,,mobile
1542599166855,submit,b2507,diagnosis,,mobile
