timestamp,action_type,item_id,source,user_answer,platform
1543298442307,enter,b4207,diagnosis,,mobile
1543298460547,respond,q5675,diagnosis,a,mobile
1543298465423,submit,b4207,diagnosis,,mobile
1543298465505,enter,b7368,diagnosis,,mobile
1543298482673,respond,q10017,diagnosis,c,mobile
1543298483545,respond,q10017,diagnosis,d,mobile
1543298487743,submit,b7368,diagnosis,,mobile
1543298487818,enter,b3,diagnosis,,mobile
1543298509539,respond,q3,diagnosis,b,mobile
1543298514458,submit,b3,diagnosis,,mobile
1543298514516,enter,b754,diagnosis,,mobile
1543298531401,respond,q754,diagnosis,c,mobile
1543298535978,submit,b754,diagnosis,,mobile
1543298536039,enter,b974,diagnosis,,mobile
1543298553394,respond,q974,diagnosis,a,mobile
1543298558000,submit,b974,diagnosis,,mobile
1543298558060,enter,b201,diagnosis,,mobile
1543298574778,respond,q201,diagnosis,b,mobile
1543298581163,submit,b201,diagnosis,,mobile
