timestamp,action_type,item_id,source,user_answer,platform
1543854175026,enter,b4964,diagnosis,,mobile
1543854193591,respond,q6432,diagnosis,d,mobile
1543854197891,submit,b4964,diagnosis,,mobile
1543854197941,enter,b3194,diagnosis,,mobile
1543854224370,respond,q4662,diagnosis,c,mobile
1543854225609,submit,b3194,diagnosis,,mobile
1543854227451,enter,b4328,diagnosis,,mobile
1543854261809,respond,q5796,diagnosis,d,mobile
1543854265963,submit,b4328,diagnosis,,mobile
1543854266021,enter,b5137,diagnosis,,mobile
1543854304349,respond,q6731,diagnosis,c,mobile
1543854307421,submit,b5137,diagnosis,,mobile
1543854307469,enter,b2667,diagnosis,,mobile
1543854333086,respond,q4135,diagnosis,c,mobile
1543854340442,respond,q4135,diagnosis,b,mobile
1543854344382,submit,b2667,diagnosis,,mobile
