timestamp,action_type,item_id,source,user_answer,platform
1544318836530,enter,b2848,diagnosis,,mobile
1544318861398,respond,q4316,diagnosis,b,mobile
1544318865730,submit,b2848,diagnosis,,mobile
1544318865814,enter,b446,diagnosis,,mobile
1544318883620,respond,q446,diagnosis,a,mobile
1544318886976,respond,q446,diagnosis,b,mobile
1544318891641,submit,b446,diagnosis,,mobile
1544318891696,enter,b4480,diagnosis,,mobile
1544318919838,respond,q5948,diagnosis,b,mobile
1544318923960,submit,b4480,diagnosis,,mobile
1544318924016,enter,b377,diagnosis,,mobile
1544318937189,respond,q377,diagnosis,b,mobile
1544318940662,submit,b377,diagnosis,,mobile
1544318940730,enter,b905,diagnosis,,mobile
1544318952166,respond,q905,diagnosis,a,mobile
1544318959179,submit,b905,diagnosis,,mobile
1544318959253,enter,b1003,diagnosis,,mobile
1544318970474,respond,q1003,diagnosis,a,mobile
1544318976451,submit,b1003,diagnosis,,mobile
