timestamp,action_type,item_id,source,user_answer,platform
1544284632222,enter,b3842,diagnosis,,mobile
1544285082661,respond,q5310,diagnosis,a,mobile
1544285091943,submit,b3842,diagnosis,,mobile
1544285092038,enter,b3915,diagnosis,,mobile
1544285138954,respond,q5383,diagnosis,d,mobile
1544285143012,submit,b3915,diagnosis,,mobile
1544285143084,enter,b3262,diagnosis,,mobile
1544285171256,respond,q4730,diagnosis,a,mobile
1544285176205,submit,b3262,diagnosis,,mobile
1544285176276,enter,b3327,diagnosis,,mobile
1544285381758,respond,q4795,diagnosis,d,mobile
1544285387662,submit,b3327,diagnosis,,mobile
1544285387752,enter,b4980,diagnosis,,mobile
1544285429708,respond,q6448,diagnosis,a,mobile
1544285434369,submit,b4980,diagnosis,,mobile
1544285434441,enter,b3351,diagnosis,,mobile
1544285499563,respond,q4819,diagnosis,c,mobile
1544285503299,submit,b3351,diagnosis,,mobile
