timestamp,action_type,item_id,source,user_answer,platform
1544417039053,enter,b3949,diagnosis,,mobile
1544417068503,respond,q5417,diagnosis,b,mobile
1544417072200,submit,b3949,diagnosis,,mobile
1544417072306,enter,b4738,diagnosis,,mobile
1544417101685,respond,q6206,diagnosis,b,mobile
1544417105690,submit,b4738,diagnosis,,mobile
1544417105763,enter,b525,diagnosis,,mobile
1544417128422,respond,q525,diagnosis,b,mobile
1544417132621,submit,b525,diagnosis,,mobile
1544417132673,enter,b856,diagnosis,,mobile
1544417147041,respond,q856,diagnosis,b,mobile
1544417150240,submit,b856,diagnosis,,mobile
1544417150296,enter,b6929,diagnosis,,mobile
1544417191531,respond,q9578,diagnosis,c,mobile
1544417194966,submit,b6929,diagnosis,,mobile
1544417195021,enter,b3361,diagnosis,,mobile
1544417213808,respond,q4829,diagnosis,d,mobile
1544417217401,submit,b3361,diagnosis,,mobile
