timestamp,action_type,item_id,source,user_answer,platform
1544431583114,enter,b4093,diagnosis,,mobile
1544431642322,respond,q5561,diagnosis,b,mobile
1544431647445,submit,b4093,diagnosis,,mobile
1544431647518,enter,b2453,diagnosis,,mobile
1544431666398,respond,q3921,diagnosis,c,mobile
1544431670283,submit,b2453,diagnosis,,mobile
1544431670345,enter,b4480,diagnosis,,mobile
1544431702190,respond,q5948,diagnosis,a,mobile
1544431708258,submit,b4480,diagnosis,,mobile
1544431708320,enter,b377,diagnosis,,mobile
1544431726267,respond,q377,diagnosis,a,mobile
1544431731082,submit,b377,diagnosis,,mobile
