timestamp,action_type,item_id,source,user_answer,platform
1544508034064,enter,b4414,diagnosis,,mobile
1544508096701,respond,q5882,diagnosis,a,mobile
1544508100519,submit,b4414,diagnosis,,mobile
1544508100565,enter,b4370,diagnosis,,mobile
1544508112858,respond,q5838,diagnosis,c,mobile
1544508116486,submit,b4370,diagnosis,,mobile
1544508116530,enter,b377,diagnosis,,mobile
1544508144699,respond,q377,diagnosis,a,mobile
1544508148819,submit,b377,diagnosis,,mobile
1544508148854,enter,b4109,diagnosis,,mobile
1544508188467,respond,q5577,diagnosis,a,mobile
1544508193226,submit,b4109,diagnosis,,mobile
1544508193254,enter,b4680,diagnosis,,mobile
1544508225233,respond,q6148,diagnosis,a,mobile
1544508228776,respond,q6148,diagnosis,c,mobile
1544508235854,submit,b4680,diagnosis,,mobile
1544508235883,enter,b5156,diagnosis,,mobile
1544508260748,respond,q6750,diagnosis,a,mobile
1544508264082,submit,b5156,diagnosis,,mobile
