timestamp,action_type,item_id,source,user_answer,platform
1545010544248,enter,b2484,diagnosis,,mobile
1545010576988,respond,q3952,diagnosis,a,mobile
1545010580698,submit,b2484,diagnosis,,mobile
1545010580760,enter,b4518,diagnosis,,mobile
1545010618005,respond,q5986,diagnosis,b,mobile
1545010621929,submit,b4518,diagnosis,,mobile
1545010622001,enter,b377,diagnosis,,mobile
1545010642073,respond,q377,diagnosis,c,mobile
1545010646249,submit,b377,diagnosis,,mobile
1545010646314,enter,b3556,diagnosis,,mobile
1545010682269,respond,q5024,diagnosis,a,mobile
1545010686382,submit,b3556,diagnosis,,mobile
1545010686437,enter,b388,diagnosis,,mobile
1545010705685,respond,q388,diagnosis,b,mobile
1545010712523,submit,b388,diagnosis,,mobile
1545010712574,enter,b382,diagnosis,,mobile
1545010731281,respond,q382,diagnosis,a,mobile
1545010734680,submit,b382,diagnosis,,mobile
1545010734735,enter,b297,diagnosis,,mobile
1545010751251,respond,q297,diagnosis,a,mobile
1545010757283,submit,b297,diagnosis,,mobile
1545011266289,enter,b1281,sprint,,mobile
1545011294050,respond,q1281,sprint,c,mobile
1545011296763,submit,b1281,sprint,,mobile
1545011329097,enter,b493,sprint,,mobile
1545011347900,respond,q493,sprint,b,mobile
1545011350587,submit,b493,sprint,,mobile
1547356069436,enter,b5464,sprint,,mobile
1547356367782,respond,q7836,sprint,d,mobile
1547356375866,submit,b5464,sprint,,mobile
1547356401413,enter,b5391,sprint,,mobile
1547356692541,respond,q7612,sprint,d,mobile
1547356697227,submit,b5391,sprint,,mobile
1547356762882,enter,b2,sprint,,mobile
1547356773799,respond,q2,sprint,a,mobile
1547356785647,submit,b2,sprint,,mobile
1547356791151,enter,b174,sprint,,mobile
1547356816734,submit,b174,sprint,,mobile
1547356821073,enter,b5557,sprint,,mobile
1547356846330,submit,b5557,sprint,,mobile
1547356872080,enter,b8255,sprint,,mobile
1547356884882,respond,q11202,sprint,b,mobile
1547356895573,submit,b8255,sprint,,mobile
1547356899642,enter,b11,sprint,,mobile
1547356914180,respond,q11,sprint,b,mobile
1547356925599,submit,b11,sprint,,mobile
1547356967543,enter,b362,sprint,,mobile
1547356982438,respond,q362,sprint,b,mobile
1547356988856,submit,b362,sprint,,mobile
1547357140023,enter,b362,adaptive_offer,,mobile
1547357153164,respond,q362,adaptive_offer,a,mobile
1547357160603,submit,b362,adaptive_offer,,mobile
