timestamp,action_type,item_id,source,user_answer,platform
1544960468712,enter,b4735,diagnosis,,mobile
1544960483069,respond,q6203,diagnosis,b,mobile
1544960490240,submit,b4735,diagnosis,,mobile
1544960490304,enter,b214,diagnosis,,mobile
1544960500369,respond,q214,diagnosis,a,mobile
1544960501970,respond,q214,diagnosis,b,mobile
1544960511154,respond,q214,diagnosis,c,mobile
1544960511781,respond,q214,diagnosis,b,mobile
1544960521594,submit,b214,diagnosis,,mobile
1544960521657,enter,b218,diagnosis,,mobile
1544960525013,submit,b218,diagnosis,,mobile
1544960547206,enter,b218,diagnosis,,mobile
1544960556350,submit,b218,diagnosis,,mobile
1544960559355,enter,b218,diagnosis,,mobile
1544960572720,respond,q218,diagnosis,b,mobile
1544960579604,submit,b218,diagnosis,,mobile
1544960579665,enter,b7378,diagnosis,,mobile
1544960594854,respond,q10027,diagnosis,c,mobile
1544960600730,submit,b7378,diagnosis,,mobile
