timestamp,action_type,item_id,source,user_answer,platform
1545203498286,enter,b2155,diagnosis,,mobile
1545203518400,respond,q3623,diagnosis,b,mobile
1545203522632,submit,b2155,diagnosis,,mobile
1545203522683,enter,b5534,diagnosis,,mobile
1545203545793,respond,q8063,diagnosis,b,mobile
1545203550248,submit,b5534,diagnosis,,mobile
1545203550287,enter,b3595,diagnosis,,mobile
1545203573229,respond,q5063,diagnosis,c,mobile
1545203578524,submit,b3595,diagnosis,,mobile
1545203578577,enter,b3852,diagnosis,,mobile
1545203609597,respond,q5320,diagnosis,d,mobile
1545203613222,submit,b3852,diagnosis,,mobile
1545203613271,enter,b3897,diagnosis,,mobile
1545203659029,respond,q5365,diagnosis,b,mobile
1545203663053,submit,b3897,diagnosis,,mobile
1545203663103,enter,b4914,diagnosis,,mobile
1545203677062,respond,q6382,diagnosis,a,mobile
1545203680811,submit,b4914,diagnosis,,mobile
