timestamp,action_type,item_id,source,user_answer,platform
1545049534368,enter,b3846,diagnosis,,mobile
1545049548727,respond,q5314,diagnosis,c,mobile
1545049552754,submit,b3846,diagnosis,,mobile
1545049552821,enter,b6960,diagnosis,,mobile
1545049567723,respond,q9609,diagnosis,b,mobile
1545049571999,submit,b6960,diagnosis,,mobile
1545049572065,enter,b2557,diagnosis,,mobile
1545049586418,respond,q4025,diagnosis,a,mobile
1545049589988,submit,b2557,diagnosis,,mobile
1545049590061,enter,b2320,diagnosis,,mobile
1545049602718,respond,q3788,diagnosis,d,mobile
1545049604890,respond,q3788,diagnosis,c,mobile
1545049609459,submit,b2320,diagnosis,,mobile
1545049609524,enter,b5774,diagnosis,,mobile
1545049632210,respond,q8423,diagnosis,c,mobile
1545049635903,submit,b5774,diagnosis,,mobile
1545049636029,enter,b4072,diagnosis,,mobile
1545049649382,respond,q5540,diagnosis,b,mobile
1545049657787,submit,b4072,diagnosis,,mobile
1545049657848,enter,b3956,diagnosis,,mobile
1545049673000,respond,q5424,diagnosis,d,mobile
1545049675824,submit,b3956,diagnosis,,mobile
1545049675889,enter,b3916,diagnosis,,mobile
1545049694956,respond,q5384,diagnosis,b,mobile
1545049702127,submit,b3916,diagnosis,,mobile
1545049702188,enter,b4707,diagnosis,,mobile
1545049722664,respond,q6175,diagnosis,d,mobile
1545049727907,submit,b4707,diagnosis,,mobile
1545049727973,enter,b2598,diagnosis,,mobile
1545049753642,respond,q4066,diagnosis,b,mobile
1545049757004,submit,b2598,diagnosis,,mobile
1545049757093,enter,b5165,diagnosis,,mobile
1545049779238,respond,q6759,diagnosis,b,mobile
1545049780533,respond,q6759,diagnosis,d,mobile
1545049785612,submit,b5165,diagnosis,,mobile
1545117542689,enter,b189,sprint,,mobile
1545117564758,respond,q189,sprint,b,mobile
1545117566781,submit,b189,sprint,,mobile
1545117588202,enter,b8120,sprint,,mobile
1545117601631,respond,q11067,sprint,a,mobile
1545117610339,submit,b8120,sprint,,mobile
1545117618911,enter,b108,sprint,,mobile
1545117641763,respond,q108,sprint,b,mobile
1545117644595,respond,q108,sprint,a,mobile
1545117645558,respond,q108,sprint,b,mobile
1545117647663,submit,b108,sprint,,mobile
1545117699310,enter,b11,sprint,,mobile
1545117722053,respond,q11,sprint,b,mobile
1545117725226,submit,b11,sprint,,mobile
1545117742832,enter,b4,sprint,,mobile
1545117772904,submit,b4,sprint,,mobile
1545117838360,enter,b194,sprint,,mobile
1545117864938,respond,q194,sprint,d,mobile
1545117867022,submit,b194,sprint,,mobile
1545117898174,enter,b8170,sprint,,mobile
1545117908146,respond,q11117,sprint,a,mobile
1545117921183,submit,b8170,sprint,,mobile
1545117926527,enter,b5562,sprint,,mobile
1545117949207,respond,q8091,sprint,b,mobile
1545117950126,respond,q8091,sprint,d,mobile
1545117952465,submit,b5562,sprint,,mobile
1545117980883,enter,b73,sprint,,mobile
1545118001716,respond,q73,sprint,b,mobile
1545118007469,submit,b73,sprint,,mobile
1545118046918,enter,b124,sprint,,mobile
1545118061280,respond,q124,sprint,b,mobile
1545118070814,submit,b124,sprint,,mobile
1545118115048,enter,b8248,sprint,,mobile
1545118135628,respond,q11195,sprint,d,mobile
1545118138383,submit,b8248,sprint,,mobile
1545118159893,enter,b62,sprint,,mobile
1545118184606,respond,q62,sprint,d,mobile
1545118187056,submit,b62,sprint,,mobile
1545118247560,enter,b5643,sprint,,mobile
1545118273574,respond,q8172,sprint,a,mobile
1545118275964,submit,b5643,sprint,,mobile
1545118345236,enter,b5577,sprint,,mobile
1545118365684,respond,q8106,sprint,a,mobile
1545118367707,submit,b5577,sprint,,mobile
1545118382906,enter,b8199,sprint,,mobile
1545118405924,respond,q11146,sprint,c,mobile
1545118408492,submit,b8199,sprint,,mobile
1545118435045,enter,b5539,sprint,,mobile
1545118440346,submit,b5539,sprint,,mobile
1545118680488,enter,b10,adaptive_offer,,mobile
1545118696765,respond,q10,adaptive_offer,c,mobile
1545118704348,submit,b10,adaptive_offer,,mobile
1545118708644,enter,b62,adaptive_offer,,mobile
1545118725701,respond,q62,adaptive_offer,c,mobile
1545118731519,submit,b62,adaptive_offer,,mobile
1545118879872,enter,b62,review_quiz,,mobile
1545118897691,respond,q62,review_quiz,c,mobile
1545118902930,submit,b62,review_quiz,,mobile
1545118906480,enter,b10,review_quiz,,mobile
1545118922920,respond,q10,review_quiz,c,mobile
1545118925977,submit,b10,review_quiz,,mobile
1545118929828,enter,b8199,review_quiz,,mobile
1545118936755,respond,q11146,review_quiz,a,mobile
1545118954437,submit,b8199,review_quiz,,mobile
1545118958499,enter,b5577,review_quiz,,mobile
1545118966877,respond,q8106,review_quiz,a,mobile
1545118978920,submit,b5577,review_quiz,,mobile
1545118981937,enter,b5643,review_quiz,,mobile
1545118996147,respond,q8172,review_quiz,a,mobile
1545119005643,submit,b5643,review_quiz,,mobile
1545119009009,enter,b8248,review_quiz,,mobile
1545119023743,submit,b8248,review_quiz,,mobile
1545119046884,enter,b8248,review_quiz,,mobile
1545119064416,respond,q11195,review_quiz,d,mobile
1545119066514,submit,b8248,review_quiz,,mobile
1545119071866,enter,b124,review_quiz,,mobile
1545119087145,respond,q124,review_quiz,b,mobile
1545119094780,submit,b124,review_quiz,,mobile
1545119097871,enter,b73,review_quiz,,mobile
1545119114754,respond,q73,review_quiz,b,mobile
1545119119381,submit,b73,review_quiz,,mobile
1545119121816,enter,b5562,review_quiz,,mobile
1545119129555,respond,q8091,review_quiz,a,mobile
1545119146793,submit,b5562,review_quiz,,mobile
1545119151838,enter,b8170,review_quiz,,mobile
1545119161299,respond,q11117,review_quiz,a,mobile
1545119163552,submit,b8170,review_quiz,,mobile
1545119166373,enter,b194,review_quiz,,mobile
1545119183485,respond,q194,review_quiz,d,mobile
1545119188354,submit,b194,review_quiz,,mobile
1545119191784,enter,b11,review_quiz,,mobile
1545119204196,respond,q11,review_quiz,b,mobile
1545119216476,submit,b11,review_quiz,,mobile
1545119646576,enter,b3075,sprint,,mobile
1545119666305,respond,q4543,sprint,a,mobile
1545119669144,submit,b3075,sprint,,mobile
1545119714672,enter,b4570,sprint,,mobile
1545119747832,respond,q6038,sprint,b,mobile
1545119750544,submit,b4570,sprint,,mobile
1545119828700,enter,b2559,sprint,,mobile
1545119854144,respond,q4027,sprint,a,mobile
1545119856972,submit,b2559,sprint,,mobile
1545119896096,enter,b2831,sprint,,mobile
1545119905561,respond,q4299,sprint,c,mobile
1545119909016,respond,q4299,sprint,d,mobile
1545119913204,submit,b2831,sprint,,mobile
1545120091374,enter,b3869,sprint,,mobile
1545120108630,respond,q5337,sprint,b,mobile
1545120111520,submit,b3869,sprint,,mobile
1545120224988,enter,b2322,sprint,,mobile
1545120241181,respond,q3790,sprint,c,mobile
1545120244380,submit,b2322,sprint,,mobile
1545120327392,enter,b3597,sprint,,mobile
1545120336210,respond,q5065,sprint,b,mobile
1545120339180,submit,b3597,sprint,,mobile
1545120394043,enter,b7036,sprint,,mobile
1545120414081,respond,q9685,sprint,a,mobile
1545120416609,submit,b7036,sprint,,mobile
1545120532602,enter,b5151,sprint,,mobile
1545120565635,respond,q6745,sprint,a,mobile
1545120568785,submit,b5151,sprint,,mobile
1545120733923,enter,b4213,sprint,,mobile
1545120747202,respond,q5681,sprint,d,mobile
1545120752743,submit,b4213,sprint,,mobile
1545120807229,enter,b3050,sprint,,mobile
1545120830955,respond,q4518,sprint,b,mobile
1545120842294,submit,b3050,sprint,,mobile
1545120957548,enter,b6762,sprint,,mobile
1545120978631,respond,q9411,sprint,a,mobile
1545120982224,submit,b6762,sprint,,mobile
1545121057911,enter,b3866,sprint,,mobile
1545121093020,respond,q5334,sprint,c,mobile
1545121096373,submit,b3866,sprint,,mobile
1545121232328,enter,b4267,sprint,,mobile
1545121283089,respond,q5735,sprint,d,mobile
1545121285907,submit,b4267,sprint,,mobile
1545121864083,enter,b3472,sprint,,mobile
1545121895834,respond,q4940,sprint,d,mobile
1545121898486,submit,b3472,sprint,,mobile
1545122599531,enter,b7021,sprint,,mobile
1545122618936,respond,q9670,sprint,a,mobile
1545122621416,submit,b7021,sprint,,mobile
1545122948630,enter,b3125,sprint,,mobile
1545122966134,respond,q4593,sprint,b,mobile
1545122967803,respond,q4593,sprint,a,mobile
1545122973668,submit,b3125,sprint,,mobile
1545122988624,enter,b3879,sprint,,mobile
1545123006373,respond,q5347,sprint,a,mobile
1545123013640,submit,b3879,sprint,,mobile
1545123113345,enter,b4720,sprint,,mobile
1545123126768,respond,q6188,sprint,c,mobile
1545123137205,submit,b4720,sprint,,mobile
1545123499799,enter,b5874,sprint,,mobile
1545123521481,respond,q8523,sprint,b,mobile
1545123523264,respond,q8523,sprint,a,mobile
1545123526151,respond,q8523,sprint,d,mobile
1545123528713,submit,b5874,sprint,,mobile
1545129539138,enter,b8221,review_quiz,,mobile
1545129547171,submit,b8221,review_quiz,,mobile
1545129595118,enter,b3293,sprint,,mobile
1545129610378,respond,q4761,sprint,b,mobile
1545129613300,submit,b3293,sprint,,mobile
1545132278921,enter,b3592,sprint,,mobile
1545132308724,respond,q5060,sprint,c,mobile
1545132311783,submit,b3592,sprint,,mobile
1545132380937,enter,b4867,sprint,,mobile
1545132397819,respond,q6335,sprint,d,mobile
1545132411173,submit,b4867,sprint,,mobile
1545132500135,enter,b7410,sprint,,mobile
1545132508916,respond,q10059,sprint,a,mobile
1545132511577,submit,b7410,sprint,,mobile
1545132612676,enter,b3937,sprint,,mobile
1545132626725,respond,q5405,sprint,a,mobile
1545132629872,submit,b3937,sprint,,mobile
1545132966871,enter,b4270,sprint,,mobile
1545133010326,respond,q5738,sprint,b,mobile
1545133013105,submit,b4270,sprint,,mobile
1545133521967,enter,b2589,sprint,,mobile
1545133541885,respond,q4057,sprint,a,mobile
1545133544301,submit,b2589,sprint,,mobile
1545133703089,enter,b6812,sprint,,mobile
1545133722420,respond,q9461,sprint,a,mobile
1545133727722,submit,b6812,sprint,,mobile
1545133764549,enter,b2229,sprint,,mobile
1545133787963,respond,q3697,sprint,d,mobile
1545133790666,submit,b2229,sprint,,mobile
1545133819469,enter,b2467,sprint,,mobile
1545133837674,respond,q3935,sprint,b,mobile
1545133840505,submit,b2467,sprint,,mobile
1545134439286,enter,b4769,sprint,,mobile
1545134485962,respond,q6237,sprint,b,mobile
1545134488265,submit,b4769,sprint,,mobile
1545134809893,enter,b7495,sprint,,mobile
1545134838241,respond,q10144,sprint,c,mobile
1545134840131,respond,q10144,sprint,a,mobile
1545134843234,submit,b7495,sprint,,mobile
1545135043482,enter,b2626,sprint,,mobile
1545135065264,respond,q4094,sprint,b,mobile
1545135068300,submit,b2626,sprint,,mobile
1545135255206,enter,b4725,sprint,,mobile
1545135314133,respond,q6193,sprint,a,mobile
1545135316696,submit,b4725,sprint,,mobile
1545135773057,enter,b4613,sprint,,mobile
1545135838395,respond,q6081,sprint,d,mobile
1545135852315,submit,b4613,sprint,,mobile
1545136268378,enter,b6088,sprint,,mobile
1545136291863,respond,q8737,sprint,b,mobile
1545136302138,submit,b6088,sprint,,mobile
1545136323290,enter,b3990,sprint,,mobile
1545136350028,respond,q5458,sprint,c,mobile
1545136360845,submit,b3990,sprint,,mobile
1545136399788,enter,b4058,sprint,,mobile
1545136411938,respond,q5526,sprint,c,mobile
1545136416757,respond,q5526,sprint,b,mobile
1545136418362,respond,q5526,sprint,a,mobile
1545136421188,submit,b4058,sprint,,mobile
1545136471740,enter,b5765,sprint,,mobile
1545136507492,respond,q8414,sprint,d,mobile
1545136510185,submit,b5765,sprint,,mobile
1545142868414,enter,b124,review_quiz,,mobile
1545142871095,submit,b124,review_quiz,,mobile
1545142879001,enter,b124,review_quiz,,mobile
1545142898200,respond,q124,review_quiz,b,mobile
1545142909538,submit,b124,review_quiz,,mobile
1545142914073,enter,b4570,review_quiz,,mobile
1545142958002,respond,q6038,review_quiz,d,mobile
1545142962455,submit,b4570,review_quiz,,mobile
1545143138004,enter,b5579,review_quiz,,mobile
1545143158166,respond,q8108,review_quiz,d,mobile
1545143160645,submit,b5579,review_quiz,,mobile
1545143164551,enter,b3050,review_quiz,,mobile
1545143179127,respond,q4518,review_quiz,b,mobile
1545143182079,submit,b3050,review_quiz,,mobile
1545143196657,enter,b3916,review_quiz,,mobile
1545143220722,respond,q5384,review_quiz,b,mobile
1545143225289,submit,b3916,review_quiz,,mobile
1545143250450,enter,b3956,review_quiz,,mobile
1545143259072,respond,q5424,review_quiz,d,mobile
1545143261598,submit,b3956,review_quiz,,mobile
1545143271691,enter,b5643,review_quiz,,mobile
1545143281534,respond,q8172,review_quiz,a,mobile
1545143284118,submit,b5643,review_quiz,,mobile
1545143288202,enter,b8248,review_quiz,,mobile
1545143306617,respond,q11195,review_quiz,d,mobile
1545143311668,submit,b8248,review_quiz,,mobile
1545143315628,enter,b8199,review_quiz,,mobile
1545143324972,respond,q11146,review_quiz,a,mobile
1545143341518,submit,b8199,review_quiz,,mobile
1545143345926,enter,b190,review_quiz,,mobile
1545143354384,respond,q190,review_quiz,a,mobile
1545143357600,submit,b190,review_quiz,,mobile
1545143361002,enter,b4707,review_quiz,,mobile
1545143371644,respond,q6175,review_quiz,d,mobile
1545143374008,submit,b4707,review_quiz,,mobile
1545143376747,enter,b3075,review_quiz,,mobile
1545143381003,respond,q4543,review_quiz,a,mobile
1545143383994,submit,b3075,review_quiz,,mobile
1545143388487,enter,b4267,review_quiz,,mobile
1545143403147,respond,q5735,review_quiz,d,mobile
1545143427935,submit,b4267,review_quiz,,mobile
1545143461318,enter,b145,review_quiz,,mobile
1545143464577,respond,q145,review_quiz,b,mobile
1545143466459,submit,b145,review_quiz,,mobile
1545143470041,enter,b4270,review_quiz,,mobile
1545143495616,respond,q5738,review_quiz,b,mobile
1545143498273,submit,b4270,review_quiz,,mobile
1545143508347,enter,b3869,review_quiz,,mobile
1545143523543,respond,q5337,review_quiz,a,mobile
1545143526215,submit,b3869,review_quiz,,mobile
1545143734153,enter,b4213,review_quiz,,mobile
1545143758895,respond,q5681,review_quiz,d,mobile
1545143761143,submit,b4213,review_quiz,,mobile
1545143784507,enter,b6960,review_quiz,,mobile
1545143799131,respond,q9609,review_quiz,a,mobile
1545143801982,submit,b6960,review_quiz,,mobile
1545143844886,enter,b3879,review_quiz,,mobile
1545143862175,respond,q5347,review_quiz,c,mobile
1545143865392,submit,b3879,review_quiz,,mobile
1545143879020,enter,b5765,review_quiz,,mobile
1545143890739,respond,q8414,review_quiz,a,mobile
1545143893707,submit,b5765,review_quiz,,mobile
1545143897987,enter,b5650,review_quiz,,mobile
1545143901288,respond,q8179,review_quiz,a,mobile
1545143903497,submit,b5650,review_quiz,,mobile
1545143907307,enter,b8170,review_quiz,,mobile
1545143909508,respond,q11117,review_quiz,a,mobile
1545143911773,submit,b8170,review_quiz,,mobile
1545143915260,enter,b2559,review_quiz,,mobile
1545143923638,respond,q4027,review_quiz,a,mobile
1545143926250,submit,b2559,review_quiz,,mobile
1545143929556,enter,b3597,review_quiz,,mobile
1545143935381,respond,q5065,review_quiz,b,mobile
1545143937573,submit,b3597,review_quiz,,mobile
1545143944586,enter,b2557,review_quiz,,mobile
1545143956798,respond,q4025,review_quiz,d,mobile
1545143958981,submit,b2557,review_quiz,,mobile
1545143962579,enter,b4058,review_quiz,,mobile
1545143992562,respond,q5526,review_quiz,a,mobile
1545143995917,submit,b4058,review_quiz,,mobile
1545144354656,enter,b2467,review_quiz,,mobile
1545144379471,respond,q3935,review_quiz,a,mobile
1545144382067,respond,q3935,review_quiz,b,mobile
1545144382851,respond,q3935,review_quiz,a,mobile
1545144415568,respond,q3935,review_quiz,b,mobile
1545144418286,submit,b2467,review_quiz,,mobile
1545263634702,enter,b7313,sprint,,mobile
1545263647981,respond,q9962,sprint,a,mobile
1545263653066,submit,b7313,sprint,,mobile
1545263848311,enter,b2731,sprint,,mobile
1545263873418,respond,q4199,sprint,b,mobile
1545263876188,submit,b2731,sprint,,mobile
1545263940049,enter,b2378,sprint,,mobile
1545263957943,respond,q3846,sprint,c,mobile
1545263960777,submit,b2378,sprint,,mobile
1545275095079,enter,b2378,adaptive_offer,,mobile
1545275104579,respond,q3846,adaptive_offer,d,mobile
1545275112926,submit,b2378,adaptive_offer,,mobile
1545275150649,enter,b2322,adaptive_offer,,mobile
1545275159323,respond,q3790,adaptive_offer,c,mobile
1545275162076,respond,q3790,adaptive_offer,a,mobile
1545275164218,submit,b2322,adaptive_offer,,mobile
1545275474579,enter,b2787,sprint,,mobile
1545275499156,respond,q4255,sprint,b,mobile
1545275514312,submit,b2787,sprint,,mobile
1545275978180,enter,b7466,sprint,,mobile
1545276002139,respond,q10115,sprint,d,mobile
1545276004664,submit,b7466,sprint,,mobile
1545632998916,enter,b2856,sprint,,mobile
1545633030314,respond,q4324,sprint,a,mobile
1545633033273,submit,b2856,sprint,,mobile
1545633192356,enter,b2590,sprint,,mobile
1545633213420,respond,q4058,sprint,d,mobile
1545633223209,respond,q4058,sprint,c,mobile
1545633229157,submit,b2590,sprint,,mobile
1545633361924,enter,b4927,sprint,,mobile
1545633390697,respond,q6395,sprint,d,mobile
1545633393617,submit,b4927,sprint,,mobile
1545831844643,enter,b6805,sprint,,mobile
1545831865693,respond,q9454,sprint,b,mobile
1545831869065,submit,b6805,sprint,,mobile
1545832005967,enter,b3042,sprint,,mobile
1545832041637,respond,q4510,sprint,b,mobile
1545832045581,respond,q4510,sprint,a,mobile
1545832050729,submit,b3042,sprint,,mobile
1545832213580,enter,b4757,sprint,,mobile
1545832235485,respond,q6225,sprint,b,mobile
1545832241261,respond,q6225,sprint,c,mobile
1545832243648,respond,q6225,sprint,b,mobile
1545832244381,respond,q6225,sprint,c,mobile
1545832250276,submit,b4757,sprint,,mobile
1545832615409,enter,b3039,sprint,,mobile
1545832636011,respond,q4507,sprint,c,mobile
1545832638306,submit,b3039,sprint,,mobile
1545832693739,enter,b7116,sprint,,mobile
1545832719143,respond,q9765,sprint,a,mobile
1545832721846,submit,b7116,sprint,,mobile
1545833267553,enter,b2569,sprint,,mobile
1545833291560,respond,q4037,sprint,b,mobile
1545833306764,submit,b2569,sprint,,mobile
1545833814240,enter,b4118,sprint,,mobile
1545833834819,respond,q5586,sprint,a,mobile
1545833838811,respond,q5586,sprint,d,mobile
1545833841407,submit,b4118,sprint,,mobile
1545834086712,enter,b4629,sprint,,mobile
1545834104373,respond,q6097,sprint,d,mobile
1545834106351,submit,b4629,sprint,,mobile
1545834207459,enter,b6444,sprint,,mobile
1545834227003,respond,q9093,sprint,c,mobile
1545834231760,submit,b6444,sprint,,mobile
1545834440027,enter,b2698,sprint,,mobile
1545834460062,respond,q4166,sprint,c,mobile
1545834464452,respond,q4166,sprint,d,mobile
1545834467684,submit,b2698,sprint,,mobile
1545835366828,enter,b4589,sprint,,mobile
1545835391099,respond,q6057,sprint,b,mobile
1545835394447,submit,b4589,sprint,,mobile
1545893742038,enter,b4589,review_quiz,,mobile
1545893749995,respond,q6057,review_quiz,b,mobile
1545893752451,respond,q6057,review_quiz,c,mobile
1545893754893,submit,b4589,review_quiz,,mobile
1545893762967,enter,b2698,review_quiz,,mobile
1545893790067,respond,q4166,review_quiz,b,mobile
1545893794625,submit,b2698,review_quiz,,mobile
1545893803765,enter,b6444,review_quiz,,mobile
1545893821084,respond,q9093,review_quiz,b,mobile
1545893824097,submit,b6444,review_quiz,,mobile
1545893830662,enter,b4629,review_quiz,,mobile
1545893841061,respond,q6097,review_quiz,a,mobile
1545893843513,submit,b4629,review_quiz,,mobile
1545893848821,enter,b4118,review_quiz,,mobile
1545893864446,respond,q5586,review_quiz,a,mobile
1545893868833,submit,b4118,review_quiz,,mobile
1545893872797,enter,b2569,review_quiz,,mobile
1545893883505,respond,q4037,review_quiz,b,mobile
1545893886991,submit,b2569,review_quiz,,mobile
1545893889924,enter,b7116,review_quiz,,mobile
1545893908145,respond,q9765,review_quiz,c,mobile
1545893910975,submit,b7116,review_quiz,,mobile
1545893914753,enter,b3039,review_quiz,,mobile
1545893928307,respond,q4507,review_quiz,c,mobile
1545893930943,submit,b3039,review_quiz,,mobile
1545893935455,enter,b4757,review_quiz,,mobile
1545893948219,respond,q6225,review_quiz,c,mobile
1545893950548,submit,b4757,review_quiz,,mobile
1545893954317,enter,b3042,review_quiz,,mobile
1545893969597,respond,q4510,review_quiz,a,mobile
1545893971830,submit,b3042,review_quiz,,mobile
1545893975173,enter,b6805,review_quiz,,mobile
1545893982494,respond,q9454,review_quiz,b,mobile
1545893991271,submit,b6805,review_quiz,,mobile
1545894036794,enter,b4629,adaptive_offer,,mobile
1545894044462,respond,q6097,adaptive_offer,a,mobile
1545894046828,submit,b4629,adaptive_offer,,mobile
1545894052405,enter,b4589,adaptive_offer,,mobile
1545894054717,respond,q6057,adaptive_offer,c,mobile
1545894056834,submit,b4589,adaptive_offer,,mobile
1545894069280,enter,b3751,sprint,,mobile
1545894099436,respond,q5219,sprint,a,mobile
1545894109317,submit,b3751,sprint,,mobile
1545894344538,enter,b6903,sprint,,mobile
1545894390031,respond,q9552,sprint,d,mobile
1545894393816,submit,b6903,sprint,,mobile
1545894530714,enter,b4659,sprint,,mobile
1545894555629,respond,q6127,sprint,a,mobile
1545894558399,submit,b4659,sprint,,mobile
1545897883842,enter,b4718,sprint,,mobile
1545897937739,respond,q6186,sprint,d,mobile
1545897940157,submit,b4718,sprint,,mobile
1545897986422,enter,b4870,sprint,,mobile
1545898007069,respond,q6338,sprint,d,mobile
1545898010043,submit,b4870,sprint,,mobile
1545898073346,enter,b6064,sprint,,mobile
1545898082050,respond,q8713,sprint,a,mobile
1545898084021,submit,b6064,sprint,,mobile
1545900359556,enter,b5205,sprint,,mobile
1545900517585,respond,q6916,sprint,d,mobile
1545900520702,submit,b5205,sprint,,mobile
1546402316719,enter,b2780,sprint,,mobile
1546402352644,respond,q4248,sprint,d,mobile
1546402355429,submit,b2780,sprint,,mobile
1546402384224,enter,b3774,sprint,,mobile
1546402395956,respond,q5242,sprint,c,mobile
1546402399462,submit,b3774,sprint,,mobile
1546402432345,enter,b3811,sprint,,mobile
1546402459446,respond,q5279,sprint,c,mobile
1546402462680,submit,b3811,sprint,,mobile
1546402567431,enter,b7350,sprint,,mobile
1546402580345,respond,q9999,sprint,a,mobile
1546402582862,submit,b7350,sprint,,mobile
1546402610211,enter,b3070,sprint,,mobile
1546402639710,respond,q4538,sprint,b,mobile
1546402642422,submit,b3070,sprint,,mobile
1546402657012,enter,b3799,sprint,,mobile
1546402664132,respond,q5267,sprint,b,mobile
1546402671799,respond,q5267,sprint,c,mobile
1546402674255,submit,b3799,sprint,,mobile
1546402700209,enter,b3635,sprint,,mobile
1546402712322,respond,q5103,sprint,b,mobile
1546402715438,submit,b3635,sprint,,mobile
1546402800364,enter,b6689,sprint,,mobile
1546402808887,respond,q9338,sprint,b,mobile
1546402813072,submit,b6689,sprint,,mobile
1546402870617,enter,b2871,sprint,,mobile
1546402878558,respond,q4339,sprint,b,mobile
1546402880922,submit,b2871,sprint,,mobile
1546402920180,enter,b2743,sprint,,mobile
1546402924375,respond,q4211,sprint,a,mobile
1546402927299,submit,b2743,sprint,,mobile
1546402996680,enter,b5073,sprint,,mobile
1546403010937,respond,q6541,sprint,b,mobile
1546403017992,submit,b5073,sprint,,mobile
1546404921237,enter,b6300,sprint,,mobile
1546404926139,respond,q8949,sprint,b,mobile
1546404938151,respond,q8949,sprint,c,mobile
1546404943940,submit,b6300,sprint,,mobile
1546405031594,enter,b3363,sprint,,mobile
1546405055660,respond,q4831,sprint,c,mobile
1546405058123,submit,b3363,sprint,,mobile
1546405123668,enter,b4605,sprint,,mobile
1546405129239,respond,q6073,sprint,b,mobile
1546405148209,submit,b4605,sprint,,mobile
1546405201269,enter,b3059,sprint,,mobile
1546405216600,respond,q4527,sprint,b,mobile
1546405223692,submit,b3059,sprint,,mobile
1546405441588,enter,b1218,sprint,,mobile
1546405443850,submit,b1218,sprint,,mobile
1546405458024,enter,b1218,sprint,,mobile
1546405465528,submit,b1218,sprint,,mobile
1546405479977,enter,b1218,sprint,,mobile
1546405490357,respond,q1218,sprint,a,mobile
1546405493413,respond,q1218,sprint,b,mobile
1546405495433,submit,b1218,sprint,,mobile
1546405516480,enter,b763,sprint,,mobile
1546405528947,respond,q763,sprint,b,mobile
1546405535135,respond,q763,sprint,c,mobile
1546405537354,submit,b763,sprint,,mobile
1546405557951,enter,b739,sprint,,mobile
1546405571994,respond,q739,sprint,c,mobile
1546405577945,submit,b739,sprint,,mobile
1546405616887,enter,b8315,sprint,,mobile
1546405626859,respond,q11262,sprint,a,mobile
1546405634510,submit,b8315,sprint,,mobile
1546405667303,enter,b1240,sprint,,mobile
1546405679583,respond,q1240,sprint,b,mobile
1546405686516,submit,b1240,sprint,,mobile
1546405690659,enter,b1368,sprint,,mobile
1546405707445,respond,q1368,sprint,c,mobile
1546405709787,submit,b1368,sprint,,mobile
1546406526785,enter,b1368,adaptive_offer,,mobile
1546406540722,respond,q1368,adaptive_offer,b,mobile
1546406546909,submit,b1368,adaptive_offer,,mobile
1546406584178,enter,b739,adaptive_offer,,mobile
1546406594907,respond,q739,adaptive_offer,a,mobile
1546406601586,submit,b739,adaptive_offer,,mobile
1546406625962,enter,b554,sprint,,mobile
1546406645343,respond,q554,sprint,c,mobile
1546406647901,submit,b554,sprint,,mobile
1546406693482,enter,b8302,sprint,,mobile
1546406714126,respond,q11249,sprint,b,mobile
1546406716568,submit,b8302,sprint,,mobile
1546406824598,enter,b1250,sprint,,mobile
1546406849804,submit,b1250,sprint,,mobile
1546406883830,enter,b1250,sprint,,mobile
1546406892364,respond,q1250,sprint,a,mobile
1546406901645,submit,b1250,sprint,,mobile
1546406952728,enter,b1250,review_quiz,,mobile
1546406964078,respond,q1250,review_quiz,b,mobile
1546406970948,submit,b1250,review_quiz,,mobile
1546406980078,enter,b666,review_quiz,,mobile
1546406988544,respond,q666,review_quiz,a,mobile
1546406999898,submit,b666,review_quiz,,mobile
1546407003063,enter,b8302,review_quiz,,mobile
1546407020315,respond,q11249,review_quiz,b,mobile
1546407022572,submit,b8302,review_quiz,,mobile
1546407025877,enter,b554,review_quiz,,mobile
1546407039811,respond,q554,review_quiz,c,mobile
1546407044640,submit,b554,review_quiz,,mobile
1546407048376,enter,b739,review_quiz,,mobile
1546407058184,respond,q739,review_quiz,a,mobile
1546407060632,submit,b739,review_quiz,,mobile
1546407064064,enter,b1368,review_quiz,,mobile
1546407075401,respond,q1368,review_quiz,b,mobile
1546407084871,submit,b1368,review_quiz,,mobile
1546407087845,enter,b1240,review_quiz,,mobile
1546407100845,respond,q1240,review_quiz,b,mobile
1546407103147,submit,b1240,review_quiz,,mobile
1546407112171,enter,b8315,review_quiz,,mobile
1546407121293,respond,q11262,review_quiz,a,mobile
1546407123422,submit,b8315,review_quiz,,mobile
1546407126484,enter,b763,review_quiz,,mobile
1546407144798,respond,q763,review_quiz,c,mobile
1546407147826,submit,b763,review_quiz,,mobile
1546407167692,enter,b1218,review_quiz,,mobile
1546407181757,respond,q1218,review_quiz,a,mobile
1546407186250,submit,b1218,review_quiz,,mobile
1546407196872,enter,b3059,review_quiz,,mobile
1546407206998,respond,q4527,review_quiz,b,mobile
1546407209347,submit,b3059,review_quiz,,mobile
1546407217023,enter,b4605,review_quiz,,mobile
1546407223417,respond,q6073,review_quiz,b,mobile
1546407225536,submit,b4605,review_quiz,,mobile
1546407232601,enter,b3363,review_quiz,,mobile
1546407238901,respond,q4831,review_quiz,b,mobile
1546407241936,submit,b3363,review_quiz,,mobile
1546407252610,enter,b6300,review_quiz,,mobile
1546407256857,respond,q8949,review_quiz,c,mobile
1546407270067,submit,b6300,review_quiz,,mobile
1546407284447,enter,b5073,review_quiz,,mobile
1546407292786,respond,q6541,review_quiz,b,mobile
1546407299628,submit,b5073,review_quiz,,mobile
1546407320881,enter,b2743,review_quiz,,mobile
1546407323856,respond,q4211,review_quiz,c,mobile
1546407327342,submit,b2743,review_quiz,,mobile
1546407367827,enter,b2871,review_quiz,,mobile
1546407374350,respond,q4339,review_quiz,b,mobile
1546407376797,submit,b2871,review_quiz,,mobile
1546407390306,enter,b6689,review_quiz,,mobile
1546407397801,respond,q9338,review_quiz,d,mobile
1546407401737,submit,b6689,review_quiz,,mobile
1546407405839,enter,b3635,review_quiz,,mobile
1546407411081,respond,q5103,review_quiz,b,mobile
1546407416221,submit,b3635,review_quiz,,mobile
1546407433521,enter,b3799,review_quiz,,mobile
1546407439177,respond,q5267,review_quiz,c,mobile
1546407441059,submit,b3799,review_quiz,,mobile
1546407446555,enter,b3070,review_quiz,,mobile
1546407452372,respond,q4538,review_quiz,b,mobile
1546407459850,submit,b3070,review_quiz,,mobile
1546408578151,enter,b7350,review_quiz,,mobile
1546408584083,respond,q9999,review_quiz,b,mobile
1546408588594,submit,b7350,review_quiz,,mobile
1546408602760,enter,b3811,review_quiz,,mobile
1546408606967,respond,q5279,review_quiz,c,mobile
1546408609450,submit,b3811,review_quiz,,mobile
1546408627941,enter,b3774,review_quiz,,mobile
1546408631474,respond,q5242,review_quiz,a,mobile
1546408635974,submit,b3774,review_quiz,,mobile
1546408639693,enter,b2780,review_quiz,,mobile
1546408646855,respond,q4248,review_quiz,a,mobile
1546408650009,submit,b2780,review_quiz,,mobile
1546408653647,enter,b5205,review_quiz,,mobile
1546408724776,respond,q6916,review_quiz,d,mobile
1546408735499,submit,b5205,review_quiz,,mobile
1546409199331,enter,b916,sprint,,mobile
1546409218447,respond,q916,sprint,c,mobile
1546409221550,submit,b916,sprint,,mobile
1546409273144,enter,b8316,sprint,,mobile
1546409287504,respond,q11263,sprint,c,mobile
1546409291943,respond,q11263,sprint,b,mobile
1546409294818,submit,b8316,sprint,,mobile
1546409333694,enter,b1030,sprint,,mobile
1546409351434,respond,q1030,sprint,c,mobile
1546409354669,submit,b1030,sprint,,mobile
1546409398376,enter,b854,sprint,,mobile
1546409408062,respond,q854,sprint,a,mobile
1546409417140,submit,b854,sprint,,mobile
1546410466541,enter,b739,adaptive_offer,,mobile
1546410483382,respond,q739,adaptive_offer,c,mobile
1546410484736,respond,q739,adaptive_offer,a,mobile
1546410491401,respond,q739,adaptive_offer,c,mobile
1546410493627,submit,b739,adaptive_offer,,mobile
1546410526235,enter,b854,adaptive_offer,,mobile
1546410541358,respond,q854,adaptive_offer,b,mobile
1546410543605,submit,b854,adaptive_offer,,mobile
1546410568143,enter,b997,adaptive_offer,,mobile
1546410569622,submit,b997,adaptive_offer,,mobile
1546410578983,enter,b997,sprint,,mobile
1546410597280,respond,q997,sprint,b,mobile
1546410599745,submit,b997,sprint,,mobile
1546410643809,enter,b295,sprint,,mobile
1546410658837,respond,q295,sprint,c,mobile
1546410661199,submit,b295,sprint,,mobile
1546410686933,enter,b825,sprint,,mobile
1546410706322,respond,q825,sprint,a,mobile
1546410708708,submit,b825,sprint,,mobile
1546410725317,enter,b973,sprint,,mobile
1546410742600,respond,q973,sprint,c,mobile
1546410744968,submit,b973,sprint,,mobile
1546410788593,enter,b1153,sprint,,mobile
1546410798809,respond,q1153,sprint,a,mobile
1546410801376,submit,b1153,sprint,,mobile
1546410811501,enter,b8314,sprint,,mobile
1546410831096,respond,q11261,sprint,c,mobile
1546410834596,submit,b8314,sprint,,mobile
1546411014051,enter,b921,sprint,,mobile
1546411029226,respond,q921,sprint,b,mobile
1546411032596,submit,b921,sprint,,mobile
1546411052690,enter,b280,sprint,,mobile
1546411069398,respond,q280,sprint,a,mobile
1546411072029,submit,b280,sprint,,mobile
1546411316350,enter,b6839,sprint,,mobile
1546411338043,respond,q9488,sprint,c,mobile
1546411340443,respond,q9488,sprint,d,mobile
1546411342692,submit,b6839,sprint,,mobile
1546411454904,enter,b6017,sprint,,mobile
1546411484836,respond,q8666,sprint,a,mobile
1546411487621,respond,q8666,sprint,b,mobile
1546411491856,submit,b6017,sprint,,mobile
1546411585594,enter,b2804,sprint,,mobile
1546411601575,respond,q4272,sprint,c,mobile
1546411605393,submit,b2804,sprint,,mobile
1546411697521,enter,b2850,sprint,,mobile
1546411714661,respond,q4318,sprint,a,mobile
1546411716395,respond,q4318,sprint,b,mobile
1546411720863,submit,b2850,sprint,,mobile
1546412560231,enter,b7498,sprint,,mobile
1546412579527,respond,q10147,sprint,d,mobile
1546412581545,respond,q10147,sprint,b,mobile
1546412585215,submit,b7498,sprint,,mobile
1546412811757,enter,b3813,sprint,,mobile
1546412818606,respond,q5281,sprint,b,mobile
1546412822725,submit,b3813,sprint,,mobile
1546412832106,enter,b5141,sprint,,mobile
1546412854670,respond,q6735,sprint,c,mobile
1546412857571,submit,b5141,sprint,,mobile
1546412890689,enter,b3418,sprint,,mobile
1546412905686,respond,q4886,sprint,a,mobile
1546412927597,respond,q4886,sprint,c,mobile
1546412930348,submit,b3418,sprint,,mobile
1546413588939,enter,b3418,adaptive_offer,,mobile
1546413604284,respond,q4886,adaptive_offer,d,mobile
1546413606648,submit,b3418,adaptive_offer,,mobile
1546413617115,enter,b2850,adaptive_offer,,mobile
1546413620685,respond,q4318,adaptive_offer,d,mobile
1546413645621,submit,b2850,adaptive_offer,,mobile
1546413667874,enter,b6195,sprint,,mobile
1546413700478,respond,q8844,sprint,c,mobile
1546413707057,submit,b6195,sprint,,mobile
1546413759441,enter,b5040,sprint,,mobile
1546413781475,respond,q6508,sprint,d,mobile
1546413784207,submit,b5040,sprint,,mobile
1546416070859,enter,b5123,sprint,,mobile
1546416184671,respond,q6708,sprint,c,mobile
1546416195793,submit,b5123,sprint,,mobile
1546416936077,enter,b5213,sprint,,mobile
1546417049010,respond,q6945,sprint,c,mobile
1546417062620,respond,q6945,sprint,d,mobile
1546417066450,submit,b5213,sprint,,mobile
1546417400952,enter,b8473,sprint,,mobile
1546417448039,respond,q11562,sprint,b,mobile
1546417452613,submit,b8473,sprint,,mobile
1546417587952,enter,b5211,sprint,,mobile
1546417707242,respond,q6938,sprint,c,mobile
1546417712256,submit,b5211,sprint,,mobile
1546417864318,enter,b5175,sprint,,mobile
1546417949822,respond,q6796,sprint,c,mobile
1546417951977,respond,q6795,sprint,a,mobile
1546417952783,respond,q6794,sprint,c,mobile
1546417956005,respond,q6794,sprint,a,mobile
1546417957709,respond,q6794,sprint,c,mobile
1546417958394,respond,q6794,sprint,d,mobile
1546417962179,submit,b5175,sprint,,mobile
1546426057616,enter,b5213,adaptive_offer,,mobile
1546426131980,respond,q6948,adaptive_offer,b,mobile
1546426137937,submit,b5213,adaptive_offer,,mobile
1546426599642,enter,b5123,adaptive_offer,,mobile
1546426667026,respond,q6708,adaptive_offer,c,mobile
1546426670751,submit,b5123,adaptive_offer,,mobile
1546426698848,enter,b5184,sprint,,mobile
1546426833947,respond,q6832,sprint,d,mobile
1546426845492,respond,q6832,sprint,a,mobile
1546426853409,respond,q6832,sprint,d,mobile
1546426858998,submit,b5184,sprint,,mobile
1546426950456,enter,b8468,sprint,,mobile
1546427037298,respond,q11542,sprint,b,mobile
1546427045704,respond,q11540,sprint,a,mobile
1546427061384,submit,b8468,sprint,,mobile
1546427155681,enter,b5217,sprint,,mobile
1546427257739,respond,q6964,sprint,b,mobile
1546427262176,submit,b5217,sprint,,mobile
1546427383944,enter,b5181,sprint,,mobile
1546427570586,respond,q6819,sprint,a,mobile
1546427581100,submit,b5181,sprint,,mobile
1546436891468,enter,b5213,adaptive_offer,,mobile
1546436912940,respond,q6948,adaptive_offer,b,mobile
1546436916243,submit,b5213,adaptive_offer,,mobile
1546495147041,enter,b774,sprint,,mobile
1546495166608,respond,q774,sprint,b,mobile
1546495169630,submit,b774,sprint,,mobile
1546495219257,enter,b539,sprint,,mobile
1546495236122,respond,q539,sprint,a,mobile
1546495237141,respond,q539,sprint,c,mobile
1546495239642,submit,b539,sprint,,mobile
1546495460978,enter,b539,adaptive_offer,,mobile
1546495475831,respond,q539,adaptive_offer,a,mobile
1546495481428,submit,b539,adaptive_offer,,mobile
1546495495279,enter,b1030,adaptive_offer,,mobile
1546495512459,respond,q1030,adaptive_offer,c,mobile
1546495514192,respond,q1030,adaptive_offer,b,mobile
1546495517373,submit,b1030,adaptive_offer,,mobile
1546495535676,enter,b285,adaptive_offer,,mobile
1546495537290,submit,b285,adaptive_offer,,mobile
1546495540943,enter,b285,sprint,,mobile
1546495551900,respond,q285,sprint,a,mobile
1546495561437,submit,b285,sprint,,mobile
1546495583819,enter,b404,sprint,,mobile
1546495601037,respond,q404,sprint,a,mobile
1546495603735,submit,b404,sprint,,mobile
1546496100862,enter,b666,adaptive_offer,,mobile
1546496111632,respond,q666,adaptive_offer,a,mobile
1546496115716,submit,b666,adaptive_offer,,mobile
1546496142942,enter,b404,adaptive_offer,,mobile
1546496155642,respond,q404,adaptive_offer,b,mobile
1546496161008,submit,b404,adaptive_offer,,mobile
1546496173293,enter,b1195,adaptive_offer,,mobile
1546496174814,submit,b1195,adaptive_offer,,mobile
1546496180999,enter,b1195,sprint,,mobile
1546496183761,submit,b1195,sprint,,mobile
1546496189771,enter,b774,adaptive_offer,,mobile
1546496200248,respond,q774,adaptive_offer,a,mobile
1546496208073,submit,b774,adaptive_offer,,mobile
1546496227814,enter,b280,adaptive_offer,,mobile
1546496241544,respond,q280,adaptive_offer,b,mobile
1546496247626,submit,b280,adaptive_offer,,mobile
1546496270261,enter,b1195,sprint,,mobile
1546496282788,respond,q1195,sprint,a,mobile
1546496287767,submit,b1195,sprint,,mobile
1546496320588,enter,b1224,sprint,,mobile
1546496336581,respond,q1224,sprint,c,mobile
1546496338898,submit,b1224,sprint,,mobile
1546496365741,enter,b397,sprint,,mobile
1546496382431,respond,q397,sprint,c,mobile
1546496387235,submit,b397,sprint,,mobile
1546496413929,enter,b732,sprint,,mobile
1546496433002,respond,q732,sprint,b,mobile
1546496438719,submit,b732,sprint,,mobile
1546496504131,enter,b652,sprint,,mobile
1546496522548,respond,q652,sprint,c,mobile
1546496524873,submit,b652,sprint,,mobile
1546496546506,enter,b740,sprint,,mobile
1546496565197,respond,q740,sprint,a,mobile
1546496567863,submit,b740,sprint,,mobile
1546496587546,enter,b796,sprint,,mobile
1546496603601,respond,q796,sprint,a,mobile
1546496605972,submit,b796,sprint,,mobile
1546496619109,enter,b406,sprint,,mobile
1546496637942,respond,q406,sprint,a,mobile
1546496640129,submit,b406,sprint,,mobile
1546496664272,enter,b422,sprint,,mobile
1546496680712,respond,q422,sprint,a,mobile
1546496683510,submit,b422,sprint,,mobile
1546496710218,enter,b1075,sprint,,mobile
1546496727810,respond,q1075,sprint,b,mobile
1546496732739,submit,b1075,sprint,,mobile
1546497075195,enter,b1368,adaptive_offer,,mobile
1546497089179,respond,q1368,adaptive_offer,b,mobile
1546497094471,submit,b1368,adaptive_offer,,mobile
1546497098463,enter,b422,adaptive_offer,,mobile
1546497110958,respond,q422,adaptive_offer,b,mobile
1546497116653,submit,b422,adaptive_offer,,mobile
1546497138267,enter,b422,review_quiz,,mobile
1546497150187,respond,q422,review_quiz,b,mobile
1546497156580,submit,b422,review_quiz,,mobile
1546497159476,enter,b1368,review_quiz,,mobile
1546497170571,respond,q1368,review_quiz,b,mobile
1546497180604,submit,b1368,review_quiz,,mobile
1546497184191,enter,b1075,review_quiz,,mobile
1546497193346,respond,q1075,review_quiz,a,mobile
1546497202344,submit,b1075,review_quiz,,mobile
1546497208524,enter,b406,review_quiz,,mobile
1546497218031,respond,q406,review_quiz,a,mobile
1546497228836,submit,b406,review_quiz,,mobile
1546497234594,enter,b796,review_quiz,,mobile
1546497243482,respond,q796,review_quiz,a,mobile
1546497251134,submit,b796,review_quiz,,mobile
1546497254383,enter,b740,review_quiz,,mobile
1546497274362,respond,q740,review_quiz,b,mobile
1546497277528,submit,b740,review_quiz,,mobile
1546497285940,enter,b652,review_quiz,,mobile
1546497300826,respond,q652,review_quiz,c,mobile
1546497306857,submit,b652,review_quiz,,mobile
1546497309521,enter,b732,review_quiz,,mobile
1546497326634,respond,q732,review_quiz,c,mobile
1546497330794,submit,b732,review_quiz,,mobile
1546497334115,enter,b397,review_quiz,,mobile
1546497346587,respond,q397,review_quiz,b,mobile
1546497349603,submit,b397,review_quiz,,mobile
1546497352944,enter,b1224,review_quiz,,mobile
1546497367786,respond,q1224,review_quiz,c,mobile
1546497370993,submit,b1224,review_quiz,,mobile
1546497375649,enter,b1195,review_quiz,,mobile
1546497388996,respond,q1195,review_quiz,c,mobile
1546497392505,submit,b1195,review_quiz,,mobile
1546497395996,enter,b280,review_quiz,,mobile
1546497414611,respond,q280,review_quiz,b,mobile
1546497416889,submit,b280,review_quiz,,mobile
1546497420369,enter,b774,review_quiz,,mobile
1546497430727,respond,q774,review_quiz,a,mobile
1546497438364,submit,b774,review_quiz,,mobile
1546497441058,enter,b404,review_quiz,,mobile
1546497453946,respond,q404,review_quiz,b,mobile
1546497458395,submit,b404,review_quiz,,mobile
1546497461362,enter,b666,review_quiz,,mobile
1546497472175,respond,q666,review_quiz,a,mobile
1546497479508,submit,b666,review_quiz,,mobile
1546497482647,enter,b285,review_quiz,,mobile
1546497494244,respond,q285,review_quiz,a,mobile
1546497503094,submit,b285,review_quiz,,mobile
1546497505614,enter,b1030,review_quiz,,mobile
1546497515825,respond,q1030,review_quiz,a,mobile
1546497524992,submit,b1030,review_quiz,,mobile
1546497527278,enter,b539,review_quiz,,mobile
1546497538314,respond,q539,review_quiz,a,mobile
1546497541244,submit,b539,review_quiz,,mobile
1546497990971,enter,b422,adaptive_offer,,mobile
1546498000595,respond,q422,adaptive_offer,b,mobile
1546498009285,submit,b422,adaptive_offer,,mobile
1546498013113,enter,b1368,adaptive_offer,,mobile
1546498019152,respond,q1368,adaptive_offer,b,mobile
1546498021390,submit,b1368,adaptive_offer,,mobile
1546498025315,enter,b447,sprint,,mobile
1546498043288,respond,q447,sprint,c,mobile
1546498046365,submit,b447,sprint,,mobile
1546498072634,enter,b1115,sprint,,mobile
1546498089566,respond,q1115,sprint,b,mobile
1546498091966,submit,b1115,sprint,,mobile
1546498577598,enter,b397,adaptive_offer,,mobile
1546498588495,respond,q397,adaptive_offer,b,mobile
1546498596260,submit,b397,adaptive_offer,,mobile
1546498599363,enter,b1115,adaptive_offer,,mobile
1546498615932,respond,q1115,adaptive_offer,c,mobile
1546498620457,submit,b1115,adaptive_offer,,mobile
1546498630146,enter,b1292,adaptive_offer,,mobile
1546498631817,submit,b1292,adaptive_offer,,mobile
1546498694923,enter,b1292,sprint,,mobile
1546498712937,respond,q1292,sprint,b,mobile
1546498714222,respond,q1292,sprint,c,mobile
1546498717252,submit,b1292,sprint,,mobile
1546498729076,enter,b1266,sprint,,mobile
1546498744090,respond,q1266,sprint,b,mobile
1546498747326,submit,b1266,sprint,,mobile
1546498797361,enter,b1050,sprint,,mobile
1546498812674,respond,q1050,sprint,b,mobile
1546498815256,submit,b1050,sprint,,mobile
1546498832497,enter,b1297,sprint,,mobile
1546498847404,respond,q1297,sprint,b,mobile
1546498852022,submit,b1297,sprint,,mobile
1546498888019,enter,b1193,sprint,,mobile
1546498904785,respond,q1193,sprint,c,mobile
1546498906623,respond,q1193,sprint,a,mobile
1546498909219,submit,b1193,sprint,,mobile
1546498940127,enter,b749,sprint,,mobile
1546498957559,respond,q749,sprint,a,mobile
1546498959026,respond,q749,sprint,c,mobile
1546498961461,submit,b749,sprint,,mobile
1546498974014,enter,b759,sprint,,mobile
1546498984128,respond,q759,sprint,a,mobile
1546498991340,respond,q759,sprint,c,mobile
1546498992432,respond,q759,sprint,a,mobile
1546498994767,submit,b759,sprint,,mobile
1546499016201,enter,b1370,sprint,,mobile
1546499032101,respond,q1370,sprint,c,mobile
1546499034471,submit,b1370,sprint,,mobile
1546499055165,enter,b1000,sprint,,mobile
1546499069201,respond,q1000,sprint,c,mobile
1546499072133,submit,b1000,sprint,,mobile
1546499093938,enter,b1246,sprint,,mobile
1546499110145,respond,q1246,sprint,b,mobile
1546499112989,submit,b1246,sprint,,mobile
1546508702349,enter,b5089,sprint,,mobile
1546508838510,respond,q6572,sprint,b,mobile
1546508847194,submit,b5089,sprint,,mobile
1546509106747,enter,b8477,sprint,,mobile
1546509231148,respond,q11575,sprint,c,mobile
1546509236023,submit,b8477,sprint,,mobile
1546511288033,enter,b5211,adaptive_offer,,mobile
1546511340054,respond,q6938,adaptive_offer,c,mobile
1546511352933,submit,b5211,adaptive_offer,,mobile
1546511409172,enter,b5220,sprint,,mobile
1546511529613,respond,q6976,sprint,a,mobile
1546511543739,respond,q6976,sprint,b,mobile
1546511553349,submit,b5220,sprint,,mobile
1546521394675,enter,b3609,sprint,,mobile
1546521402996,respond,q5077,sprint,a,mobile
1546521405513,submit,b3609,sprint,,mobile
1546521436921,enter,b4717,sprint,,mobile
1546521448667,respond,q6185,sprint,b,mobile
1546521458504,submit,b4717,sprint,,mobile
1546521866239,enter,b2172,sprint,,mobile
1546521874858,respond,q3640,sprint,a,mobile
1546521877622,submit,b2172,sprint,,mobile
1546522031954,enter,b2358,sprint,,mobile
1546522046475,respond,q3826,sprint,d,mobile
1546522086026,respond,q3826,sprint,b,mobile
1546522102237,submit,b2358,sprint,,mobile
1546522185240,enter,b3860,sprint,,mobile
1546522210469,respond,q5328,sprint,b,mobile
1546522214920,submit,b3860,sprint,,mobile
1546522996103,enter,b4717,adaptive_offer,,mobile
1546523002392,respond,q6185,adaptive_offer,c,mobile
1546523004707,submit,b4717,adaptive_offer,,mobile
1546523010187,enter,b2698,adaptive_offer,,mobile
1546523011580,respond,q4166,adaptive_offer,b,mobile
1546523013759,submit,b2698,adaptive_offer,,mobile
1546523039265,enter,b4869,sprint,,mobile
1546523047491,respond,q6337,sprint,b,mobile
1546523058050,respond,q6337,sprint,d,mobile
1546523061071,submit,b4869,sprint,,mobile
1546523131490,enter,b7198,sprint,,mobile
1546523163801,respond,q9847,sprint,b,mobile
1546523166563,submit,b7198,sprint,,mobile
1546523318087,enter,b3769,sprint,,mobile
1546523341727,respond,q5237,sprint,b,mobile
1546523344616,respond,q5237,sprint,a,mobile
1546523356918,submit,b3769,sprint,,mobile
1546523479263,enter,b4644,sprint,,mobile
1546523498594,respond,q6112,sprint,d,mobile
1546523503204,respond,q6112,sprint,c,mobile
1546523506066,submit,b4644,sprint,,mobile
1546523611879,enter,b2230,sprint,,mobile
1546523671945,respond,q3698,sprint,d,mobile
1546523690887,respond,q3698,sprint,a,mobile
1546523695522,submit,b2230,sprint,,mobile
1546523896393,enter,b6740,sprint,,mobile
1546523900567,respond,q9389,sprint,c,mobile
1546523904067,submit,b6740,sprint,,mobile
1546523954730,enter,b2431,sprint,,mobile
1546523975368,respond,q3899,sprint,c,mobile
1546523977385,respond,q3899,sprint,a,mobile
1546523982365,respond,q3899,sprint,c,mobile
1546523985263,submit,b2431,sprint,,mobile
1546524068489,enter,b2450,sprint,,mobile
1546524098842,respond,q3918,sprint,b,mobile
1546524101845,respond,q3918,sprint,c,mobile
1546524104413,submit,b2450,sprint,,mobile
1546524152638,enter,b4688,sprint,,mobile
1546524159840,respond,q6156,sprint,c,mobile
1546524162765,submit,b4688,sprint,,mobile
1546524655445,enter,b6263,sprint,,mobile
1546524682603,respond,q8912,sprint,d,mobile
1546524685307,submit,b6263,sprint,,mobile
1546576280469,enter,b10,adaptive_offer,,mobile
1546576300595,respond,q10,adaptive_offer,c,mobile
1546576305916,submit,b10,adaptive_offer,,mobile
1546576321882,enter,b62,adaptive_offer,,mobile
1546576340567,respond,q62,adaptive_offer,c,mobile
1546576345711,submit,b62,adaptive_offer,,mobile
1546576351814,enter,b115,sprint,,mobile
1546576377129,respond,q115,sprint,a,mobile
1546576382766,submit,b115,sprint,,mobile
1546576409001,enter,b5613,sprint,,mobile
1546576431418,respond,q8142,sprint,b,mobile
1546576434685,submit,b5613,sprint,,mobile
1546577111799,enter,b5562,adaptive_offer,,mobile
1546577124502,respond,q8091,adaptive_offer,a,mobile
1546577138878,submit,b5562,adaptive_offer,,mobile
1546577145799,enter,b5613,adaptive_offer,,mobile
1546577163749,respond,q8142,adaptive_offer,c,mobile
1546577170051,submit,b5613,adaptive_offer,,mobile
1546577205702,enter,b158,sprint,,mobile
1546577228951,respond,q158,sprint,c,mobile
1546577232084,submit,b158,sprint,,mobile
1546577267142,enter,b8007,sprint,,mobile
1546577290729,respond,q10954,sprint,d,mobile
1546577293354,submit,b8007,sprint,,mobile
1546577340280,enter,b5611,sprint,,mobile
1546577362167,respond,q8140,sprint,b,mobile
1546577365184,submit,b5611,sprint,,mobile
1546577374266,enter,b5539,sprint,,mobile
1546577389777,respond,q8068,sprint,b,mobile
1546577395448,submit,b5539,sprint,,mobile
1546577413884,enter,b135,sprint,,mobile
1546577439382,respond,q135,sprint,c,mobile
1546577442400,submit,b135,sprint,,mobile
1546577829081,enter,b8266,sprint,,mobile
1546577850430,respond,q11213,sprint,c,mobile
1546577853831,submit,b8266,sprint,,mobile
1546578241898,enter,b422,adaptive_offer,,mobile
1546578255445,respond,q422,adaptive_offer,b,mobile
1546578259518,submit,b422,adaptive_offer,,mobile
1546578263212,enter,b854,adaptive_offer,,mobile
1546578277057,respond,q854,adaptive_offer,b,mobile
1546578279373,submit,b854,adaptive_offer,,mobile
1546578302313,enter,b732,adaptive_offer,,mobile
1546578321157,respond,q732,adaptive_offer,c,mobile
1546578327548,submit,b732,adaptive_offer,,mobile
1546578357211,enter,b1050,adaptive_offer,,mobile
1546578371208,respond,q1050,adaptive_offer,a,mobile
1546578374288,submit,b1050,adaptive_offer,,mobile
1546578389776,enter,b1101,sprint,,mobile
1546578406950,respond,q1101,sprint,b,mobile
1546578410137,submit,b1101,sprint,,mobile
1546588587833,enter,b835,sprint,,mobile
1546588605028,respond,q835,sprint,b,mobile
1546588609128,respond,q835,sprint,c,mobile
1546588611882,submit,b835,sprint,,mobile
1546588708350,enter,b590,sprint,,mobile
1546588722143,respond,q590,sprint,c,mobile
1546588727710,submit,b590,sprint,,mobile
1546588826593,enter,b583,sprint,,mobile
1546588842868,respond,q583,sprint,a,mobile
1546588845517,submit,b583,sprint,,mobile
1546588862625,enter,b424,sprint,,mobile
1546588881442,respond,q424,sprint,b,mobile
1546588884104,submit,b424,sprint,,mobile
1546588948611,enter,b626,sprint,,mobile
1546588965178,respond,q626,sprint,a,mobile
1546588968133,submit,b626,sprint,,mobile
1546588998921,enter,b507,sprint,,mobile
1546589015886,respond,q507,sprint,c,mobile
1546589018684,submit,b507,sprint,,mobile
1546589094452,enter,b216,sprint,,mobile
1546589113171,respond,q216,sprint,c,mobile
1546589115683,submit,b216,sprint,,mobile
1546589158796,enter,b757,sprint,,mobile
1546589176372,respond,q757,sprint,c,mobile
1546589179496,submit,b757,sprint,,mobile
1546589319046,enter,b439,sprint,,mobile
1546589337101,respond,q439,sprint,c,mobile
1546589339614,submit,b439,sprint,,mobile
1546590448285,enter,b181,sprint,,mobile
1546590469581,respond,q181,sprint,d,mobile
1546590472662,submit,b181,sprint,,mobile
1546590481873,enter,b8074,sprint,,mobile
1546590512195,respond,q11021,sprint,d,mobile
1546590513871,respond,q11021,sprint,a,mobile
1546590516631,submit,b8074,sprint,,mobile
1546590585708,enter,b29,sprint,,mobile
1546590605336,respond,q29,sprint,b,mobile
1546590613705,submit,b29,sprint,,mobile
1546590877646,enter,b135,adaptive_offer,,mobile
1546590903537,respond,q135,adaptive_offer,d,mobile
1546590905561,submit,b135,adaptive_offer,,mobile
1546590910908,enter,b29,adaptive_offer,,mobile
1546590926764,respond,q29,adaptive_offer,b,mobile
1546590929204,submit,b29,adaptive_offer,,mobile
1546590970068,enter,b4,sprint,,mobile
1546590992144,respond,q4,sprint,b,mobile
1546590994687,submit,b4,sprint,,mobile
1546591147425,enter,b3752,sprint,,mobile
1546591155248,respond,q5220,sprint,b,mobile
1546591158413,submit,b3752,sprint,,mobile
1546591494012,enter,b5138,sprint,,mobile
1546591508414,respond,q6732,sprint,a,mobile
1546591516578,respond,q6732,sprint,b,mobile
1546591521558,submit,b5138,sprint,,mobile
1546591665707,enter,b4110,sprint,,mobile
1546591673092,respond,q5578,sprint,b,mobile
1546591686097,submit,b4110,sprint,,mobile
1546597264608,enter,b7460,sprint,,mobile
1546597312039,respond,q10109,sprint,a,mobile
1546597314502,submit,b7460,sprint,,mobile
1546597447413,enter,b2610,sprint,,mobile
1546597460765,respond,q4078,sprint,b,mobile
1546597467080,submit,b2610,sprint,,mobile
1546597496938,enter,b3067,sprint,,mobile
1546597513133,respond,q4535,sprint,c,mobile
1546597520242,submit,b3067,sprint,,mobile
1546597540161,enter,b2517,sprint,,mobile
1546597546323,respond,q3985,sprint,d,mobile
1546597550734,submit,b2517,sprint,,mobile
1546597571070,enter,b6095,sprint,,mobile
1546597588801,respond,q8744,sprint,a,mobile
1546597591801,submit,b6095,sprint,,mobile
1546597625238,enter,b3013,sprint,,mobile
1546597635692,respond,q4481,sprint,c,mobile
1546597641643,submit,b3013,sprint,,mobile
1546597691543,enter,b3941,sprint,,mobile
1546597712012,respond,q5409,sprint,c,mobile
1546597716110,submit,b3941,sprint,,mobile
1546597879925,enter,b3941,review_quiz,,mobile
1546597897587,respond,q5409,review_quiz,a,mobile
1546597900370,submit,b3941,review_quiz,,mobile
1546597903765,enter,b3013,review_quiz,,mobile
1546597909544,respond,q4481,review_quiz,a,mobile
1546597912881,submit,b3013,review_quiz,,mobile
1546597916334,enter,b6095,review_quiz,,mobile
1546597919802,respond,q8744,review_quiz,a,mobile
1546597922242,submit,b6095,review_quiz,,mobile
1546597925031,enter,b2517,review_quiz,,mobile
1546597927502,respond,q3985,review_quiz,d,mobile
1546597929499,submit,b2517,review_quiz,,mobile
1546597932339,enter,b3067,review_quiz,,mobile
1546597936573,respond,q4535,review_quiz,c,mobile
1546597939388,submit,b3067,review_quiz,,mobile
1546597959810,enter,b2610,review_quiz,,mobile
1546597963198,respond,q4078,review_quiz,c,mobile
1546597967425,submit,b2610,review_quiz,,mobile
1546597970524,enter,b7460,review_quiz,,mobile
1546597973168,respond,q10109,review_quiz,b,mobile
1546597978063,submit,b7460,review_quiz,,mobile
1546598260475,enter,b4110,review_quiz,,mobile
1546598266303,respond,q5578,review_quiz,b,mobile
1546598269039,submit,b4110,review_quiz,,mobile
1546598299801,enter,b5138,review_quiz,,mobile
1546598302182,respond,q6732,review_quiz,a,mobile
1546598304720,submit,b5138,review_quiz,,mobile
1546598307744,enter,b3752,review_quiz,,mobile
1546598309949,respond,q5220,review_quiz,b,mobile
1546598311967,submit,b3752,review_quiz,,mobile
1546598315119,enter,b4,review_quiz,,mobile
1546598318317,submit,b4,review_quiz,,mobile
1546598626697,enter,b4613,adaptive_offer,,mobile
1546598641820,respond,q6081,adaptive_offer,c,mobile
1546598644725,submit,b4613,adaptive_offer,,mobile
1546598670595,enter,b2610,adaptive_offer,,mobile
1546598678099,respond,q4078,adaptive_offer,c,mobile
1546598681650,submit,b2610,adaptive_offer,,mobile
1546606282065,enter,b5206,sprint,,mobile
1546606443642,respond,q6920,sprint,d,mobile
1546606448250,submit,b5206,sprint,,mobile
1546656210880,enter,b5117,sprint,,mobile
1546656338151,respond,q6684,sprint,b,mobile
1546656350856,submit,b5117,sprint,,mobile
1546656757430,enter,b5213,adaptive_offer,,mobile
1546656793680,respond,q6948,adaptive_offer,b,mobile
1546656805077,submit,b5213,adaptive_offer,,mobile
1546657032972,enter,b5205,adaptive_offer,,mobile
1546657080468,respond,q6916,adaptive_offer,d,mobile
1546657097786,submit,b5205,adaptive_offer,,mobile
1546684077696,enter,b7914,sprint,,mobile
1546684164763,respond,q10613,sprint,b,mobile
1546684174856,submit,b7914,sprint,,mobile
1546684250542,enter,b5190,sprint,,mobile
1546684389097,respond,q6856,sprint,c,mobile
1546684398080,submit,b5190,sprint,,mobile
1546684547268,enter,b5110,sprint,,mobile
1546684649366,respond,q6656,sprint,c,mobile
1546684662016,submit,b5110,sprint,,mobile
1546754824418,enter,b5123,adaptive_offer,,mobile
1546754883459,respond,q6708,adaptive_offer,c,mobile
1546754888061,submit,b5123,adaptive_offer,,mobile
1546754939094,enter,b79,sprint,,mobile
1546754961151,respond,q79,sprint,c,mobile
1546754964080,submit,b79,sprint,,mobile
1546754990728,enter,b8114,sprint,,mobile
1546755016703,respond,q11061,sprint,a,mobile
1546755019919,submit,b8114,sprint,,mobile
1546757928596,enter,b2227,sprint,,mobile
1546757932645,respond,q3695,sprint,a,mobile
1546757946089,respond,q3695,sprint,b,mobile
1546757948459,submit,b2227,sprint,,mobile
1546757971530,enter,b7322,sprint,,mobile
1546757975703,respond,q9971,sprint,b,mobile
1546757978445,submit,b7322,sprint,,mobile
1546758056409,enter,b3058,sprint,,mobile
1546758077281,respond,q4526,sprint,c,mobile
1546758082601,respond,q4526,sprint,d,mobile
1546758088404,submit,b3058,sprint,,mobile
1546758123527,enter,b3062,sprint,,mobile
1546758132098,respond,q4530,sprint,d,mobile
1546758135558,submit,b3062,sprint,,mobile
1546758186875,enter,b4263,sprint,,mobile
1546758190841,respond,q5731,sprint,b,mobile
1546758195786,respond,q5731,sprint,c,mobile
1546758200616,respond,q5731,sprint,b,mobile
1546758214365,submit,b4263,sprint,,mobile
1546758261446,enter,b6844,sprint,,mobile
1546758273707,respond,q9493,sprint,c,mobile
1546758278855,submit,b6844,sprint,,mobile
1546758342732,enter,b3286,sprint,,mobile
1546758347266,respond,q4754,sprint,a,mobile
1546758350432,submit,b3286,sprint,,mobile
1546758383376,enter,b3902,sprint,,mobile
1546758388223,respond,q5370,sprint,a,mobile
1546758400330,submit,b3902,sprint,,mobile
1546758448390,enter,b2451,sprint,,mobile
1546758452940,respond,q3919,sprint,c,mobile
1546758459980,respond,q3919,sprint,d,mobile
1546758463474,submit,b2451,sprint,,mobile
1546758503405,enter,b7563,sprint,,mobile
1546758518576,respond,q10212,sprint,b,mobile
1546758527263,respond,q10212,sprint,d,mobile
1546758528023,respond,q10212,sprint,b,mobile
1546758536301,respond,q10212,sprint,d,mobile
1546758541310,submit,b7563,sprint,,mobile
1546758889066,enter,b2787,adaptive_offer,,mobile
1546758899826,respond,q4255,adaptive_offer,b,mobile
1546758936867,submit,b2787,adaptive_offer,,mobile
1546758950511,enter,b3902,adaptive_offer,,mobile
1546758955773,respond,q5370,adaptive_offer,b,mobile
1546758960668,submit,b3902,adaptive_offer,,mobile
1546853715192,enter,b3404,sprint,,mobile
1546853726723,respond,q4872,sprint,a,mobile
1546853736292,submit,b3404,sprint,,mobile
1546853762771,enter,b3841,sprint,,mobile
1546853771283,respond,q5309,sprint,a,mobile
1546853778113,respond,q5309,sprint,c,mobile
1546853781654,respond,q5309,sprint,b,mobile
1546853787728,submit,b3841,sprint,,mobile
1546853865593,enter,b3796,sprint,,mobile
1546853872325,respond,q5264,sprint,c,mobile
1546853874575,submit,b3796,sprint,,mobile
1546853964426,enter,b6807,sprint,,mobile
1546853975338,respond,q9456,sprint,a,mobile
1546854006426,respond,q9456,sprint,c,mobile
1546854011008,submit,b6807,sprint,,mobile
1546854047548,enter,b3794,sprint,,mobile
1546854063299,respond,q5262,sprint,b,mobile
1546854066304,submit,b3794,sprint,,mobile
1546854098759,enter,b5035,sprint,,mobile
1546854116097,respond,q6503,sprint,a,mobile
1546854126653,submit,b5035,sprint,,mobile
1546854538048,enter,b4753,sprint,,mobile
1546854565061,respond,q6221,sprint,c,mobile
1546854569632,submit,b4753,sprint,,mobile
1546854678442,enter,b3424,sprint,,mobile
1546854689285,respond,q4892,sprint,b,mobile
1546854692520,submit,b3424,sprint,,mobile
1546854762315,enter,b2849,sprint,,mobile
1546854800883,respond,q4317,sprint,b,mobile
1546854820738,submit,b2849,sprint,,mobile
1546854962197,enter,b3762,sprint,,mobile
1546854966818,respond,q5230,sprint,a,mobile
1546854968554,respond,q5230,sprint,b,mobile
1546854973910,submit,b3762,sprint,,mobile
1546855020347,enter,b4269,sprint,,mobile
1546855045928,respond,q5737,sprint,a,mobile
1546855048977,submit,b4269,sprint,,mobile
1546855545195,enter,b4263,adaptive_offer,,mobile
1546855562256,respond,q5731,adaptive_offer,c,mobile
1546855564993,submit,b4263,adaptive_offer,,mobile
1546855572925,enter,b4269,adaptive_offer,,mobile
1546855585823,respond,q5737,adaptive_offer,c,mobile
1546855600685,submit,b4269,adaptive_offer,,mobile
1546856203176,enter,b3404,adaptive_offer,,mobile
1546856206636,respond,q4872,adaptive_offer,d,mobile
1546856211459,submit,b3404,adaptive_offer,,mobile
1546856215987,enter,b2849,adaptive_offer,,mobile
1546856223153,respond,q4317,adaptive_offer,c,mobile
1546856226554,submit,b2849,adaptive_offer,,mobile
1546856234545,enter,b5956,sprint,,mobile
1546856262811,respond,q8605,sprint,c,mobile
1546856264228,respond,q8605,sprint,d,mobile
1546856268278,submit,b5956,sprint,,mobile
1546857403010,enter,b5035,adaptive_offer,,mobile
1546857407246,respond,q6503,adaptive_offer,b,mobile
1546857409610,submit,b5035,adaptive_offer,,mobile
1546857414293,enter,b2451,adaptive_offer,,mobile
1546857424986,respond,q3919,adaptive_offer,a,mobile
1546857428537,submit,b2451,adaptive_offer,,mobile
1546857462690,enter,b2444,sprint,,mobile
1546857488878,respond,q3912,sprint,c,mobile
1546857495862,respond,q3912,sprint,d,mobile
1546857496529,respond,q3912,sprint,c,mobile
1546857497313,respond,q3912,sprint,d,mobile
1546857499099,respond,q3912,sprint,b,mobile
1546857501303,respond,q3912,sprint,d,mobile
1546857509048,submit,b2444,sprint,,mobile
1546857531126,enter,b2842,sprint,,mobile
1546857563777,respond,q4310,sprint,a,mobile
1546857566486,submit,b2842,sprint,,mobile
1546857592671,enter,b4027,sprint,,mobile
1546857599142,respond,q5495,sprint,c,mobile
1546857601575,submit,b4027,sprint,,mobile
1546857613797,enter,b6789,sprint,,mobile
1546857616595,respond,q9438,sprint,d,mobile
1546857617213,respond,q9438,sprint,c,mobile
1546857618747,respond,q9438,sprint,a,mobile
1546857625840,submit,b6789,sprint,,mobile
1546857630751,enter,b5747,sprint,,mobile
1546857636891,respond,q8396,sprint,b,mobile
1546857657618,respond,q8396,sprint,c,mobile
1546857658302,respond,q8396,sprint,d,mobile
1546857661816,submit,b5747,sprint,,mobile
1546857666920,enter,b4695,sprint,,mobile
1546857673537,respond,q6163,sprint,b,mobile
1546857677289,submit,b4695,sprint,,mobile
1546857710849,enter,b3015,sprint,,mobile
1546857716464,respond,q4483,sprint,b,mobile
1546857719254,submit,b3015,sprint,,mobile
1546857836897,enter,b7429,sprint,,mobile
1546857861336,respond,q10078,sprint,b,mobile
1546857873781,respond,q10078,sprint,d,mobile
1546857879524,submit,b7429,sprint,,mobile
1546857919945,enter,b4183,sprint,,mobile
1546857932780,respond,q5651,sprint,c,mobile
1546857935333,respond,q5651,sprint,b,mobile
1546857940690,submit,b4183,sprint,,mobile
1546872247796,enter,b4183,adaptive_offer,,mobile
1546872253884,respond,q5651,adaptive_offer,d,mobile
1546872257502,submit,b4183,adaptive_offer,,mobile
1546872262831,enter,b3769,adaptive_offer,,mobile
1546872287742,respond,q5237,adaptive_offer,d,mobile
1546872291124,submit,b3769,adaptive_offer,,mobile
1546873129734,enter,b3769,review_quiz,,mobile
1546873136317,respond,q5237,review_quiz,d,mobile
1546873138670,submit,b3769,review_quiz,,mobile
1546873141404,enter,b4183,review_quiz,,mobile
1546873145587,respond,q5651,review_quiz,d,mobile
1546873147920,submit,b4183,review_quiz,,mobile
1546873153616,enter,b7429,review_quiz,,mobile
1546873168605,respond,q10078,review_quiz,b,mobile
1546873173808,submit,b7429,review_quiz,,mobile
1546873216277,enter,b3015,review_quiz,,mobile
1546873256065,respond,q4483,review_quiz,d,mobile
1546873265133,submit,b3015,review_quiz,,mobile
1546873270733,enter,b4695,review_quiz,,mobile
1546873279321,respond,q6163,review_quiz,c,mobile
1546873285527,submit,b4695,review_quiz,,mobile
1546873298621,enter,b5747,review_quiz,,mobile
1546873301817,respond,q8396,review_quiz,d,mobile
1546873306337,submit,b5747,review_quiz,,mobile
1546873309262,enter,b6789,review_quiz,,mobile
1546873313793,respond,q9438,review_quiz,a,mobile
1546873316575,submit,b6789,review_quiz,,mobile
1546873318972,enter,b4027,review_quiz,,mobile
1546873325702,respond,q5495,review_quiz,b,mobile
1546873330480,respond,q5495,review_quiz,a,mobile
1546873333100,submit,b4027,review_quiz,,mobile
1546873340175,enter,b2842,review_quiz,,mobile
1546873343343,respond,q4310,review_quiz,a,mobile
1546873346142,submit,b2842,review_quiz,,mobile
1546873358084,enter,b2444,review_quiz,,mobile
1546873362533,respond,q3912,review_quiz,c,mobile
1546873366573,submit,b2444,review_quiz,,mobile
1546873472358,enter,b2451,review_quiz,,mobile
1546873482468,respond,q3919,review_quiz,a,mobile
1546873495039,submit,b2451,review_quiz,,mobile
1546873573667,enter,b5035,review_quiz,,mobile
1546873582184,respond,q6503,review_quiz,b,mobile
1546873586498,submit,b5035,review_quiz,,mobile
1546873593585,enter,b5956,review_quiz,,mobile
1546873610334,respond,q8605,review_quiz,c,mobile
1546873633603,respond,q8605,review_quiz,a,mobile
1546873636121,submit,b5956,review_quiz,,mobile
1546873740907,enter,b2849,review_quiz,,mobile
1546873753167,respond,q4317,review_quiz,c,mobile
1546873756418,submit,b2849,review_quiz,,mobile
1546873811634,enter,b3404,review_quiz,,mobile
1546873815390,respond,q4872,review_quiz,d,mobile
1546873818324,submit,b3404,review_quiz,,mobile
1546873892535,enter,b4269,review_quiz,,mobile
1546873896409,respond,q5737,review_quiz,c,mobile
1546873904229,submit,b4269,review_quiz,,mobile
1546873929582,enter,b4263,review_quiz,,mobile
1546873932967,respond,q5731,review_quiz,b,mobile
1546873944133,submit,b4263,review_quiz,,mobile
1546873952796,enter,b3762,review_quiz,,mobile
1546873956033,respond,q5230,review_quiz,b,mobile
1546873958216,submit,b3762,review_quiz,,mobile
1546873960868,enter,b3424,review_quiz,,mobile
1546873964351,respond,q4892,review_quiz,b,mobile
1546873966449,submit,b3424,review_quiz,,mobile
1546873969254,enter,b4753,review_quiz,,mobile
1546873973974,respond,q6221,review_quiz,b,mobile
1546873974774,respond,q6221,review_quiz,c,mobile
1546873976982,submit,b4753,review_quiz,,mobile
1546873986315,enter,b3794,review_quiz,,mobile
1546873991628,respond,q5262,review_quiz,b,mobile
1546873993748,submit,b3794,review_quiz,,mobile
1546873997215,enter,b6807,review_quiz,,mobile
1546873999916,respond,q9456,review_quiz,c,mobile
1546874002113,submit,b6807,review_quiz,,mobile
1546874004717,enter,b3796,review_quiz,,mobile
1546874007818,respond,q5264,review_quiz,a,mobile
1546874010749,submit,b3796,review_quiz,,mobile
1546874013426,enter,b3841,review_quiz,,mobile
1546874019775,respond,q5309,review_quiz,b,mobile
1546874031266,submit,b3841,review_quiz,,mobile
1546874043576,enter,b3902,review_quiz,,mobile
1546874050559,respond,q5370,review_quiz,a,mobile
1546874055289,respond,q5370,review_quiz,b,mobile
1546874058370,submit,b3902,review_quiz,,mobile
1546874063162,enter,b2787,review_quiz,,mobile
1546874073345,respond,q4255,review_quiz,b,mobile
1546874074462,respond,q4255,review_quiz,c,mobile
1546874077251,submit,b2787,review_quiz,,mobile
1546913202194,enter,b2787,review_quiz,,mobile
1546913218038,respond,q4255,review_quiz,c,mobile
1546913220777,submit,b2787,review_quiz,,mobile
1546913234093,enter,b3902,review_quiz,,mobile
1546913253214,respond,q5370,review_quiz,b,mobile
1546913256228,submit,b3902,review_quiz,,mobile
1546913266904,enter,b3841,review_quiz,,mobile
1546913271816,respond,q5309,review_quiz,b,mobile
1546913282034,submit,b3841,review_quiz,,mobile
1546913296548,enter,b3796,review_quiz,,mobile
1546913302171,respond,q5264,review_quiz,a,mobile
1546913304662,submit,b3796,review_quiz,,mobile
1546913307899,enter,b6807,review_quiz,,mobile
1546913313531,respond,q9456,review_quiz,c,mobile
1546913320421,submit,b6807,review_quiz,,mobile
1546913328242,enter,b3794,review_quiz,,mobile
1546913332516,respond,q5262,review_quiz,b,mobile
1546913336818,submit,b3794,review_quiz,,mobile
1546913346487,enter,b4753,review_quiz,,mobile
1546913349068,respond,q6221,review_quiz,c,mobile
1546913362139,submit,b4753,review_quiz,,mobile
1546913399437,enter,b3424,review_quiz,,mobile
1546913403911,respond,q4892,review_quiz,b,mobile
1546913406280,submit,b3424,review_quiz,,mobile
1546913414973,enter,b3762,review_quiz,,mobile
1546913417357,respond,q5230,review_quiz,b,mobile
1546913422894,submit,b3762,review_quiz,,mobile
1546913427392,enter,b4263,review_quiz,,mobile
1546913431026,respond,q5731,review_quiz,c,mobile
1546913433416,submit,b4263,review_quiz,,mobile
1546913436496,enter,b4269,review_quiz,,mobile
1546913439061,respond,q5737,review_quiz,c,mobile
1546913441259,submit,b4269,review_quiz,,mobile
1546913446011,enter,b3404,review_quiz,,mobile
1546913448240,respond,q4872,review_quiz,d,mobile
1546913450448,submit,b3404,review_quiz,,mobile
1546913453784,enter,b2849,review_quiz,,mobile
1546913456466,respond,q4317,review_quiz,c,mobile
1546913482619,submit,b2849,review_quiz,,mobile
1546913506987,enter,b5956,review_quiz,,mobile
1546913509431,respond,q8605,review_quiz,a,mobile
1546913525447,submit,b5956,review_quiz,,mobile
1546913539197,enter,b5035,review_quiz,,mobile
1546913546550,respond,q6503,review_quiz,b,mobile
1546913549605,submit,b5035,review_quiz,,mobile
1546913559701,enter,b2451,review_quiz,,mobile
1546913563591,respond,q3919,review_quiz,a,mobile
1546913565621,submit,b2451,review_quiz,,mobile
1546913568488,enter,b2444,review_quiz,,mobile
1546913574789,respond,q3912,review_quiz,c,mobile
1546913577704,submit,b2444,review_quiz,,mobile
1546913586911,enter,b2842,review_quiz,,mobile
1546913594385,respond,q4310,review_quiz,a,mobile
1546913596633,submit,b2842,review_quiz,,mobile
1546913617318,enter,b4027,review_quiz,,mobile
1546913621526,respond,q5495,review_quiz,b,mobile
1546913623489,submit,b4027,review_quiz,,mobile
1546913626063,enter,b6789,review_quiz,,mobile
1546913629787,respond,q9438,review_quiz,a,mobile
1546913631839,submit,b6789,review_quiz,,mobile
1546913635472,enter,b5747,review_quiz,,mobile
1546913637367,respond,q8396,review_quiz,d,mobile
1546913639382,submit,b5747,review_quiz,,mobile
1546913642329,enter,b4695,review_quiz,,mobile
1546913645866,respond,q6163,review_quiz,b,mobile
1546913649917,submit,b4695,review_quiz,,mobile
1546913656745,enter,b3015,review_quiz,,mobile
1546913695896,respond,q4483,review_quiz,d,mobile
1546913698199,submit,b3015,review_quiz,,mobile
1546914026174,enter,b7429,review_quiz,,mobile
1546914033123,respond,q10078,review_quiz,b,mobile
1546914039602,submit,b7429,review_quiz,,mobile
1546914045805,enter,b4183,review_quiz,,mobile
1546914048835,respond,q5651,review_quiz,d,mobile
1546914050899,submit,b4183,review_quiz,,mobile
1546914055340,enter,b3769,review_quiz,,mobile
1546914063750,respond,q5237,review_quiz,d,mobile
1546914070323,submit,b3769,review_quiz,,mobile
1546914073274,enter,b7563,review_quiz,,mobile
1546914079281,respond,q10212,review_quiz,d,mobile
1546914081419,submit,b7563,review_quiz,,mobile
1546914084557,enter,b3286,review_quiz,,mobile
1546914092935,respond,q4754,review_quiz,a,mobile
1546914096297,submit,b3286,review_quiz,,mobile
1546914106943,enter,b6844,review_quiz,,mobile
1546914112256,respond,q9493,review_quiz,a,mobile
1546914120208,submit,b6844,review_quiz,,mobile
1546914136910,enter,b3062,review_quiz,,mobile
1546914142360,respond,q4530,review_quiz,d,mobile
1546914144966,submit,b3062,review_quiz,,mobile
1546914173917,enter,b3058,review_quiz,,mobile
1546914205177,respond,q4526,review_quiz,d,mobile
1546914207803,respond,q4526,review_quiz,c,mobile
1546914216495,respond,q4526,review_quiz,d,mobile
1546914220083,respond,q4526,review_quiz,c,mobile
1546914225095,submit,b3058,review_quiz,,mobile
1546914233257,enter,b7322,review_quiz,,mobile
1546914246161,respond,q9971,review_quiz,b,mobile
1546914248352,submit,b7322,review_quiz,,mobile
1546914269734,enter,b2227,review_quiz,,mobile
1546914273130,respond,q3695,review_quiz,b,mobile
1546914275466,submit,b2227,review_quiz,,mobile
1546914277852,enter,b8114,review_quiz,,mobile
1546914284602,submit,b8114,review_quiz,,mobile
1546914749485,enter,b186,sprint,,mobile
1546914778981,respond,q186,sprint,c,mobile
1546914782817,submit,b186,sprint,,mobile
1546914829988,enter,b160,sprint,,mobile
1546914844447,respond,q160,sprint,a,mobile
1546914856345,submit,b160,sprint,,mobile
1546914884749,enter,b5528,sprint,,mobile
1546914907753,respond,q8057,sprint,d,mobile
1546914910547,respond,q8057,sprint,c,mobile
1546914912970,submit,b5528,sprint,,mobile
1546914937979,enter,b160,adaptive_offer,,mobile
1546914957152,respond,q160,adaptive_offer,d,mobile
1546914962294,submit,b160,adaptive_offer,,mobile
1546914965551,enter,b5528,adaptive_offer,,mobile
1546914991817,respond,q8057,adaptive_offer,b,mobile
1546914993987,submit,b5528,adaptive_offer,,mobile
1546915036406,enter,b8291,sprint,,mobile
1546915059474,respond,q11238,sprint,c,mobile
1546915063275,submit,b8291,sprint,,mobile
1546915087611,enter,b5633,sprint,,mobile
1546915115697,respond,q8162,sprint,b,mobile
1546915118003,submit,b5633,sprint,,mobile
1546915143736,enter,b40,sprint,,mobile
1546915158418,respond,q40,sprint,a,mobile
1546915169298,submit,b40,sprint,,mobile
1546915195952,enter,b187,sprint,,mobile
1546915217631,respond,q187,sprint,a,mobile
1546915220768,submit,b187,sprint,,mobile
1546915235428,enter,b8025,sprint,,mobile
1546915258758,respond,q10972,sprint,d,mobile
1546915260895,submit,b8025,sprint,,mobile
1546915264559,enter,b5,sprint,,mobile
1546915285984,respond,q5,sprint,c,mobile
1546915288287,submit,b5,sprint,,mobile
1546915295591,enter,b5614,sprint,,mobile
1546915313078,respond,q8143,sprint,c,mobile
1546915318418,submit,b5614,sprint,,mobile
1546915338072,enter,b5614,review_quiz,,mobile
1546915355222,respond,q8143,review_quiz,c,mobile
1546915358358,submit,b5614,review_quiz,,mobile
1546915364680,enter,b5,review_quiz,,mobile
1546915389378,respond,q5,review_quiz,c,mobile
1546915391430,submit,b5,review_quiz,,mobile
1546915409904,enter,b8025,review_quiz,,mobile
1546915412769,respond,q10972,review_quiz,d,mobile
1546915414866,submit,b8025,review_quiz,,mobile
1546915417283,enter,b187,review_quiz,,mobile
1546915419253,respond,q187,review_quiz,a,mobile
1546915422501,submit,b187,review_quiz,,mobile
1546915425238,enter,b40,review_quiz,,mobile
1546915438397,respond,q40,review_quiz,b,mobile
1546915440339,submit,b40,review_quiz,,mobile
1546915489792,enter,b8291,review_quiz,,mobile
1546915503815,respond,q11238,review_quiz,c,mobile
1546915510097,submit,b8291,review_quiz,,mobile
1546915514360,enter,b5528,review_quiz,,mobile
1546915516796,respond,q8057,review_quiz,a,mobile
1546915526897,submit,b5528,review_quiz,,mobile
1546915529557,enter,b160,review_quiz,,mobile
1546915551077,respond,q160,review_quiz,d,mobile
1546915553557,submit,b160,review_quiz,,mobile
1546915556470,enter,b186,review_quiz,,mobile
1546915570344,respond,q186,review_quiz,b,mobile
1546915577426,submit,b186,review_quiz,,mobile
1546915608311,enter,b2227,review_quiz,,mobile
1546915610505,respond,q3695,review_quiz,b,mobile
1546915613307,submit,b2227,review_quiz,,mobile
1546915616526,enter,b7322,review_quiz,,mobile
1546915618863,respond,q9971,review_quiz,b,mobile
1546915621407,submit,b7322,review_quiz,,mobile
1546915624292,enter,b3058,review_quiz,,mobile
1546915643318,respond,q4526,review_quiz,d,mobile
1546915645380,submit,b3058,review_quiz,,mobile
1546915650491,enter,b3062,review_quiz,,mobile
1546915652735,respond,q4530,review_quiz,d,mobile
1546915654905,submit,b3062,review_quiz,,mobile
1546915658744,enter,b6844,review_quiz,,mobile
1546915661789,respond,q9493,review_quiz,a,mobile
1546915666861,submit,b6844,review_quiz,,mobile
1546915675501,enter,b3286,review_quiz,,mobile
1546915678256,respond,q4754,review_quiz,a,mobile
1546915683011,submit,b3286,review_quiz,,mobile
1546915685587,enter,b7563,review_quiz,,mobile
1546915690235,respond,q10212,review_quiz,d,mobile
1546915692308,submit,b7563,review_quiz,,mobile
1546915712673,enter,b3769,review_quiz,,mobile
1546915714923,respond,q5237,review_quiz,d,mobile
1546915716972,submit,b3769,review_quiz,,mobile
1546915719672,enter,b4183,review_quiz,,mobile
1546915724208,respond,q5651,review_quiz,d,mobile
1546915726809,submit,b4183,review_quiz,,mobile
1546915730016,enter,b7429,review_quiz,,mobile
1546915734965,respond,q10078,review_quiz,b,mobile
1546915737181,submit,b7429,review_quiz,,mobile
1546915739539,enter,b3015,review_quiz,,mobile
1546915743285,respond,q4483,review_quiz,d,mobile
1546915745247,submit,b3015,review_quiz,,mobile
1546915747598,enter,b4695,review_quiz,,mobile
1546915749614,respond,q6163,review_quiz,b,mobile
1546915751662,submit,b4695,review_quiz,,mobile
1546915755339,enter,b5747,review_quiz,,mobile
1546915758369,respond,q8396,review_quiz,d,mobile
1546915760215,submit,b5747,review_quiz,,mobile
1546915764645,enter,b6789,review_quiz,,mobile
1546915767203,respond,q9438,review_quiz,a,mobile
1546915769414,submit,b6789,review_quiz,,mobile
1546915772679,enter,b4027,review_quiz,,mobile
1546915777593,respond,q5495,review_quiz,b,mobile
1546915779373,submit,b4027,review_quiz,,mobile
1546915808631,enter,b2842,review_quiz,,mobile
1546915811752,respond,q4310,review_quiz,a,mobile
1546915814136,submit,b2842,review_quiz,,mobile
1546915822038,enter,b2444,review_quiz,,mobile
1546915824948,respond,q3912,review_quiz,c,mobile
1546915826878,submit,b2444,review_quiz,,mobile
1546915835761,enter,b2451,review_quiz,,mobile
1546915839463,respond,q3919,review_quiz,a,mobile
1546915842637,submit,b2451,review_quiz,,mobile
1546915845350,enter,b5035,review_quiz,,mobile
1546915847382,respond,q6503,review_quiz,c,mobile
1546915850153,respond,q6503,review_quiz,b,mobile
1546915852926,submit,b5035,review_quiz,,mobile
1546915857435,enter,b5956,review_quiz,,mobile
1546915859393,respond,q8605,review_quiz,a,mobile
1546915863366,submit,b5956,review_quiz,,mobile
1546915865854,enter,b2849,review_quiz,,mobile
1546915886168,respond,q4317,review_quiz,c,mobile
1546915892292,submit,b2849,review_quiz,,mobile
1546920504959,enter,b750,sprint,,mobile
1546920518904,respond,q750,sprint,b,mobile
1546920521614,submit,b750,sprint,,mobile
1546920569652,enter,b588,sprint,,mobile
1546920585166,respond,q588,sprint,c,mobile
1546920588969,submit,b588,sprint,,mobile
1546920628763,enter,b1359,sprint,,mobile
1546920638963,respond,q1359,sprint,a,mobile
1546920641882,submit,b1359,sprint,,mobile
1546920646482,enter,b982,sprint,,mobile
1546920662976,respond,q982,sprint,b,mobile
1546920667594,submit,b982,sprint,,mobile
1546920694650,enter,b308,sprint,,mobile
1546920703759,respond,q308,sprint,a,mobile
1546920710841,submit,b308,sprint,,mobile
1546920714874,enter,b292,sprint,,mobile
1546920730402,respond,q292,sprint,c,mobile
1546920734632,submit,b292,sprint,,mobile
1546920741910,enter,b952,sprint,,mobile
1546920756642,respond,q952,sprint,a,mobile
1546920760721,submit,b952,sprint,,mobile
1546920774966,enter,b856,sprint,,mobile
1546920793285,respond,q856,sprint,c,mobile
1546920795679,submit,b856,sprint,,mobile
1546920811742,enter,b413,sprint,,mobile
1546920826209,respond,q413,sprint,b,mobile
1546920829401,respond,q413,sprint,c,mobile
1546920832595,submit,b413,sprint,,mobile
1546920850240,enter,b366,sprint,,mobile
1546920867057,respond,q366,sprint,c,mobile
1546920870790,submit,b366,sprint,,mobile
1546920938291,enter,b366,review_quiz,,mobile
1546920947814,respond,q366,review_quiz,a,mobile
1546920955994,submit,b366,review_quiz,,mobile
1546920959108,enter,b413,review_quiz,,mobile
1546920976235,respond,q413,review_quiz,c,mobile
1546920978765,submit,b413,review_quiz,,mobile
1546920981631,enter,b856,review_quiz,,mobile
1546920990947,respond,q856,review_quiz,a,mobile
1546920998159,submit,b856,review_quiz,,mobile
1546921001174,enter,b952,review_quiz,,mobile
1546921009490,respond,q952,review_quiz,b,mobile
1546921013593,respond,q952,review_quiz,b,mobile
1546921016982,submit,b952,review_quiz,,mobile
1546921020011,enter,b292,review_quiz,,mobile
1546921032887,respond,q292,review_quiz,b,mobile
1546921037677,submit,b292,review_quiz,,mobile
1546921040178,enter,b308,review_quiz,,mobile
1546921050582,respond,q308,review_quiz,a,mobile
1546921057961,submit,b308,review_quiz,,mobile
1546921061098,enter,b982,review_quiz,,mobile
1546921081504,respond,q982,review_quiz,a,mobile
1546921084179,submit,b982,review_quiz,,mobile
1546921131475,enter,b1359,review_quiz,,mobile
1546921138058,respond,q1359,review_quiz,a,mobile
1546921141794,submit,b1359,review_quiz,,mobile
1546921144333,enter,b588,review_quiz,,mobile
1546921158315,respond,q588,review_quiz,a,mobile
1546921160402,submit,b588,review_quiz,,mobile
1546921171385,enter,b750,review_quiz,,mobile
1546921182992,respond,q750,review_quiz,a,mobile
1546921189996,submit,b750,review_quiz,,mobile
1546921199646,enter,b2849,review_quiz,,mobile
1546921201945,respond,q4317,review_quiz,c,mobile
1546921204248,submit,b2849,review_quiz,,mobile
1546921227217,enter,b750,adaptive_offer,,mobile
1546921234927,respond,q750,adaptive_offer,a,mobile
1546921238319,submit,b750,adaptive_offer,,mobile
1546921241296,enter,b1370,adaptive_offer,,mobile
1546921254312,respond,q1370,adaptive_offer,a,mobile
1546921258304,submit,b1370,adaptive_offer,,mobile
1546921262294,enter,b1195,adaptive_offer,,mobile
1546921275136,respond,q1195,adaptive_offer,c,mobile
1546921278725,respond,q1195,adaptive_offer,c,mobile
1546921281565,submit,b1195,adaptive_offer,,mobile
1546921476548,enter,b952,adaptive_offer,,mobile
1546921484559,respond,q952,adaptive_offer,b,mobile
1546921489804,submit,b952,adaptive_offer,,mobile
1546921494056,enter,b424,adaptive_offer,,mobile
1546921504137,respond,q424,adaptive_offer,a,mobile
1546921511929,submit,b424,adaptive_offer,,mobile
1546921517096,enter,b1076,sprint,,mobile
1546921533352,respond,q1076,sprint,b,mobile
1546921536167,submit,b1076,sprint,,mobile
1546926680683,enter,b1368,adaptive_offer,,mobile
1546926693750,respond,q1368,adaptive_offer,b,mobile
1546926697085,submit,b1368,adaptive_offer,,mobile
1546926703295,enter,b739,adaptive_offer,,mobile
1546926722573,submit,b739,adaptive_offer,,mobile
1546926749688,enter,b1586,sprint,,mobile
1546926839728,respond,q1956,sprint,a,mobile
1546926842975,submit,b1586,sprint,,mobile
1546927010407,enter,b1477,sprint,,mobile
1546927071297,respond,q1629,sprint,a,mobile
1546927081184,respond,q1629,sprint,a,mobile
1546927085816,respond,q1629,sprint,a,mobile
1546927091526,respond,q1629,sprint,a,mobile
1546927095781,submit,b1477,sprint,,mobile
1546927316264,enter,b1638,sprint,,mobile
1546927401015,respond,q2112,sprint,a,mobile
1546927404536,submit,b1638,sprint,,mobile
1546927547230,enter,b1635,sprint,,mobile
1546927618566,respond,q2103,sprint,d,mobile
1546927625056,submit,b1635,sprint,,mobile
1546927678369,enter,b1721,sprint,,mobile
1546927764794,respond,q2361,sprint,a,mobile
1546927768522,respond,q2361,sprint,a,mobile
1546927789484,respond,q2361,sprint,d,mobile
1546927791605,respond,q2361,sprint,a,mobile
1546927794529,respond,q2361,sprint,b,mobile
1546927795666,respond,q2361,sprint,a,mobile
1546927799626,submit,b1721,sprint,,mobile
1546929507469,enter,b1721,sprint,,mobile
1546929701705,submit,b1721,sprint,,mobile
1546929701786,enter,b1524,sprint,,mobile
1546929805107,respond,q1770,sprint,b,mobile
1546929832985,submit,b1524,sprint,,mobile
1546930070473,enter,b1736,sprint,,mobile
1546930168294,respond,q2406,sprint,a,mobile
1546930168973,respond,q2406,sprint,a,mobile
1546930177004,submit,b1736,sprint,,mobile
1546930488677,enter,b1638,adaptive_offer,,mobile
1546930540444,respond,q2112,adaptive_offer,c,mobile
1546930544799,submit,b1638,adaptive_offer,,mobile
1546930777722,enter,b1477,adaptive_offer,,mobile
1546930851929,respond,q1629,adaptive_offer,d,mobile
1546930855947,submit,b1477,adaptive_offer,,mobile
1547011536989,enter,b5120,sprint,,mobile
1547011622946,respond,q6696,sprint,a,mobile
1547011627901,submit,b5120,sprint,,mobile
1547011762410,enter,b3049,sprint,,mobile
1547011764780,respond,q4517,sprint,b,mobile
1547011767329,submit,b3049,sprint,,mobile
1547011826131,enter,b3046,sprint,,mobile
1547011837439,respond,q4514,sprint,c,mobile
1547011851167,submit,b3046,sprint,,mobile
1547011867620,enter,b6296,sprint,,mobile
1547011870262,respond,q8945,sprint,c,mobile
1547011875249,submit,b6296,sprint,,mobile
1547011886589,enter,b3357,sprint,,mobile
1547011900168,respond,q4825,sprint,c,mobile
1547011921158,submit,b3357,sprint,,mobile
1547011970326,enter,b3032,sprint,,mobile
1547011989294,respond,q4500,sprint,c,mobile
1547011992627,submit,b3032,sprint,,mobile
1547012132510,enter,b3022,sprint,,mobile
1547012136787,respond,q4490,sprint,c,mobile
1547012137771,respond,q4490,sprint,b,mobile
1547012140539,submit,b3022,sprint,,mobile
1547012163322,enter,b7504,sprint,,mobile
1547012192979,respond,q10153,sprint,c,mobile
1547012196117,respond,q10153,sprint,b,mobile
1547012200510,submit,b7504,sprint,,mobile
1547012265513,enter,b2231,sprint,,mobile
1547012270867,respond,q3699,sprint,a,mobile
1547012278864,submit,b2231,sprint,,mobile
1547012286717,enter,b2825,sprint,,mobile
1547012299450,respond,q4293,sprint,c,mobile
1547012310522,respond,q4293,sprint,b,mobile
1547012319904,submit,b2825,sprint,,mobile
1547012342845,enter,b3011,sprint,,mobile
1547012350914,respond,q4479,sprint,b,mobile
1547012353662,submit,b3011,sprint,,mobile
1547012392598,enter,b6402,sprint,,mobile
1547012408775,respond,q9051,sprint,d,mobile
1547012420065,respond,q9051,sprint,b,mobile
1547012427733,submit,b6402,sprint,,mobile
1547012457824,enter,b4572,sprint,,mobile
1547012462442,respond,q6040,sprint,b,mobile
1547012466418,respond,q6040,sprint,d,mobile
1547012469139,respond,q6040,sprint,c,mobile
1547012475337,submit,b4572,sprint,,mobile
1547012485092,enter,b6957,sprint,,mobile
1547012499192,respond,q9606,sprint,c,mobile
1547012502230,submit,b6957,sprint,,mobile
1547012548582,enter,b4311,sprint,,mobile
1547012575361,respond,q5779,sprint,b,mobile
1547012581417,submit,b4311,sprint,,mobile
1547012622034,enter,b7512,sprint,,mobile
1547012630850,respond,q10161,sprint,b,mobile
1547012633827,submit,b7512,sprint,,mobile
1547012672603,enter,b4928,sprint,,mobile
1547012691753,respond,q6396,sprint,b,mobile
1547012699049,respond,q6396,sprint,a,mobile
1547012702403,submit,b4928,sprint,,mobile
1547012714442,enter,b3742,sprint,,mobile
1547012725560,respond,q5210,sprint,b,mobile
1547012729661,submit,b3742,sprint,,mobile
1547012763429,enter,b4747,sprint,,mobile
1547012776572,respond,q6215,sprint,b,mobile
1547012779507,submit,b4747,sprint,,mobile
1547012789915,enter,b7431,sprint,,mobile
1547012801966,respond,q10080,sprint,a,mobile
1547012806084,submit,b7431,sprint,,mobile
1547012877248,enter,b3757,sprint,,mobile
1547012887936,respond,q5225,sprint,d,mobile
1547012891377,submit,b3757,sprint,,mobile
1547029047202,enter,b3616,sprint,,mobile
1547029054103,respond,q5084,sprint,b,mobile
1547029056537,submit,b3616,sprint,,mobile
1547029063786,enter,b4184,sprint,,mobile
1547029100726,respond,q5652,sprint,c,mobile
1547029104047,respond,q5652,sprint,d,mobile
1547029107035,submit,b4184,sprint,,mobile
1547030091772,enter,b4184,adaptive_offer,,mobile
1547030100809,respond,q5652,adaptive_offer,c,mobile
1547030105427,submit,b4184,adaptive_offer,,mobile
1547030352713,enter,b3774,adaptive_offer,,mobile
1547030372612,respond,q5242,adaptive_offer,a,mobile
1547030379051,submit,b3774,adaptive_offer,,mobile
1547030677242,enter,b6881,sprint,,mobile
1547030691756,respond,q9530,sprint,c,mobile
1547030709979,respond,q9530,sprint,d,mobile
1547030715856,submit,b6881,sprint,,mobile
1547030774770,enter,b2863,sprint,,mobile
1547030818986,respond,q4331,sprint,c,mobile
1547030821606,submit,b2863,sprint,,mobile
1547030966485,enter,b4786,sprint,,mobile
1547030981195,respond,q6254,sprint,a,mobile
1547030986484,submit,b4786,sprint,,mobile
1547031065181,enter,b5034,sprint,,mobile
1547031081200,respond,q6502,sprint,c,mobile
1547031083139,respond,q6502,sprint,d,mobile
1547031085369,submit,b5034,sprint,,mobile
1547031098774,enter,b5914,sprint,,mobile
1547031145594,respond,q8563,sprint,a,mobile
1547031147643,submit,b5914,sprint,,mobile
1547031487495,enter,b4561,sprint,,mobile
1547031498990,respond,q6029,sprint,b,mobile
1547031503247,submit,b4561,sprint,,mobile
1547031838930,enter,b2717,sprint,,mobile
1547031883414,respond,q4185,sprint,c,mobile
1547031885600,respond,q4185,sprint,b,mobile
1547031889870,submit,b2717,sprint,,mobile
1547031944181,enter,b4621,sprint,,mobile
1547031967718,respond,q6089,sprint,b,mobile
1547031994154,submit,b4621,sprint,,mobile
1547032051189,enter,b4621,review_quiz,,mobile
1547032054038,respond,q6089,review_quiz,b,mobile
1547032056403,submit,b4621,review_quiz,,mobile
1547032060117,enter,b2717,review_quiz,,mobile
1547032063644,respond,q4185,review_quiz,b,mobile
1547032065859,submit,b2717,review_quiz,,mobile
1547032068506,enter,b4561,review_quiz,,mobile
1547032079936,respond,q6029,review_quiz,c,mobile
1547032086707,submit,b4561,review_quiz,,mobile
1547032094448,enter,b5914,review_quiz,,mobile
1547032119269,respond,q8563,review_quiz,c,mobile
1547032122286,submit,b5914,review_quiz,,mobile
1547032132452,enter,b5034,review_quiz,,mobile
1547032135656,respond,q6502,review_quiz,d,mobile
1547032137500,submit,b5034,review_quiz,,mobile
1547032140976,enter,b4786,review_quiz,,mobile
1547032143373,respond,q6254,review_quiz,c,mobile
1547032146875,submit,b4786,review_quiz,,mobile
1547032151765,enter,b2863,review_quiz,,mobile
1547032162633,respond,q4331,review_quiz,b,mobile
1547032176086,submit,b2863,review_quiz,,mobile
1547032198236,enter,b6881,review_quiz,,mobile
1547032201335,respond,q9530,review_quiz,d,mobile
1547032207692,submit,b6881,review_quiz,,mobile
1547032210333,enter,b3774,review_quiz,,mobile
1547032215515,respond,q5242,review_quiz,a,mobile
1547032218568,submit,b3774,review_quiz,,mobile
1547032221954,enter,b4184,review_quiz,,mobile
1547032224620,respond,q5652,review_quiz,c,mobile
1547032234550,submit,b4184,review_quiz,,mobile
1547032270692,enter,b3616,review_quiz,,mobile
1547032272826,respond,q5084,review_quiz,b,mobile
1547032274913,submit,b3616,review_quiz,,mobile
1547032277739,enter,b3757,review_quiz,,mobile
1547032288344,respond,q5225,review_quiz,d,mobile
1547032290626,submit,b3757,review_quiz,,mobile
1547032294199,enter,b7431,review_quiz,,mobile
1547032303928,respond,q10080,review_quiz,a,mobile
1547032307215,submit,b7431,review_quiz,,mobile
1547032310290,enter,b4747,review_quiz,,mobile
1547032313333,respond,q6215,review_quiz,b,mobile
1547032315479,submit,b4747,review_quiz,,mobile
1547032318159,enter,b3742,review_quiz,,mobile
1547032325642,respond,q5210,review_quiz,b,mobile
1547032328006,submit,b3742,review_quiz,,mobile
1547032330455,enter,b4928,review_quiz,,mobile
1547032341948,respond,q6396,review_quiz,a,mobile
1547032348853,submit,b4928,review_quiz,,mobile
1547032359737,enter,b7512,review_quiz,,mobile
1547032370827,respond,q10161,review_quiz,b,mobile
1547032372791,submit,b7512,review_quiz,,mobile
1547032379940,enter,b4311,review_quiz,,mobile
1547032405003,respond,q5779,review_quiz,b,mobile
1547032408888,submit,b4311,review_quiz,,mobile
1547032442704,enter,b6957,review_quiz,,mobile
1547032448164,respond,q9606,review_quiz,a,mobile
1547032450595,submit,b6957,review_quiz,,mobile
1547032467788,enter,b4572,review_quiz,,mobile
1547032477695,respond,q6040,review_quiz,c,mobile
1547032479678,submit,b4572,review_quiz,,mobile
1547032482621,enter,b6402,review_quiz,,mobile
1547032486883,respond,q9051,review_quiz,d,mobile
1547032488999,submit,b6402,review_quiz,,mobile
1547032493823,enter,b3011,review_quiz,,mobile
1547032502166,respond,q4479,review_quiz,b,mobile
1547032504972,submit,b3011,review_quiz,,mobile
1547032510384,enter,b2825,review_quiz,,mobile
1547032519038,respond,q4293,review_quiz,b,mobile
1547032522638,submit,b2825,review_quiz,,mobile
1547032524829,enter,b2231,review_quiz,,mobile
1547032528610,respond,q3699,review_quiz,a,mobile
1547032530372,submit,b2231,review_quiz,,mobile
1547032533206,enter,b7504,review_quiz,,mobile
1547032538364,respond,q10153,review_quiz,b,mobile
1547032541285,submit,b7504,review_quiz,,mobile
1547032554180,enter,b3022,review_quiz,,mobile
1547032556539,respond,q4490,review_quiz,b,mobile
1547032558952,submit,b3022,review_quiz,,mobile
1547032561755,enter,b3032,review_quiz,,mobile
1547032566843,respond,q4500,review_quiz,c,mobile
1547032568957,submit,b3032,review_quiz,,mobile
1547032578364,enter,b3357,review_quiz,,mobile
1547032588827,respond,q4825,review_quiz,c,mobile
1547032592947,submit,b3357,review_quiz,,mobile
1547032597938,enter,b6296,review_quiz,,mobile
1547032602023,respond,q8945,review_quiz,c,mobile
1547032603941,submit,b6296,review_quiz,,mobile
1547032606640,enter,b3046,review_quiz,,mobile
1547032614805,respond,q4514,review_quiz,c,mobile
1547032617171,submit,b3046,review_quiz,,mobile
1547035014573,enter,b4786,adaptive_offer,,mobile
1547035017371,respond,q6254,adaptive_offer,c,mobile
1547035040632,submit,b4786,adaptive_offer,,mobile
1547035048103,enter,b5141,adaptive_offer,,mobile
1547035059062,respond,q6735,adaptive_offer,b,mobile
1547035062150,submit,b5141,adaptive_offer,,mobile
1547035091802,enter,b8470,sprint,,mobile
1547035264150,respond,q11548,sprint,b,mobile
1547035267368,submit,b8470,sprint,,mobile
1547035400983,enter,b5186,sprint,,mobile
1547035564546,respond,q6840,sprint,c,mobile
1547035569319,submit,b5186,sprint,,mobile
1547099604736,enter,b7921,sprint,,mobile
1547099724385,respond,q10641,sprint,d,mobile
1547099738553,respond,q10641,sprint,a,mobile
1547099741869,submit,b7921,sprint,,mobile
1547100723203,enter,b5194,sprint,,mobile
1547100820618,respond,q6872,sprint,a,mobile
1547100846438,respond,q6872,sprint,c,mobile
1547100852132,submit,b5194,sprint,,mobile
1547101776346,enter,b7983,sprint,,mobile
1547101902758,respond,q10879,sprint,a,mobile
1547101907371,respond,q10879,sprint,c,mobile
1547101907778,respond,q10879,sprint,d,mobile
1547101911931,submit,b7983,sprint,,mobile
1547102684428,enter,b5105,sprint,,mobile
1547102916684,respond,q6635,sprint,b,mobile
1547102919419,respond,q6636,sprint,c,mobile
1547102931818,respond,q6636,sprint,d,mobile
1547102937907,submit,b5105,sprint,,mobile
1547102949381,enter,b5186,adaptive_offer,,mobile
1547103125413,respond,q6840,adaptive_offer,c,mobile
1547103134337,respond,q6840,adaptive_offer,b,mobile
1547103137798,submit,b5186,adaptive_offer,,mobile
1547103517815,enter,b5108,sprint,,mobile
1547103781697,respond,q6648,sprint,a,mobile
1547103786184,submit,b5108,sprint,,mobile
1547106710962,enter,b5108,adaptive_offer,,mobile
1547106808423,respond,q6648,adaptive_offer,c,mobile
1547106812935,submit,b5108,adaptive_offer,,mobile
1547108586800,enter,b5108,adaptive_offer,,mobile
1547108627586,respond,q6648,adaptive_offer,d,mobile
1547108630782,submit,b5108,adaptive_offer,,mobile
1547108650167,enter,b5123,adaptive_offer,,mobile
1547108700558,respond,q6708,adaptive_offer,c,mobile
1547108714784,submit,b5123,adaptive_offer,,mobile
1547126107815,enter,b6404,sprint,,mobile
1547126119353,respond,q9053,sprint,d,mobile
1547126128484,submit,b6404,sprint,,mobile
1547126163010,enter,b2570,sprint,,mobile
1547126184148,respond,q4038,sprint,a,mobile
1547126200006,submit,b2570,sprint,,mobile
1547126313745,enter,b4181,sprint,,mobile
1547126320848,respond,q5649,sprint,b,mobile
1547126324516,submit,b4181,sprint,,mobile
1547126344454,enter,b3681,sprint,,mobile
1547126352602,respond,q5149,sprint,a,mobile
1547126354808,submit,b3681,sprint,,mobile
1547126364610,enter,b7266,sprint,,mobile
1547126394947,respond,q9915,sprint,c,mobile
1547126403043,submit,b7266,sprint,,mobile
1547126426088,enter,b3299,sprint,,mobile
1547126434535,respond,q4767,sprint,c,mobile
1547126446502,respond,q4767,sprint,b,mobile
1547126455492,submit,b3299,sprint,,mobile
1547126537692,enter,b4303,sprint,,mobile
1547126548038,respond,q5771,sprint,b,mobile
1547126554646,submit,b4303,sprint,,mobile
1547126571686,enter,b3467,sprint,,mobile
1547126598385,respond,q4935,sprint,c,mobile
1547126600985,respond,q4935,sprint,d,mobile
1547126604748,submit,b3467,sprint,,mobile
1547126758352,enter,b7579,sprint,,mobile
1547126795419,respond,q10228,sprint,b,mobile
1547126798090,submit,b7579,sprint,,mobile
1547127130062,enter,b5033,sprint,,mobile
1547127139466,respond,q6501,sprint,c,mobile
1547127142231,submit,b5033,sprint,,mobile
1547127183709,enter,b4440,sprint,,mobile
1547127194855,respond,q5908,sprint,d,mobile
1547127197390,submit,b4440,sprint,,mobile
1547127227144,enter,b3790,sprint,,mobile
1547127237383,respond,q5258,sprint,b,mobile
1547127240803,submit,b3790,sprint,,mobile
1547127268178,enter,b7343,sprint,,mobile
1547127281029,respond,q9992,sprint,c,mobile
1547127283493,submit,b7343,sprint,,mobile
1547127315973,enter,b3626,sprint,,mobile
1547127323358,respond,q5094,sprint,a,mobile
1547127325667,submit,b3626,sprint,,mobile
1547181250859,enter,b3626,review_quiz,,mobile
1547181260528,respond,q5094,review_quiz,a,mobile
1547181284278,submit,b3626,review_quiz,,mobile
1547181560588,enter,b7343,review_quiz,,mobile
1547181569195,respond,q9992,review_quiz,c,mobile
1547181571897,submit,b7343,review_quiz,,mobile
1547182056530,enter,b3790,review_quiz,,mobile
1547182075971,respond,q5258,review_quiz,d,mobile
1547182082967,submit,b3790,review_quiz,,mobile
1547182088268,enter,b4440,review_quiz,,mobile
1547182093176,respond,q5908,review_quiz,d,mobile
1547182095593,submit,b4440,review_quiz,,mobile
1547182238963,enter,b5033,review_quiz,,mobile
1547182250994,respond,q6501,review_quiz,d,mobile
1547182251593,respond,q6501,review_quiz,c,mobile
1547182253778,submit,b5033,review_quiz,,mobile
1547182257318,enter,b7579,review_quiz,,mobile
1547182263890,respond,q10228,review_quiz,c,mobile
1547182281642,submit,b7579,review_quiz,,mobile
1547182288748,enter,b3467,review_quiz,,mobile
1547182294153,respond,q4935,review_quiz,d,mobile
1547182296389,submit,b3467,review_quiz,,mobile
1547182299007,enter,b4303,review_quiz,,mobile
1547182307601,respond,q5771,review_quiz,b,mobile
1547182317004,submit,b4303,review_quiz,,mobile
1547182409078,enter,b3299,review_quiz,,mobile
1547182415810,respond,q4767,review_quiz,a,mobile
1547182425662,submit,b3299,review_quiz,,mobile
1547182437349,enter,b7266,review_quiz,,mobile
1547182447545,respond,q9915,review_quiz,b,mobile
1547182453918,submit,b7266,review_quiz,,mobile
1547182456500,enter,b3681,review_quiz,,mobile
1547182475926,respond,q5149,review_quiz,a,mobile
1547182478045,submit,b3681,review_quiz,,mobile
1547182481192,enter,b4181,review_quiz,,mobile
1547182492247,respond,q5649,review_quiz,d,mobile
1547182496011,submit,b4181,review_quiz,,mobile
1547182499622,enter,b2570,review_quiz,,mobile
1547182504223,respond,q4038,review_quiz,d,mobile
1547182548097,submit,b2570,review_quiz,,mobile
1547182575598,enter,b6404,review_quiz,,mobile
1547182585784,respond,q9053,review_quiz,c,mobile
1547182587356,respond,q9053,review_quiz,d,mobile
1547182591643,submit,b6404,review_quiz,,mobile
1547182607177,enter,b5123,review_quiz,,mobile
1547182692587,respond,q6707,review_quiz,c,mobile
1547182704542,submit,b5123,review_quiz,,mobile
1547182881286,enter,b5108,review_quiz,,mobile
1547183000201,respond,q6648,review_quiz,d,mobile
1547183003655,submit,b5108,review_quiz,,mobile
1547183128382,enter,b5186,review_quiz,,mobile
1547183227606,respond,q6840,review_quiz,c,mobile
1547183233708,submit,b5186,review_quiz,,mobile
1547183627392,enter,b5105,review_quiz,,mobile
1547183722435,respond,q6636,review_quiz,b,mobile
1547183727577,submit,b5105,review_quiz,,mobile
1547183732643,enter,b7983,review_quiz,,mobile
1547183792775,respond,q10879,review_quiz,b,mobile
1547183796781,submit,b7983,review_quiz,,mobile
1547183830770,enter,b5194,review_quiz,,mobile
1547183966721,respond,q6872,review_quiz,b,mobile
1547183969764,submit,b5194,review_quiz,,mobile
1547184018761,enter,b7921,review_quiz,,mobile
1547184164668,respond,q10641,review_quiz,a,mobile
1547184168288,submit,b7921,review_quiz,,mobile
1547184873614,enter,b4644,adaptive_offer,,mobile
1547184895606,respond,q6112,adaptive_offer,a,mobile
1547184898991,submit,b4644,adaptive_offer,,mobile
1547184909917,enter,b3790,adaptive_offer,,mobile
1547184916154,respond,q5258,adaptive_offer,d,mobile
1547184922057,submit,b3790,adaptive_offer,,mobile
1547185964052,enter,b5151,adaptive_offer,,mobile
1547186044506,respond,q6745,adaptive_offer,c,mobile
1547186047019,submit,b5151,adaptive_offer,,mobile
1547186701263,enter,b3299,adaptive_offer,,mobile
1547186786275,respond,q4767,adaptive_offer,a,mobile
1547186791096,submit,b3299,adaptive_offer,,mobile
1547186812094,enter,b2710,sprint,,mobile
1547186820397,respond,q4178,sprint,b,mobile
1547186827578,respond,q4178,sprint,c,mobile
1547186834690,submit,b2710,sprint,,mobile
1547187942698,enter,b4181,adaptive_offer,,mobile
1547187948763,respond,q5649,adaptive_offer,d,mobile
1547187952100,submit,b4181,adaptive_offer,,mobile
1547187960899,enter,b4720,adaptive_offer,,mobile
1547187999461,respond,q6188,adaptive_offer,d,mobile
1547188001899,submit,b4720,adaptive_offer,,mobile
1547194523719,enter,b3096,sprint,,mobile
1547194530524,respond,q4564,sprint,b,mobile
1547194532975,submit,b3096,sprint,,mobile
1547194572844,enter,b6418,sprint,,mobile
1547194599545,respond,q9067,sprint,a,mobile
1547194601965,respond,q9067,sprint,b,mobile
1547194604420,submit,b6418,sprint,,mobile
1547194715779,enter,b2609,sprint,,mobile
1547194730519,respond,q4077,sprint,c,mobile
1547194734744,respond,q4077,sprint,d,mobile
1547194753017,respond,q4077,sprint,a,mobile
1547194753706,respond,q4077,sprint,c,mobile
1547194763926,submit,b2609,sprint,,mobile
1547194805621,enter,b3451,sprint,,mobile
1547194824662,respond,q4919,sprint,c,mobile
1547194837617,submit,b3451,sprint,,mobile
1547194936153,enter,b3610,sprint,,mobile
1547194938796,respond,q5078,sprint,b,mobile
1547194941774,submit,b3610,sprint,,mobile
1547194962034,enter,b7135,sprint,,mobile
1547194973823,respond,q9784,sprint,c,mobile
1547194985712,submit,b7135,sprint,,mobile
1547195019178,enter,b3019,sprint,,mobile
1547195062388,respond,q4487,sprint,d,mobile
1547195063873,respond,q4487,sprint,a,mobile
1547195068784,respond,q4487,sprint,b,mobile
1547195072203,submit,b3019,sprint,,mobile
1547195420401,enter,b4257,sprint,,mobile
1547195438390,respond,q5725,sprint,c,mobile
1547195447702,submit,b4257,sprint,,mobile
1547195754736,enter,b4236,sprint,,mobile
1547195768120,respond,q5704,sprint,b,mobile
1547195785066,submit,b4236,sprint,,mobile
1547195835533,enter,b7201,sprint,,mobile
1547195852575,respond,q9850,sprint,d,mobile
1547195856207,submit,b7201,sprint,,mobile
1547195863060,enter,b4971,sprint,,mobile
1547195875323,respond,q6439,sprint,b,mobile
1547195881069,submit,b4971,sprint,,mobile
1547195999769,enter,b4931,sprint,,mobile
1547196026512,respond,q6399,sprint,a,mobile
1547196029389,submit,b4931,sprint,,mobile
1547196120926,enter,b3086,sprint,,mobile
1547196136536,respond,q4554,sprint,c,mobile
1547196141003,respond,q4554,sprint,d,mobile
1547196144368,submit,b3086,sprint,,mobile
1547196305453,enter,b4076,sprint,,mobile
1547196313660,respond,q5544,sprint,d,mobile
1547196317435,respond,q5544,sprint,b,mobile
1547196325750,submit,b4076,sprint,,mobile
1547196351750,enter,b4787,sprint,,mobile
1547196379980,respond,q6255,sprint,b,mobile
1547196386716,respond,q6255,sprint,c,mobile
1547196396508,submit,b4787,sprint,,mobile
1547196417780,enter,b3820,sprint,,mobile
1547196437305,respond,q5288,sprint,a,mobile
1547196449844,respond,q5288,sprint,b,mobile
1547196450782,respond,q5288,sprint,a,mobile
1547196468472,submit,b3820,sprint,,mobile
1547196797886,enter,b2635,sprint,,mobile
1547196807522,respond,q4103,sprint,d,mobile
1547196810747,submit,b2635,sprint,,mobile
1547197050202,enter,b6419,sprint,,mobile
1547197058084,respond,q9068,sprint,c,mobile
1547197063549,submit,b6419,sprint,,mobile
1547197085642,enter,b2223,sprint,,mobile
1547197097899,respond,q3691,sprint,a,mobile
1547197102879,submit,b2223,sprint,,mobile
1547197142864,enter,b4775,sprint,,mobile
1547197154492,respond,q6243,sprint,d,mobile
1547197159052,respond,q6243,sprint,c,mobile
1547197167453,submit,b4775,sprint,,mobile
1547197183819,enter,b4650,sprint,,mobile
1547197193362,respond,q6118,sprint,b,mobile
1547197216109,submit,b4650,sprint,,mobile
1547200769950,enter,b2491,sprint,,mobile
1547200796922,respond,q3959,sprint,d,mobile
1547200800696,respond,q3959,sprint,b,mobile
1547200814493,respond,q3959,sprint,d,mobile
1547200833669,submit,b2491,sprint,,mobile
1547200893010,enter,b5174,sprint,,mobile
1547201096426,respond,q6790,sprint,a,mobile
1547201110741,respond,q6790,sprint,c,mobile
1547201111585,respond,q6790,sprint,a,mobile
1547201118443,submit,b5174,sprint,,mobile
1547201137616,enter,b5108,adaptive_offer,,mobile
1547201214216,respond,q6648,adaptive_offer,d,mobile
1547201216878,submit,b5108,adaptive_offer,,mobile
1547201464081,enter,b8511,sprint,,mobile
1547201552649,respond,q11714,sprint,c,mobile
1547201561714,respond,q11714,sprint,b,mobile
1547201580985,respond,q11714,sprint,a,mobile
1547201602376,respond,q11714,sprint,b,mobile
1547201605908,submit,b8511,sprint,,mobile
1547201695055,enter,b7920,sprint,,mobile
1547201880542,respond,q10637,sprint,a,mobile
1547201884747,submit,b7920,sprint,,mobile
1547202132202,enter,b5173,sprint,,mobile
1547202243768,respond,q6786,sprint,a,mobile
1547202245464,respond,q6787,sprint,b,mobile
1547202246188,respond,q6788,sprint,c,mobile
1547202250956,respond,q6787,sprint,b,mobile
1547202251820,respond,q6786,sprint,a,mobile
1547202251912,respond,q6786,sprint,d,mobile
1547202272432,respond,q6786,sprint,b,mobile
1547202276714,submit,b5173,sprint,,mobile
1547202321061,enter,b5174,adaptive_offer,,mobile
1547202373313,respond,q6792,adaptive_offer,b,mobile
1547202376769,submit,b5174,adaptive_offer,,mobile
1547202586932,enter,b2043,sprint,,mobile
1547202692334,respond,q3327,sprint,c,mobile
1547202694376,respond,q3327,sprint,c,mobile
1547202695331,respond,q3327,sprint,c,mobile
1547202698856,submit,b2043,sprint,,mobile
1547202764602,enter,b2043,review_quiz,,mobile
1547202831056,respond,q3327,review_quiz,d,mobile
1547202834055,submit,b2043,review_quiz,,mobile
1547202867245,enter,b2066,sprint,,mobile
1547202954887,respond,q3396,sprint,d,mobile
1547202955750,respond,q3396,sprint,d,mobile
1547202959637,submit,b2066,sprint,,mobile
1547202986046,enter,b2066,review_quiz,,mobile
1547203045825,respond,q3396,review_quiz,a,mobile
1547203048581,submit,b2066,review_quiz,,mobile
1547204874882,enter,b4775,review_quiz,,mobile
1547204884208,respond,q6243,review_quiz,d,mobile
1547204887182,submit,b4775,review_quiz,,mobile
1547204890341,enter,b2230,review_quiz,,mobile
1547204907095,respond,q3698,review_quiz,d,mobile
1547204909462,submit,b2230,review_quiz,,mobile
1547204923115,enter,b7135,review_quiz,,mobile
1547204927754,respond,q9784,review_quiz,d,mobile
1547204930203,submit,b7135,review_quiz,,mobile
1547204934793,enter,b3610,review_quiz,,mobile
1547204937276,respond,q5078,review_quiz,b,mobile
1547204939858,submit,b3610,review_quiz,,mobile
1547204943637,enter,b2066,review_quiz,,mobile
1547204970057,respond,q3396,review_quiz,b,mobile
1547204970477,respond,q3396,review_quiz,b,mobile
1547204973551,submit,b2066,review_quiz,,mobile
1547204977096,enter,b6095,review_quiz,,mobile
1547204988808,respond,q8744,review_quiz,a,mobile
1547204991645,submit,b6095,review_quiz,,mobile
1547204994487,enter,b5165,review_quiz,,mobile
1547205009478,respond,q6759,review_quiz,d,mobile
1547205012186,submit,b5165,review_quiz,,mobile
1547205036404,enter,b4184,review_quiz,,mobile
1547205074557,respond,q5652,review_quiz,c,mobile
1547205105649,submit,b4184,review_quiz,,mobile
1547205128454,enter,b6805,review_quiz,,mobile
1547205145757,respond,q9454,review_quiz,c,mobile
1547205148746,respond,q9454,review_quiz,b,mobile
1547205153915,submit,b6805,review_quiz,,mobile
1547205160182,enter,b108,review_quiz,,mobile
1547205163770,respond,q108,review_quiz,a,mobile
1547205167171,submit,b108,review_quiz,,mobile
1547205175625,enter,b6418,review_quiz,,mobile
1547205188517,respond,q9067,review_quiz,b,mobile
1547205196544,submit,b6418,review_quiz,,mobile
1547205209347,enter,b2172,review_quiz,,mobile
1547205220270,respond,q3640,review_quiz,a,mobile
1547205222862,submit,b2172,review_quiz,,mobile
1547205228816,enter,b2849,review_quiz,,mobile
1547205237095,respond,q4317,review_quiz,c,mobile
1547205257147,submit,b2849,review_quiz,,mobile
1547205352068,enter,b424,review_quiz,,mobile
1547205354637,respond,q424,review_quiz,c,mobile
1547205356453,submit,b424,review_quiz,,mobile
1547205360038,enter,b5040,review_quiz,,mobile
1547205369037,respond,q6508,review_quiz,a,mobile
1547205370019,respond,q6508,review_quiz,d,mobile
1547205372494,submit,b5040,review_quiz,,mobile
1547205378079,enter,b8477,review_quiz,,mobile
1547205457158,respond,q11578,review_quiz,a,mobile
1547205461783,submit,b8477,review_quiz,,mobile
1547205624050,enter,b3125,review_quiz,,mobile
1547205636378,respond,q4593,review_quiz,a,mobile
1547205640663,submit,b3125,review_quiz,,mobile
1547205646917,enter,b8199,review_quiz,,mobile
1547205650608,respond,q11146,review_quiz,d,mobile
1547205654450,submit,b8199,review_quiz,,mobile
1547527440560,enter,b1481,sprint,,mobile
1547527482574,submit,b1481,sprint,,mobile
1547527563330,enter,b1481,sprint,,mobile
1547527634350,respond,q1641,sprint,c,mobile
1547527645505,submit,b1481,sprint,,mobile
1547527717730,enter,b1559,sprint,,mobile
1547527797520,respond,q1875,sprint,b,mobile
1547527804358,respond,q1875,sprint,b,mobile
1547527812444,submit,b1559,sprint,,mobile
1547527995565,enter,b1597,sprint,,mobile
1547528074774,respond,q1989,sprint,b,mobile
1547528078796,respond,q1989,sprint,b,mobile
1547528082505,submit,b1597,sprint,,mobile
1547528980728,enter,b1759,sprint,,mobile
1547529049603,respond,q2475,sprint,d,mobile
1547529065973,submit,b1759,sprint,,mobile
1547529398650,enter,b1524,adaptive_offer,,mobile
1547529482213,respond,q1770,adaptive_offer,b,mobile
1547529487965,submit,b1524,adaptive_offer,,mobile
1547529799968,enter,b2635,adaptive_offer,,mobile
1547529813569,respond,q4103,adaptive_offer,d,mobile
1547529816270,submit,b2635,adaptive_offer,,mobile
1547529831822,enter,b4931,adaptive_offer,,mobile
1547529842426,respond,q6399,adaptive_offer,c,mobile
1547529845272,submit,b4931,adaptive_offer,,mobile
1547533614843,enter,b2836,sprint,,mobile
1547533653607,respond,q4304,sprint,a,mobile
1547533657290,submit,b2836,sprint,,mobile
1547533751089,enter,b3433,sprint,,mobile
1547533762950,respond,q4901,sprint,a,mobile
1547533765926,submit,b3433,sprint,,mobile
1547533801978,enter,b3305,sprint,,mobile
1547533829068,respond,q4773,sprint,d,mobile
1547533832693,submit,b3305,sprint,,mobile
1547533883224,enter,b6180,sprint,,mobile
1547533903176,respond,q8829,sprint,d,mobile
1547533907749,respond,q8829,sprint,a,mobile
1547533910915,submit,b6180,sprint,,mobile
1547534098682,enter,b4919,sprint,,mobile
1547534129693,respond,q6387,sprint,b,mobile
1547534133194,submit,b4919,sprint,,mobile
1547534137431,enter,b3649,sprint,,mobile
1547534149858,respond,q5117,sprint,c,mobile
1547534159415,submit,b3649,sprint,,mobile
1547696837410,enter,b4872,sprint,,mobile
1547696870737,respond,q6340,sprint,b,mobile
1547696873231,submit,b4872,sprint,,mobile
1547696920849,enter,b5884,sprint,,mobile
1547696952246,respond,q8533,sprint,b,mobile
1547696957201,submit,b5884,sprint,,mobile
1547697350727,enter,b4045,sprint,,mobile
1547697356642,respond,q5513,sprint,c,mobile
1547697359239,submit,b4045,sprint,,mobile
1547697380488,enter,b7369,sprint,,mobile
1547697399939,respond,q10018,sprint,d,mobile
1547697402952,submit,b7369,sprint,,mobile
1547697636893,enter,b4842,sprint,,mobile
1547697651748,respond,q6310,sprint,b,mobile
1547697657030,submit,b4842,sprint,,mobile
1547697784146,enter,b5922,sprint,,mobile
1547697802260,respond,q8571,sprint,b,mobile
1547697804592,submit,b5922,sprint,,mobile
1547697835662,enter,b2982,sprint,,mobile
1547697855701,respond,q4450,sprint,d,mobile
1547697858829,submit,b2982,sprint,,mobile
1547697984320,enter,b2325,sprint,,mobile
1547697999368,respond,q3793,sprint,c,mobile
1547698002600,submit,b2325,sprint,,mobile
1547698067871,enter,b4634,sprint,,mobile
1547698092221,respond,q6102,sprint,c,mobile
1547698094256,respond,q6102,sprint,d,mobile
1547698099010,submit,b4634,sprint,,mobile
1547698799228,enter,b5947,sprint,,mobile
1547698802945,respond,q8596,sprint,a,mobile
1547698805531,submit,b5947,sprint,,mobile
1547698844285,enter,b3840,sprint,,mobile
1547698914160,respond,q5308,sprint,d,mobile
1547698917726,submit,b3840,sprint,,mobile
1547699023306,enter,b4195,sprint,,mobile
1547699045518,respond,q5663,sprint,a,mobile
1547699050952,submit,b4195,sprint,,mobile
1547699225447,enter,b4290,sprint,,mobile
1547699243591,respond,q5758,sprint,c,mobile
1547699244094,respond,q5758,sprint,b,mobile
1547699246584,submit,b4290,sprint,,mobile
1547700747527,enter,b7521,sprint,,mobile
1547700777905,respond,q10170,sprint,b,mobile
1547700786280,submit,b7521,sprint,,mobile
1547700863647,enter,b5005,sprint,,mobile
1547700882851,respond,q6473,sprint,c,mobile
1547700891248,submit,b5005,sprint,,mobile
1547700964295,enter,b2395,sprint,,mobile
1547701006675,respond,q3863,sprint,a,mobile
1547701010833,respond,q3863,sprint,d,mobile
1547701014775,submit,b2395,sprint,,mobile
1547701332931,enter,b2572,sprint,,mobile
1547701350775,respond,q4040,sprint,d,mobile
1547701360525,respond,q4040,sprint,c,mobile
1547701391194,respond,q4040,sprint,b,mobile
1547701393950,submit,b2572,sprint,,mobile
1547701616894,enter,b7127,sprint,,mobile
1547701645158,respond,q9776,sprint,b,mobile
1547701647722,submit,b7127,sprint,,mobile
1547701691234,enter,b4715,sprint,,mobile
1547701713149,respond,q6183,sprint,b,mobile
1547701717167,submit,b4715,sprint,,mobile
1547701759320,enter,b4721,sprint,,mobile
1547701768314,respond,q6189,sprint,d,mobile
1547701771366,submit,b4721,sprint,,mobile
1547702137082,enter,b2269,sprint,,mobile
1547702165198,respond,q3737,sprint,c,mobile
1547702170483,submit,b2269,sprint,,mobile
1547702209966,enter,b6729,sprint,,mobile
1547702222271,respond,q9378,sprint,b,mobile
1547702232246,submit,b6729,sprint,,mobile
1547702314628,enter,b4692,sprint,,mobile
1547702336555,respond,q6160,sprint,b,mobile
1547702340040,submit,b4692,sprint,,mobile
1547702629513,enter,b4302,sprint,,mobile
1547702640081,respond,q5770,sprint,b,mobile
1547702642965,submit,b4302,sprint,,mobile
1547703123644,enter,b4018,sprint,,mobile
1547703130266,respond,q5486,sprint,b,mobile
1547703131935,respond,q5486,sprint,c,mobile
1547703153102,submit,b4018,sprint,,mobile
1547703172236,enter,b5857,sprint,,mobile
1547703189918,respond,q8506,sprint,a,mobile
1547703192551,submit,b5857,sprint,,mobile
1547703249769,enter,b3951,sprint,,mobile
1547703295616,respond,q5419,sprint,d,mobile
1547703298792,respond,q5419,sprint,a,mobile
1547703302031,submit,b3951,sprint,,mobile
1547703658566,enter,b3215,sprint,,mobile
1547703667509,respond,q4683,sprint,c,mobile
1547703669807,submit,b3215,sprint,,mobile
1547703681693,enter,b3445,sprint,,mobile
1547703711072,respond,q4913,sprint,c,mobile
1547703711792,respond,q4913,sprint,b,mobile
1547703716144,submit,b3445,sprint,,mobile
1547703729595,enter,b6816,sprint,,mobile
1547703746873,respond,q9465,sprint,d,mobile
1547703753793,submit,b6816,sprint,,mobile
1547703793182,enter,b6816,review_quiz,,mobile
1547703806354,respond,q9465,review_quiz,d,mobile
1547703810786,submit,b6816,review_quiz,,mobile
1547703818287,enter,b3445,review_quiz,,mobile
1547703823354,respond,q4913,review_quiz,b,mobile
1547703825821,submit,b3445,review_quiz,,mobile
1547703830580,enter,b3215,review_quiz,,mobile
1547703833224,respond,q4683,review_quiz,c,mobile
1547703838581,submit,b3215,review_quiz,,mobile
1547703841536,enter,b3951,review_quiz,,mobile
1547703860857,respond,q5419,review_quiz,d,mobile
1547703863119,submit,b3951,review_quiz,,mobile
1547703865806,enter,b5857,review_quiz,,mobile
1547703873599,respond,q8506,review_quiz,a,mobile
1547703878201,submit,b5857,review_quiz,,mobile
1547703888633,enter,b4018,review_quiz,,mobile
1547703892356,respond,q5486,review_quiz,c,mobile
1547703894887,submit,b4018,review_quiz,,mobile
1547703897655,enter,b4302,review_quiz,,mobile
1547703918817,respond,q5770,review_quiz,c,mobile
1547703928263,submit,b4302,review_quiz,,mobile
1547703930407,enter,b4692,review_quiz,,mobile
1547703937439,respond,q6160,review_quiz,a,mobile
1547703939711,submit,b4692,review_quiz,,mobile
1547703942199,enter,b6729,review_quiz,,mobile
1547703944955,respond,q9378,review_quiz,b,mobile
1547703947355,submit,b6729,review_quiz,,mobile
1547703952453,enter,b2269,review_quiz,,mobile
1547703955562,respond,q3737,review_quiz,c,mobile
1547703957828,submit,b2269,review_quiz,,mobile
1547703971581,enter,b4721,review_quiz,,mobile
1547703974321,respond,q6189,review_quiz,a,mobile
1547703988887,submit,b4721,review_quiz,,mobile
1547703992795,enter,b4715,review_quiz,,mobile
1547703996776,respond,q6183,review_quiz,b,mobile
1547704001325,submit,b4715,review_quiz,,mobile
1547704004824,enter,b7127,review_quiz,,mobile
1547704007529,respond,q9776,review_quiz,b,mobile
1547704009995,submit,b7127,review_quiz,,mobile
1547704012357,enter,b2572,review_quiz,,mobile
1547704015495,respond,q4040,review_quiz,d,mobile
1547704017065,respond,q4040,review_quiz,c,mobile
1547704020817,submit,b2572,review_quiz,,mobile
1547704023283,enter,b2395,review_quiz,,mobile
1547704036459,respond,q3863,review_quiz,c,mobile
1547704069661,submit,b2395,review_quiz,,mobile
1547704078592,enter,b5005,review_quiz,,mobile
1547704082627,respond,q6473,review_quiz,c,mobile
1547704085378,submit,b5005,review_quiz,,mobile
1547704089740,enter,b7521,review_quiz,,mobile
1547704093267,respond,q10170,review_quiz,c,mobile
1547704097293,submit,b7521,review_quiz,,mobile
1547704100313,enter,b4290,review_quiz,,mobile
1547704105861,respond,q5758,review_quiz,b,mobile
1547704109281,submit,b4290,review_quiz,,mobile
1547704111753,enter,b4195,review_quiz,,mobile
1547704115332,respond,q5663,review_quiz,a,mobile
1547704121294,submit,b4195,review_quiz,,mobile
1547704143515,enter,b3840,review_quiz,,mobile
1547704149208,respond,q5308,review_quiz,c,mobile
1547704153151,respond,q5308,review_quiz,b,mobile
1547704156293,submit,b3840,review_quiz,,mobile
1547704204917,enter,b5947,review_quiz,,mobile
1547704211431,respond,q8596,review_quiz,a,mobile
1547704213963,submit,b5947,review_quiz,,mobile
1547704225444,enter,b4634,review_quiz,,mobile
1547704229501,respond,q6102,review_quiz,d,mobile
1547704231922,submit,b4634,review_quiz,,mobile
1547704235579,enter,b2325,review_quiz,,mobile
1547704238840,respond,q3793,review_quiz,d,mobile
1547704244195,submit,b2325,review_quiz,,mobile
1547704248375,enter,b2982,review_quiz,,mobile
1547704253273,respond,q4450,review_quiz,b,mobile
1547704268799,submit,b2982,review_quiz,,mobile
1547704271952,enter,b5922,review_quiz,,mobile
1547704277677,respond,q8571,review_quiz,b,mobile
1547704279878,submit,b5922,review_quiz,,mobile
1547704282985,enter,b4842,review_quiz,,mobile
1547704287415,respond,q6310,review_quiz,c,mobile
1547704290183,submit,b4842,review_quiz,,mobile
1547704293607,enter,b7369,review_quiz,,mobile
1547704304085,respond,q10018,review_quiz,c,mobile
1547704307619,submit,b7369,review_quiz,,mobile
1547704311242,enter,b4045,review_quiz,,mobile
1547704315660,respond,q5513,review_quiz,c,mobile
1547704319279,submit,b4045,review_quiz,,mobile
1547704322093,enter,b5884,review_quiz,,mobile
1547704330361,respond,q8533,review_quiz,a,mobile
1547704333613,submit,b5884,review_quiz,,mobile
1547704336972,enter,b4872,review_quiz,,mobile
1547704345780,respond,q6340,review_quiz,b,mobile
1547704348146,submit,b4872,review_quiz,,mobile
1547704352008,enter,b3649,review_quiz,,mobile
1547704376351,respond,q5117,review_quiz,c,mobile
1547704379265,submit,b3649,review_quiz,,mobile
1547704381809,enter,b4919,review_quiz,,mobile
1547704390126,respond,q6387,review_quiz,b,mobile
1547704392289,submit,b4919,review_quiz,,mobile
1547704399113,enter,b6180,review_quiz,,mobile
1547704407733,respond,q8829,review_quiz,b,mobile
1547704411990,respond,q8829,review_quiz,c,mobile
1547704415691,submit,b6180,review_quiz,,mobile
1547704422309,enter,b3305,review_quiz,,mobile
1547704430848,respond,q4773,review_quiz,d,mobile
1547704433084,submit,b3305,review_quiz,,mobile
1547704439407,enter,b3433,review_quiz,,mobile
1547704444413,respond,q4901,review_quiz,a,mobile
1547704446511,submit,b3433,review_quiz,,mobile
1547704451210,enter,b2836,review_quiz,,mobile
1547704471790,respond,q4304,review_quiz,a,mobile
1547704478087,submit,b2836,review_quiz,,mobile
1547704874680,enter,b4931,review_quiz,,mobile
1547704882554,respond,q6399,review_quiz,c,mobile
1547704886218,submit,b4931,review_quiz,,mobile
1547704910576,enter,b2635,review_quiz,,mobile
1547704919687,respond,q4103,review_quiz,c,mobile
1547704924406,submit,b2635,review_quiz,,mobile
1547706965214,enter,b5222,sprint,,mobile
1547707085152,respond,q6984,sprint,a,mobile
1547707100486,respond,q6984,sprint,c,mobile
1547707110753,submit,b5222,sprint,,mobile
1547707300131,enter,b7990,sprint,,mobile
1547707435760,respond,q10907,sprint,d,mobile
1547707449772,submit,b7990,sprint,,mobile
1547707597458,enter,b5199,sprint,,mobile
1547707737081,respond,q6892,sprint,b,mobile
1547707741535,submit,b5199,sprint,,mobile
1547714684137,enter,b7920,adaptive_offer,,mobile
1547714820438,respond,q10637,adaptive_offer,c,mobile
1547714824924,submit,b7920,adaptive_offer,,mobile
1547715673768,enter,b4184,adaptive_offer,,mobile
1547715700676,respond,q5652,adaptive_offer,c,mobile
1547715705242,submit,b4184,adaptive_offer,,mobile
1547715815163,enter,b3774,adaptive_offer,,mobile
1547715821259,respond,q5242,adaptive_offer,a,mobile
1547715825141,submit,b3774,adaptive_offer,,mobile
1547717288358,enter,b2570,adaptive_offer,,mobile
1547717301968,respond,q4038,adaptive_offer,d,mobile
1547717305173,submit,b2570,adaptive_offer,,mobile
1547717310234,enter,b2572,adaptive_offer,,mobile
1547717314533,respond,q4040,adaptive_offer,c,mobile
1547717321459,submit,b2572,adaptive_offer,,mobile
1547719068655,enter,b4842,adaptive_offer,,mobile
1547719073105,respond,q6310,adaptive_offer,c,mobile
1547719075518,submit,b4842,adaptive_offer,,mobile
1547719080861,enter,b2395,adaptive_offer,,mobile
1547719089580,respond,q3863,adaptive_offer,c,mobile
1547719100909,submit,b2395,adaptive_offer,,mobile
1547719175783,enter,b66,sprint,,mobile
1547719201611,submit,b66,sprint,,mobile
1547719206892,enter,b8006,sprint,,mobile
1547719225585,respond,q10953,sprint,c,mobile
1547719229307,submit,b8006,sprint,,mobile
1547719236168,enter,b195,sprint,,mobile
1547719257156,respond,q195,sprint,c,mobile
1547719259092,submit,b195,sprint,,mobile
1547719265759,enter,b5589,sprint,,mobile
1547719294860,respond,q8118,sprint,a,mobile
1547719296957,submit,b5589,sprint,,mobile
1547719321291,enter,b7,sprint,,mobile
1547719347907,respond,q7,sprint,d,mobile
1547719350229,submit,b7,sprint,,mobile
1547719420430,enter,b855,sprint,,mobile
1547719437180,respond,q855,sprint,c,mobile
1547719440024,submit,b855,sprint,,mobile
1547719501023,enter,b669,sprint,,mobile
1547719514705,respond,q669,sprint,b,mobile
1547719519566,submit,b669,sprint,,mobile
1547719549122,enter,b655,sprint,,mobile
1547719567666,respond,q655,sprint,c,mobile
1547719569898,submit,b655,sprint,,mobile
1547719596414,enter,b373,sprint,,mobile
1547719610105,respond,q373,sprint,b,mobile
1547719615931,submit,b373,sprint,,mobile
1547719620491,enter,b758,sprint,,mobile
1547719634679,respond,q758,sprint,b,mobile
1547719640667,respond,q758,sprint,c,mobile
1547719644725,submit,b758,sprint,,mobile
1547719670065,enter,b200,sprint,,mobile
1547719687146,respond,q200,sprint,b,mobile
1547719689525,submit,b200,sprint,,mobile
1547719723600,enter,b769,sprint,,mobile
1547719737854,respond,q769,sprint,b,mobile
1547719739257,respond,q769,sprint,a,mobile
1547719742646,submit,b769,sprint,,mobile
1547719758835,enter,b561,sprint,,mobile
1547719774642,respond,q561,sprint,b,mobile
1547719778146,submit,b561,sprint,,mobile
1547719783364,enter,b594,sprint,,mobile
1547719802270,respond,q594,sprint,b,mobile
1547719805617,submit,b594,sprint,,mobile
1547719911720,enter,b556,sprint,,mobile
1547719923208,respond,q556,sprint,a,mobile
1547719927675,respond,q556,sprint,b,mobile
1547719929825,respond,q556,sprint,c,mobile
1547719932616,submit,b556,sprint,,mobile
1547719952053,enter,b573,sprint,,mobile
1547719967737,respond,q573,sprint,b,mobile
1547719970420,submit,b573,sprint,,mobile
1547720018093,enter,b952,adaptive_offer,,mobile
1547720029932,respond,q952,adaptive_offer,b,mobile
1547720032789,submit,b952,adaptive_offer,,mobile
1547720035651,enter,b200,adaptive_offer,,mobile
1547720045764,respond,q200,adaptive_offer,a,mobile
1547720050255,respond,q200,adaptive_offer,c,mobile
1547720052430,submit,b200,adaptive_offer,,mobile
1547774798124,enter,b5109,sprint,,mobile
1547774934562,respond,q6652,sprint,b,mobile
1547774940153,submit,b5109,sprint,,mobile
1547775070689,enter,b5176,sprint,,mobile
1547775204229,respond,q6800,sprint,c,mobile
1547775206754,respond,q6799,sprint,c,mobile
1547775208977,respond,q6798,sprint,b,mobile
1547775221348,respond,q6797,sprint,c,mobile
1547775227875,respond,q6797,sprint,a,mobile
1547775237307,respond,q6798,sprint,b,mobile
1547775238165,respond,q6799,sprint,c,mobile
1547775246529,respond,q6800,sprint,c,mobile
1547775249907,submit,b5176,sprint,,mobile
1547775898521,enter,b7989,sprint,,mobile
1547776021122,respond,q10903,sprint,b,mobile
1547776028174,respond,q10902,sprint,d,mobile
1547776028825,respond,q10902,sprint,b,mobile
1547776031552,respond,q10901,sprint,b,mobile
1547776032937,respond,q10900,sprint,b,mobile
1547776037102,submit,b7989,sprint,,mobile
1547776858231,enter,b5088,sprint,,mobile
1547776980562,respond,q6568,sprint,b,mobile
1547776988122,respond,q6567,sprint,a,mobile
1547777016812,submit,b5088,sprint,,mobile
1547777152787,enter,b5212,sprint,,mobile
1547777325030,respond,q6944,sprint,b,mobile
1547777338021,submit,b5212,sprint,,mobile
1547777537686,enter,b5181,adaptive_offer,,mobile
1547777700775,respond,q6820,adaptive_offer,a,mobile
1547777709919,respond,q6820,adaptive_offer,b,mobile
1547777712707,respond,q6820,adaptive_offer,c,mobile
1547777716878,submit,b5181,adaptive_offer,,mobile
1547778084660,enter,b5176,adaptive_offer,,mobile
1547778152323,respond,q6800,adaptive_offer,a,mobile
1547778157037,submit,b5176,adaptive_offer,,mobile
1547780422330,enter,b5212,adaptive_offer,,mobile
1547780583216,respond,q6944,adaptive_offer,b,mobile
1547780588488,submit,b5212,adaptive_offer,,mobile
1547780600071,enter,b7960,sprint,,mobile
1547780823448,respond,q10787,sprint,b,mobile
1547780849465,submit,b7960,sprint,,mobile
1547781126083,enter,b7369,adaptive_offer,,mobile
1547781142839,respond,q10018,adaptive_offer,c,mobile
1547781145574,submit,b7369,adaptive_offer,,mobile
1547781150096,enter,b3941,adaptive_offer,,mobile
1547781180756,respond,q5409,adaptive_offer,a,mobile
1547781199141,submit,b3941,adaptive_offer,,mobile
1547781249937,enter,b2621,sprint,,mobile
1547781286392,respond,q4089,sprint,c,mobile
1547781311339,submit,b2621,sprint,,mobile
1547781418490,enter,b4467,sprint,,mobile
1547781449203,respond,q5935,sprint,d,mobile
1547781459650,submit,b4467,sprint,,mobile
1547781589607,enter,b3128,sprint,,mobile
1547781629268,respond,q4596,sprint,b,mobile
1547781638263,submit,b3128,sprint,,mobile
1547781666977,enter,b6852,sprint,,mobile
1547781687480,respond,q9501,sprint,b,mobile
1547781693227,respond,q9501,sprint,c,mobile
1547781697145,submit,b6852,sprint,,mobile
1547783811594,enter,b3840,adaptive_offer,,mobile
1547783834475,respond,q5308,adaptive_offer,b,mobile
1547783837473,submit,b3840,adaptive_offer,,mobile
1547783841906,enter,b3086,adaptive_offer,,mobile
1547783848186,respond,q4554,adaptive_offer,c,mobile
1547783850418,submit,b3086,adaptive_offer,,mobile
1547791074410,enter,b2325,adaptive_offer,,mobile
1547791080111,respond,q3793,adaptive_offer,d,mobile
1547791082983,submit,b2325,adaptive_offer,,mobile
1547791109638,enter,b2780,adaptive_offer,,mobile
1547791124871,respond,q4248,adaptive_offer,b,mobile
1547791129237,submit,b2780,adaptive_offer,,mobile
1547791345596,enter,b855,adaptive_offer,,mobile
1547791356080,respond,q855,adaptive_offer,a,mobile
1547791365261,submit,b855,adaptive_offer,,mobile
1547791372058,enter,b539,adaptive_offer,,mobile
1547791384662,respond,q539,adaptive_offer,a,mobile
1547791391467,submit,b539,adaptive_offer,,mobile
1547791403402,enter,b906,sprint,,mobile
1547791410730,submit,b906,sprint,,mobile
1547791419241,enter,b825,adaptive_offer,,mobile
1547791438310,respond,q825,adaptive_offer,c,mobile
1547791440458,submit,b825,adaptive_offer,,mobile
1547791457480,enter,b573,adaptive_offer,,mobile
1547791473160,submit,b573,adaptive_offer,,mobile
1547791476743,enter,b447,adaptive_offer,,mobile
1547791494845,respond,q447,adaptive_offer,c,mobile
1547791497414,submit,b447,adaptive_offer,,mobile
1547791518532,enter,b906,sprint,,mobile
1547791528175,respond,q906,sprint,a,mobile
1547791535468,submit,b906,sprint,,mobile
1547791552837,enter,b1175,sprint,,mobile
1547791575426,submit,b1175,sprint,,mobile
1547791728697,enter,b200,adaptive_offer,,mobile
1547791747507,submit,b200,adaptive_offer,,mobile
1547791757815,enter,b952,adaptive_offer,,mobile
1547791763595,respond,q952,adaptive_offer,b,mobile
1547791771176,submit,b952,adaptive_offer,,mobile
1547792264131,enter,b2066,adaptive_offer,,mobile
1547792340697,respond,q3396,adaptive_offer,b,mobile
1547792346264,submit,b2066,adaptive_offer,,mobile
1547795582137,enter,b5041,sprint,,mobile
1547795608830,respond,q6509,sprint,a,mobile
1547795614930,submit,b5041,sprint,,mobile
1547795690962,enter,b2448,sprint,,mobile
1547795700926,respond,q3916,sprint,d,mobile
1547795703547,submit,b2448,sprint,,mobile
1547795722599,enter,b4976,sprint,,mobile
1547795742069,respond,q6444,sprint,d,mobile
1547795744966,submit,b4976,sprint,,mobile
1547795963672,enter,b6264,sprint,,mobile
1547795967753,respond,q8913,sprint,b,mobile
1547795977657,submit,b6264,sprint,,mobile
1547796045411,enter,b2720,sprint,,mobile
1547796071499,respond,q4188,sprint,b,mobile
1547796073418,respond,q4188,sprint,d,mobile
1547796078394,submit,b2720,sprint,,mobile
1547796147662,enter,b4272,sprint,,mobile
1547796158441,respond,q5740,sprint,c,mobile
1547796171066,respond,q5740,sprint,b,mobile
1547796173969,submit,b4272,sprint,,mobile
1547861816842,enter,b4672,sprint,,mobile
1547861833903,respond,q6140,sprint,c,mobile
1547861841621,submit,b4672,sprint,,mobile
1547861870627,enter,b6474,sprint,,mobile
1547861890153,respond,q9123,sprint,c,mobile
1547861893003,submit,b6474,sprint,,mobile
1547862208002,enter,b2533,sprint,,mobile
1547862217480,respond,q4001,sprint,a,mobile
1547862229155,respond,q4001,sprint,b,mobile
1547862232111,submit,b2533,sprint,,mobile
1547862255021,enter,b4896,sprint,,mobile
1547862306089,respond,q6364,sprint,a,mobile
1547862309864,submit,b4896,sprint,,mobile
1547862387407,enter,b2707,sprint,,mobile
1547862423048,respond,q4175,sprint,a,mobile
1547862425617,submit,b2707,sprint,,mobile
1547862470443,enter,b7594,sprint,,mobile
1547862488142,respond,q10243,sprint,b,mobile
1547862490807,submit,b7594,sprint,,mobile
1547889509196,enter,b2397,sprint,,mobile
1547889525398,respond,q3865,sprint,a,mobile
1547889528227,submit,b2397,sprint,,mobile
1547889557910,enter,b3563,sprint,,mobile
1547889568701,respond,q5031,sprint,b,mobile
1547889571525,submit,b3563,sprint,,mobile
1547889621997,enter,b2688,sprint,,mobile
1547889640846,respond,q4156,sprint,d,mobile
1547889642898,submit,b2688,sprint,,mobile
1547889658756,enter,b6772,sprint,,mobile
1547889709067,respond,q9421,sprint,b,mobile
1547889739080,submit,b6772,sprint,,mobile
1547890089555,enter,b6772,review_quiz,,mobile
1547890093049,respond,q9421,review_quiz,a,mobile
1547890095213,submit,b6772,review_quiz,,mobile
1547890101106,enter,b2688,review_quiz,,mobile
1547890106311,respond,q4156,review_quiz,a,mobile
1547890108727,submit,b2688,review_quiz,,mobile
1547890112907,enter,b3563,review_quiz,,mobile
1547890123100,respond,q5031,review_quiz,d,mobile
1547890125667,submit,b3563,review_quiz,,mobile
1547890363500,enter,b2397,review_quiz,,mobile
1547890370246,respond,q3865,review_quiz,b,mobile
1547890378405,submit,b2397,review_quiz,,mobile
1547890399951,enter,b7594,review_quiz,,mobile
1547890408615,respond,q10243,review_quiz,c,mobile
1547890416242,submit,b7594,review_quiz,,mobile
1547890418791,enter,b2707,review_quiz,,mobile
1547890426939,respond,q4175,review_quiz,a,mobile
1547890429906,submit,b2707,review_quiz,,mobile
1547890432250,enter,b4896,review_quiz,,mobile
1547890440002,respond,q6364,review_quiz,a,mobile
1547890449420,submit,b4896,review_quiz,,mobile
1547890780255,enter,b2533,review_quiz,,mobile
1547890785401,respond,q4001,review_quiz,b,mobile
1547890791529,submit,b2533,review_quiz,,mobile
1547890794501,enter,b6474,review_quiz,,mobile
1547890802890,respond,q9123,review_quiz,d,mobile
1547890803526,respond,q9123,review_quiz,c,mobile
1547890806924,submit,b6474,review_quiz,,mobile
1547890820127,enter,b4672,review_quiz,,mobile
1547890824168,respond,q6140,review_quiz,a,mobile
1547890827874,submit,b4672,review_quiz,,mobile
1547890830748,enter,b4272,review_quiz,,mobile
1547890834926,respond,q5740,review_quiz,b,mobile
1547890839582,submit,b4272,review_quiz,,mobile
1547890842909,enter,b2720,review_quiz,,mobile
1547890858349,respond,q4188,review_quiz,d,mobile
1547890860700,submit,b2720,review_quiz,,mobile
1547890864127,enter,b6264,review_quiz,,mobile
1547890879257,respond,q8913,review_quiz,b,mobile
1547890882662,submit,b6264,review_quiz,,mobile
1547891155090,enter,b4976,review_quiz,,mobile
1547891178871,respond,q6444,review_quiz,b,mobile
1547891183251,submit,b4976,review_quiz,,mobile
1547891508345,enter,b2448,review_quiz,,mobile
1547891514634,respond,q3916,review_quiz,d,mobile
1547891516671,submit,b2448,review_quiz,,mobile
1547891518993,enter,b5041,review_quiz,,mobile
1547891558669,respond,q6509,review_quiz,b,mobile
1547891565085,submit,b5041,review_quiz,,mobile
1547891614071,enter,b2066,review_quiz,,mobile
1547891678141,respond,q3396,review_quiz,b,mobile
1547891685221,submit,b2066,review_quiz,,mobile
1547891689491,enter,b952,review_quiz,,mobile
1547891704601,submit,b952,review_quiz,,mobile
1547891707822,enter,b200,review_quiz,,mobile
1547891723953,respond,q200,review_quiz,c,mobile
1547891730427,submit,b200,review_quiz,,mobile
1547891733005,enter,b906,review_quiz,,mobile
1547891747219,respond,q906,review_quiz,a,mobile
1547891749497,submit,b906,review_quiz,,mobile
1547891757956,enter,b447,review_quiz,,mobile
1547891768059,respond,q447,review_quiz,a,mobile
1547891771698,submit,b447,review_quiz,,mobile
1547891776319,enter,b573,review_quiz,,mobile
1547891793828,submit,b573,review_quiz,,mobile
1547891797001,enter,b825,review_quiz,,mobile
1547891812688,respond,q825,review_quiz,b,mobile
1547891816445,submit,b825,review_quiz,,mobile
1547891819636,enter,b539,review_quiz,,mobile
1547891830471,respond,q539,review_quiz,a,mobile
1547891840232,submit,b539,review_quiz,,mobile
1547891847470,enter,b855,review_quiz,,mobile
1547891858131,respond,q855,review_quiz,a,mobile
1547891865673,submit,b855,review_quiz,,mobile
1547891870939,enter,b2780,review_quiz,,mobile
1547891883143,respond,q4248,review_quiz,a,mobile
1547891890855,submit,b2780,review_quiz,,mobile
1547891906480,enter,b2325,review_quiz,,mobile
1547891910177,respond,q3793,review_quiz,d,mobile
1547891913617,submit,b2325,review_quiz,,mobile
1547891916243,enter,b3086,review_quiz,,mobile
1547891924046,respond,q4554,review_quiz,d,mobile
1547891927950,respond,q4554,review_quiz,c,mobile
1547891934324,submit,b3086,review_quiz,,mobile
1547891948985,enter,b3840,review_quiz,,mobile
1547891966253,respond,q5308,review_quiz,b,mobile
1547891975632,submit,b3840,review_quiz,,mobile
1547891994853,enter,b6852,review_quiz,,mobile
1547892002631,respond,q9501,review_quiz,d,mobile
1547892009434,submit,b6852,review_quiz,,mobile
1547892014386,enter,b3128,review_quiz,,mobile
1547892019034,respond,q4596,review_quiz,b,mobile
1547892021482,submit,b3128,review_quiz,,mobile
1547892024345,enter,b4467,review_quiz,,mobile
1547892042719,respond,q5935,review_quiz,d,mobile
1547892048404,submit,b4467,review_quiz,,mobile
1547892063885,enter,b2621,review_quiz,,mobile
1547892078169,respond,q4089,review_quiz,a,mobile
1547892092583,respond,q4089,review_quiz,c,mobile
1547892093452,respond,q4089,review_quiz,b,mobile
1547892095185,respond,q4089,review_quiz,a,mobile
1547892109183,respond,q4089,review_quiz,b,mobile
1547892114362,respond,q4089,review_quiz,a,mobile
1547892130495,submit,b2621,review_quiz,,mobile
1547892162796,enter,b3941,review_quiz,,mobile
1547892176568,respond,q5409,review_quiz,a,mobile
1547892179504,submit,b3941,review_quiz,,mobile
1547892184865,enter,b7369,review_quiz,,mobile
1547892215420,respond,q10018,review_quiz,b,mobile
1547892221367,respond,q10018,review_quiz,c,mobile
1547892223965,submit,b7369,review_quiz,,mobile
1547892229803,enter,b7960,review_quiz,,mobile
1547892329203,respond,q10787,review_quiz,b,mobile
1547892337504,submit,b7960,review_quiz,,mobile
1547892452598,enter,b5212,review_quiz,,mobile
1547892525908,respond,q6944,review_quiz,b,mobile
1547892529075,submit,b5212,review_quiz,,mobile
1547892654786,enter,b5176,review_quiz,,mobile
1547892718206,respond,q6800,review_quiz,a,mobile
1547892731242,submit,b5176,review_quiz,,mobile
1547892735237,enter,b5181,review_quiz,,mobile
1547892873958,respond,q6820,review_quiz,a,mobile
1547892877947,submit,b5181,review_quiz,,mobile
1547892913653,enter,b5088,review_quiz,,mobile
1547893048464,respond,q6568,review_quiz,b,mobile
1547893052224,submit,b5088,review_quiz,,mobile
1547893179742,enter,b5169,review_quiz,,mobile
1547893265782,respond,q6772,review_quiz,c,mobile
1547893269303,submit,b5169,review_quiz,,mobile
1547893281231,enter,b7989,review_quiz,,mobile
1547893349165,respond,q10903,review_quiz,b,mobile
1547893352459,submit,b7989,review_quiz,,mobile
1547893360184,enter,b5109,review_quiz,,mobile
1547893465630,respond,q6652,review_quiz,b,mobile
1547893471373,submit,b5109,review_quiz,,mobile
1547893572431,enter,b556,review_quiz,,mobile
1547893590533,respond,q556,review_quiz,c,mobile
1547893593287,submit,b556,review_quiz,,mobile
1547893609709,enter,b594,review_quiz,,mobile
1547893620555,respond,q594,review_quiz,a,mobile
1547893628096,submit,b594,review_quiz,,mobile
1547893656922,enter,b561,review_quiz,,mobile
1547893675564,respond,q561,review_quiz,b,mobile
1547893677559,submit,b561,review_quiz,,mobile
1547893696778,enter,b769,review_quiz,,mobile
1547893712553,respond,q769,review_quiz,a,mobile
1547893714979,submit,b769,review_quiz,,mobile
1547893738599,enter,b758,review_quiz,,mobile
1547893755962,respond,q758,review_quiz,c,mobile
1547893758053,submit,b758,review_quiz,,mobile
1547893775423,enter,b373,review_quiz,,mobile
1547893789912,respond,q373,review_quiz,b,mobile
1547893792194,submit,b373,review_quiz,,mobile
1547893795145,enter,b655,review_quiz,,mobile
1547893805012,respond,q655,review_quiz,a,mobile
1547893812928,submit,b655,review_quiz,,mobile
1547893820656,enter,b669,review_quiz,,mobile
1547893838017,respond,q669,review_quiz,b,mobile
1547893840888,respond,q669,review_quiz,c,mobile
1547893843490,submit,b669,review_quiz,,mobile
1547893866068,enter,b8143,review_quiz,,mobile
1547893881317,respond,q11090,review_quiz,a,mobile
1547893888393,submit,b8143,review_quiz,,mobile
1547893891229,enter,b7,review_quiz,,mobile
1547893910296,respond,q7,review_quiz,d,mobile
1547893915307,submit,b7,review_quiz,,mobile
1547893918353,enter,b5589,review_quiz,,mobile
1547893926782,respond,q8118,review_quiz,a,mobile
1547893929312,submit,b5589,review_quiz,,mobile
1547893931972,enter,b195,review_quiz,,mobile
1547893949418,respond,q195,review_quiz,c,mobile
1547893951413,submit,b195,review_quiz,,mobile
1547894005355,enter,b2395,review_quiz,,mobile
1547894019338,respond,q3863,review_quiz,c,mobile
1547894022641,submit,b2395,review_quiz,,mobile
1547894027481,enter,b4842,review_quiz,,mobile
1547894030261,respond,q6310,review_quiz,c,mobile
1547894033948,submit,b4842,review_quiz,,mobile
1547894049088,enter,b2572,review_quiz,,mobile
1547894054400,respond,q4040,review_quiz,c,mobile
1547894056468,submit,b2572,review_quiz,,mobile
1547894059139,enter,b2570,review_quiz,,mobile
1547894071386,respond,q4038,review_quiz,d,mobile
1547894075076,submit,b2570,review_quiz,,mobile
1547894090998,enter,b3774,review_quiz,,mobile
1547894099872,respond,q5242,review_quiz,a,mobile
1547894102799,submit,b3774,review_quiz,,mobile
1547894115055,enter,b4184,review_quiz,,mobile
1547894127843,respond,q5652,review_quiz,c,mobile
1547894130560,submit,b4184,review_quiz,,mobile
1547894134051,enter,b7920,review_quiz,,mobile
1547894177518,respond,q10637,review_quiz,c,mobile
1547894185266,submit,b7920,review_quiz,,mobile
1547894286463,enter,b5199,review_quiz,,mobile
1547894351226,respond,q6892,review_quiz,b,mobile
1547894353126,respond,q6892,review_quiz,d,mobile
1547894360461,respond,q6892,review_quiz,b,mobile
1547894376529,submit,b5199,review_quiz,,mobile
1547894463355,enter,b7990,review_quiz,,mobile
1547894538253,respond,q10907,review_quiz,d,mobile
1547894555724,respond,q10907,review_quiz,a,mobile
1547894558991,submit,b7990,review_quiz,,mobile
1547894657521,enter,b5222,review_quiz,,mobile
1547894705325,respond,q6984,review_quiz,c,mobile
1547894708742,submit,b5222,review_quiz,,mobile
1548059950203,enter,b1864,sprint,,mobile
1548060068307,respond,q2790,sprint,d,mobile
1548060072009,submit,b1864,sprint,,mobile
1548075054080,enter,b4197,sprint,,mobile
1548075076129,respond,q5665,sprint,d,mobile
1548075081983,submit,b4197,sprint,,mobile
1548075127677,enter,b3848,sprint,,mobile
1548075138953,respond,q5316,sprint,d,mobile
1548075146479,submit,b3848,sprint,,mobile
1548075316522,enter,b3015,adaptive_offer,,mobile
1548075321391,respond,q4483,adaptive_offer,d,mobile
1548075326773,submit,b3015,adaptive_offer,,mobile
1548075330622,enter,b2836,adaptive_offer,,mobile
1548075333483,respond,q4304,adaptive_offer,c,mobile
1548075336516,submit,b2836,adaptive_offer,,mobile
1548075402645,enter,b3890,sprint,,mobile
1548075423362,respond,q5358,sprint,d,mobile
1548075429904,submit,b3890,sprint,,mobile
1548118996416,enter,b5178,sprint,,mobile
1548119121648,respond,q6806,sprint,c,mobile
1548119126274,submit,b5178,sprint,,mobile
1548119832541,enter,b5218,sprint,,mobile
1548119998152,respond,q6968,sprint,b,mobile
1548120005059,submit,b5218,sprint,,mobile
1548120273197,enter,b5182,sprint,,mobile
1548120361064,respond,q6824,sprint,b,mobile
1548120365427,submit,b5182,sprint,,mobile
1548120510434,enter,b7973,sprint,,mobile
1548120650186,respond,q10839,sprint,d,mobile
1548120654170,submit,b7973,sprint,,mobile
1548122773904,enter,b5223,sprint,,mobile
1548122884884,respond,q6988,sprint,d,mobile
1548122889797,submit,b5223,sprint,,mobile
1548123436538,enter,b5203,sprint,,mobile
1548123570248,respond,q6908,sprint,b,mobile
1548123587112,respond,q6908,sprint,d,mobile
1548123591223,respond,q6907,sprint,d,mobile
1548123593017,respond,q6908,sprint,d,mobile
1548123597708,respond,q6908,sprint,b,mobile
1548123611946,submit,b5203,sprint,,mobile
1548123709188,enter,b5168,sprint,,mobile
1548123933942,respond,q6768,sprint,c,mobile
1548123939357,submit,b5168,sprint,,mobile
1548132066021,enter,b8464,sprint,,mobile
1548132200141,respond,q11526,sprint,a,mobile
1548132204372,submit,b8464,sprint,,mobile
1548132341347,enter,b5212,adaptive_offer,,mobile
1548132407561,respond,q6944,adaptive_offer,b,mobile
1548132410805,submit,b5212,adaptive_offer,,mobile
1548240731111,enter,b5190,adaptive_offer,,mobile
1548240825929,respond,q6856,adaptive_offer,b,mobile
1548240828883,submit,b5190,adaptive_offer,,mobile
1548240845436,enter,b5212,adaptive_offer,,mobile
1548240907296,respond,q6944,adaptive_offer,b,mobile
1548240910028,submit,b5212,adaptive_offer,,mobile
1548240939847,enter,b7574,sprint,,mobile
1548240955683,respond,q10223,sprint,c,mobile
1548240959009,submit,b7574,sprint,,mobile
1548242030640,enter,b2591,sprint,,mobile
1548242062916,respond,q4059,sprint,b,mobile
1548242067604,submit,b2591,sprint,,mobile
1548242920061,enter,b5057,sprint,,mobile
1548242932042,respond,q6525,sprint,b,mobile
1548242940595,respond,q6525,sprint,c,mobile
1548242963762,respond,q6525,sprint,b,mobile
1548242968539,respond,q6525,sprint,d,mobile
1548242974144,submit,b5057,sprint,,mobile
1548243159575,enter,b2443,sprint,,mobile
1548243169853,respond,q3911,sprint,b,mobile
1548243174794,submit,b2443,sprint,,mobile
1548243221714,enter,b5979,sprint,,mobile
1548243234395,respond,q8628,sprint,b,mobile
1548243237100,submit,b5979,sprint,,mobile
1548243293638,enter,b2365,sprint,,mobile
1548243309911,respond,q3833,sprint,c,mobile
1548243311279,respond,q3833,sprint,a,mobile
1548243317059,respond,q3833,sprint,c,mobile
1548243319345,submit,b2365,sprint,,mobile
1548244439388,enter,b4191,sprint,,mobile
1548244456582,respond,q5659,sprint,c,mobile
1548244464863,submit,b4191,sprint,,mobile
1548244506586,enter,b2629,sprint,,mobile
1548244527458,respond,q4097,sprint,b,mobile
1548244533196,submit,b2629,sprint,,mobile
1548244788565,enter,b7278,sprint,,mobile
1548244808948,respond,q9927,sprint,b,mobile
1548244819848,submit,b7278,sprint,,mobile
1548244844772,enter,b4860,sprint,,mobile
1548244864223,respond,q6328,sprint,b,mobile
1548244869826,submit,b4860,sprint,,mobile
1548300992829,enter,b4860,review_quiz,,mobile
1548300998461,respond,q6328,review_quiz,d,mobile
1548301004899,submit,b4860,review_quiz,,mobile
1548301016557,enter,b2629,review_quiz,,mobile
1548301034395,respond,q4097,review_quiz,d,mobile
1548301038771,submit,b2629,review_quiz,,mobile
1548301041851,enter,b4191,review_quiz,,mobile
1548301052504,respond,q5659,review_quiz,b,mobile
1548301056759,submit,b4191,review_quiz,,mobile
1548301063545,enter,b2365,review_quiz,,mobile
1548301081849,respond,q3833,review_quiz,a,mobile
1548301085895,submit,b2365,review_quiz,,mobile
1548301089243,enter,b5979,review_quiz,,mobile
1548301094930,respond,q8628,review_quiz,a,mobile
1548301100684,submit,b5979,review_quiz,,mobile
1548301108810,enter,b2443,review_quiz,,mobile
1548301122118,respond,q3911,review_quiz,d,mobile
1548301133414,submit,b2443,review_quiz,,mobile
1548301689613,enter,b5057,review_quiz,,mobile
1548301718709,respond,q6525,review_quiz,c,mobile
1548301721933,submit,b5057,review_quiz,,mobile
1548302098618,enter,b2591,review_quiz,,mobile
1548302114593,respond,q4059,review_quiz,a,mobile
1548302122211,submit,b2591,review_quiz,,mobile
1548307423818,enter,b8464,review_quiz,,mobile
1548307502547,respond,q11526,review_quiz,a,mobile
1548307510687,submit,b8464,review_quiz,,mobile
1548307802828,enter,b7937,sprint,,mobile
1548307871373,respond,q10694,sprint,b,mobile
1548307874866,respond,q10694,sprint,b,mobile
1548307888127,submit,b7937,sprint,,mobile
1548307969525,enter,b2038,sprint,,mobile
1548308056916,respond,q3312,sprint,a,mobile
1548308061391,submit,b2038,sprint,,mobile
1548308129549,enter,b1810,sprint,,mobile
1548308205976,respond,q2628,sprint,c,mobile
1548308210908,respond,q2628,sprint,c,mobile
1548308214328,respond,q2628,sprint,c,mobile
1548308218178,submit,b1810,sprint,,mobile
1548310766782,enter,b4446,diagnosis,,mobile
1548310778403,respond,q5914,diagnosis,c,mobile
1548310781519,submit,b4446,diagnosis,,mobile
1548310781626,enter,b130,diagnosis,,mobile
1548310792977,respond,q130,diagnosis,a,mobile
1548310809010,respond,q130,diagnosis,d,mobile
1548310819155,submit,b130,diagnosis,,mobile
1548310819236,enter,b1296,diagnosis,,mobile
1548310829321,respond,q1296,diagnosis,a,mobile
1548310841335,respond,q1296,diagnosis,c,mobile
1548310844659,submit,b1296,diagnosis,,mobile
1548310844737,enter,b4212,diagnosis,,mobile
1548310861599,respond,q5680,diagnosis,c,mobile
1548310872154,respond,q5680,diagnosis,d,mobile
1548310877518,submit,b4212,diagnosis,,mobile
1548310877602,enter,b3451,diagnosis,,mobile
1548310892177,respond,q4919,diagnosis,a,mobile
1548310915986,respond,q4919,diagnosis,b,mobile
1548310919646,respond,q4919,diagnosis,d,mobile
1548310921216,respond,q4919,diagnosis,c,mobile
1548310927812,submit,b3451,diagnosis,,mobile
1548310927888,enter,b3916,diagnosis,,mobile
1548310935382,respond,q5384,diagnosis,b,mobile
1548310940498,submit,b3916,diagnosis,,mobile
1548310940570,enter,b3365,diagnosis,,mobile
1548310951627,respond,q4833,diagnosis,c,mobile
1548310957844,submit,b3365,diagnosis,,mobile
1548310957918,enter,b4288,diagnosis,,mobile
1548310979347,respond,q5756,diagnosis,b,mobile
1548310981768,respond,q5756,diagnosis,a,mobile
1548310991999,submit,b4288,diagnosis,,mobile
1548310992077,enter,b5004,diagnosis,,mobile
1548311021542,respond,q6472,diagnosis,c,mobile
1548311027737,submit,b5004,diagnosis,,mobile
1548311027808,enter,b4449,diagnosis,,mobile
1548311049923,respond,q5917,diagnosis,b,mobile
1548311062768,submit,b4449,diagnosis,,mobile
1548311062842,enter,b25,diagnosis,,mobile
1548311085760,respond,q25,diagnosis,d,mobile
1548311092336,submit,b25,diagnosis,,mobile
1548311169220,enter,b6017,sprint,,mobile
1548311206703,respond,q8666,sprint,a,mobile
1548311210785,submit,b6017,sprint,,mobile
1548311518603,enter,b2850,sprint,,mobile
1548311543687,respond,q4318,sprint,b,mobile
1548311547604,submit,b2850,sprint,,mobile
1548311592955,enter,b2849,sprint,,mobile
1548311626638,respond,q4317,sprint,b,mobile
1548311636448,submit,b2849,sprint,,mobile
1548311689924,enter,b7582,sprint,,mobile
1548311714580,respond,q10231,sprint,a,mobile
1548311722056,submit,b7582,sprint,,mobile
1548311738216,enter,b4715,sprint,,mobile
1548311750526,respond,q6183,sprint,a,mobile
1548311751427,respond,q6183,sprint,b,mobile
1548311757182,submit,b4715,sprint,,mobile
1548311764921,enter,b2229,sprint,,mobile
1548311774126,respond,q3697,sprint,d,mobile
1548311776860,submit,b2229,sprint,,mobile
1548311782612,enter,b2894,sprint,,mobile
1548311798683,respond,q4362,sprint,b,mobile
1548311831952,submit,b2894,sprint,,mobile
1548311851077,enter,b6147,sprint,,mobile
1548311865578,respond,q8796,sprint,c,mobile
1548311869449,submit,b6147,sprint,,mobile
1548311875880,enter,b4316,sprint,,mobile
1548311878712,respond,q5784,sprint,d,mobile
1548311881698,respond,q5784,sprint,a,mobile
1548311882983,respond,q5784,sprint,d,mobile
1548311886442,submit,b4316,sprint,,mobile
1548311902821,enter,b2713,sprint,,mobile
1548311924428,respond,q4181,sprint,a,mobile
1548311926131,respond,q4181,sprint,b,mobile
1548311931162,submit,b2713,sprint,,mobile
1548312310183,enter,b321,sprint,,mobile
1548312329824,respond,q321,sprint,a,mobile
1548312331760,respond,q321,sprint,b,mobile
1548312337587,submit,b321,sprint,,mobile
1548312353944,enter,b626,sprint,,mobile
1548312370970,respond,q626,sprint,a,mobile
1548312372420,respond,q626,sprint,b,mobile
1548312375877,submit,b626,sprint,,mobile
1548312392813,enter,b1121,sprint,,mobile
1548312407080,respond,q1121,sprint,a,mobile
1548312408813,respond,q1121,sprint,b,mobile
1548312412620,submit,b1121,sprint,,mobile
1548312432598,enter,b8314,sprint,,mobile
1548312451429,respond,q11261,sprint,c,mobile
1548312454011,submit,b8314,sprint,,mobile
1548312468091,enter,b1338,sprint,,mobile
1548312485818,respond,q1338,sprint,c,mobile
1548312488187,submit,b1338,sprint,,mobile
1548312508883,enter,b1336,sprint,,mobile
1548312521141,respond,q1336,sprint,b,mobile
1548312524417,submit,b1336,sprint,,mobile
1548312528022,enter,b230,sprint,,mobile
1548312539744,respond,q230,sprint,b,mobile
1548312542764,submit,b230,sprint,,mobile
1548312546706,enter,b8315,sprint,,mobile
1548312561196,respond,q11262,sprint,a,mobile
1548312564319,submit,b8315,sprint,,mobile
1548312570360,enter,b335,sprint,,mobile
1548312584361,respond,q335,sprint,a,mobile
1548312585662,respond,q335,sprint,b,mobile
1548312590564,submit,b335,sprint,,mobile
1548312675975,enter,b655,sprint,,mobile
1548312686442,respond,q655,sprint,a,mobile
1548312694812,submit,b655,sprint,,mobile
1548312700834,enter,b581,sprint,,mobile
1548312720842,submit,b581,sprint,,mobile
1548312740156,enter,b8316,sprint,,mobile
1548312754988,respond,q11263,sprint,b,mobile
1548312760824,submit,b8316,sprint,,mobile
1548312766660,enter,b1057,sprint,,mobile
1548312777208,respond,q1057,sprint,a,mobile
1548312784015,respond,q1057,sprint,b,mobile
1548312786833,submit,b1057,sprint,,mobile
1548312808349,enter,b1089,sprint,,mobile
1548312829409,submit,b1089,sprint,,mobile
1548496666739,enter,b4644,adaptive_offer,,mobile
1548496676077,respond,q6112,adaptive_offer,a,mobile
1548496681245,submit,b4644,adaptive_offer,,mobile
1548496699523,enter,b4191,adaptive_offer,,mobile
1548496701937,respond,q5659,adaptive_offer,b,mobile
1548496705105,submit,b4191,adaptive_offer,,mobile
1548496979823,enter,b2222,sprint,,mobile
1548496997054,respond,q3690,sprint,b,mobile
1548497025703,submit,b2222,sprint,,mobile
1548808830017,enter,b1630,sprint,,mobile
1548808898830,respond,q2088,sprint,d,mobile
1548808909210,respond,q2088,sprint,c,mobile
1548808910081,respond,q2088,sprint,d,mobile
1548808911319,respond,q2088,sprint,c,mobile
1548808915292,submit,b1630,sprint,,mobile
1548809420572,enter,b1702,sprint,,mobile
1548809501979,respond,q2304,sprint,c,mobile
1548809506190,submit,b1702,sprint,,mobile
1548809973835,enter,b1477,adaptive_offer,,mobile
1548810039810,respond,q1629,adaptive_offer,d,mobile
1548810042953,submit,b1477,adaptive_offer,,mobile
1548810495188,enter,b1631,sprint,,mobile
1548810568326,respond,q2091,sprint,c,mobile
1548810572062,submit,b1631,sprint,,mobile
1548810689088,enter,b1762,sprint,,mobile
1548810770818,respond,q2484,sprint,a,mobile
1548810775041,submit,b1762,sprint,,mobile
1548810900324,enter,b1410,sprint,,mobile
1548810982115,respond,q1428,sprint,c,mobile
1548810985582,respond,q1428,sprint,c,mobile
1548810987581,respond,q1428,sprint,c,mobile
1548810989816,respond,q1428,sprint,c,mobile
1548810990475,respond,q1428,sprint,c,mobile
1548810993571,submit,b1410,sprint,,mobile
1548813086184,enter,b1466,sprint,,mobile
1548813167988,respond,q1596,sprint,c,mobile
1548813174677,respond,q1596,sprint,c,mobile
1548813181449,submit,b1466,sprint,,mobile
1548813287120,enter,b1534,sprint,,mobile
1548813357370,respond,q1800,sprint,c,mobile
1548813370693,respond,q1800,sprint,c,mobile
1548813377172,submit,b1534,sprint,,mobile
1548813569172,enter,b1472,sprint,,mobile
1548813653198,respond,q1614,sprint,c,mobile
1548813656571,respond,q1614,sprint,c,mobile
1548813659173,respond,q1614,sprint,c,mobile
1548813659931,respond,q1614,sprint,c,mobile
1548813664654,submit,b1472,sprint,,mobile
1548813793443,enter,b3809,sprint,,mobile
1548813799675,respond,q5277,sprint,a,mobile
1548813802651,submit,b3809,sprint,,mobile
1548813848303,enter,b6830,sprint,,mobile
1548813874374,respond,q9479,sprint,d,mobile
1548813880522,respond,q9479,sprint,a,mobile
1548813883525,submit,b6830,sprint,,mobile
1548813998005,enter,b4887,sprint,,mobile
1548814003960,respond,q6355,sprint,b,mobile
1548814012111,submit,b4887,sprint,,mobile
1548814239120,enter,b3114,sprint,,mobile
1548814255269,respond,q4582,sprint,b,mobile
1548814264732,submit,b3114,sprint,,mobile
1548814290787,enter,b3928,sprint,,mobile
1548814323520,respond,q5396,sprint,b,mobile
1548814331452,submit,b3928,sprint,,mobile
1548815540017,enter,b7312,sprint,,mobile
1548815566197,respond,q9961,sprint,a,mobile
1548815568934,submit,b7312,sprint,,mobile
1548815615425,enter,b3584,sprint,,mobile
1548815621000,respond,q5052,sprint,a,mobile
1548815625356,submit,b3584,sprint,,mobile
1548815698112,enter,b4563,sprint,,mobile
1548815708345,respond,q6031,sprint,d,mobile
1548815711818,respond,q6031,sprint,c,mobile
1548815724625,submit,b4563,sprint,,mobile
1548815831253,enter,b4004,sprint,,mobile
1548815844045,respond,q5472,sprint,b,mobile
1548815855602,submit,b4004,sprint,,mobile
1548816038944,enter,b6326,sprint,,mobile
1548816081543,respond,q8975,sprint,a,mobile
1548816082407,respond,q8975,sprint,b,mobile
1548816090769,submit,b6326,sprint,,mobile
1548816130763,enter,b6033,sprint,,mobile
1548816163926,respond,q8682,sprint,b,mobile
1548816168232,respond,q8682,sprint,c,mobile
1548816175943,submit,b6033,sprint,,mobile
1548816481637,enter,b3024,sprint,,mobile
1548816502805,respond,q4492,sprint,b,mobile
1548816511701,submit,b3024,sprint,,mobile
1548825770495,enter,b5041,adaptive_offer,,mobile
1548825788617,respond,q6509,adaptive_offer,b,mobile
1548825794864,submit,b5041,adaptive_offer,,mobile
1548825825495,enter,b3024,adaptive_offer,,mobile
1548825835303,respond,q4492,adaptive_offer,c,mobile
1548825838000,submit,b3024,adaptive_offer,,mobile
1548916348921,enter,b4563,adaptive_offer,,mobile
1548916354204,respond,q6031,adaptive_offer,d,mobile
1548916364625,submit,b4563,adaptive_offer,,mobile
1548916369951,enter,b2325,adaptive_offer,,mobile
1548916380794,respond,q3793,adaptive_offer,d,mobile
1548916383342,submit,b2325,adaptive_offer,,mobile
1548916388714,enter,b3574,sprint,,mobile
1548916435334,respond,q5042,sprint,a,mobile
1548916467456,respond,q5042,sprint,c,mobile
1548916469743,respond,q5042,sprint,d,mobile
1548916479013,respond,q5042,sprint,c,mobile
1548916482566,submit,b3574,sprint,,mobile
1548916695514,enter,b7662,sprint,,mobile
1548916703662,respond,q10311,sprint,d,mobile
1548916727664,submit,b7662,sprint,,mobile
1548916809584,enter,b2646,sprint,,mobile
1548916832648,respond,q4114,sprint,b,mobile
1548916848845,submit,b2646,sprint,,mobile
1548917327923,enter,b3797,sprint,,mobile
1548917381431,respond,q5265,sprint,a,mobile
1548917383653,respond,q5265,sprint,c,mobile
1548917397901,respond,q5265,sprint,a,mobile
1548917407048,submit,b3797,sprint,,mobile
1548917902697,enter,b3084,sprint,,mobile
1548917916937,respond,q4552,sprint,b,mobile
1548917921740,submit,b3084,sprint,,mobile
1548918642271,enter,b4589,adaptive_offer,,mobile
1548918654222,respond,q6057,adaptive_offer,c,mobile
1548918661314,submit,b4589,adaptive_offer,,mobile
1548918672242,enter,b6033,adaptive_offer,,mobile
1548918681295,respond,q8682,adaptive_offer,d,mobile
1548918689222,submit,b6033,adaptive_offer,,mobile
1548921178301,enter,b6414,sprint,,mobile
1548921208674,respond,q9063,sprint,c,mobile
1548921212521,respond,q9063,sprint,b,mobile
1548921216735,respond,q9063,sprint,a,mobile
1548921225635,submit,b6414,sprint,,mobile
1548922140787,enter,b3854,sprint,,mobile
1548922148985,respond,q5322,sprint,d,mobile
1548922152854,submit,b3854,sprint,,mobile
1548922672949,enter,b4307,sprint,,mobile
1548922798461,respond,q5775,sprint,b,mobile
1548922804221,respond,q5775,sprint,d,mobile
1548922807507,submit,b4307,sprint,,mobile
1548923650559,enter,b2482,sprint,,mobile
1548923669137,respond,q3950,sprint,d,mobile
1548923671890,submit,b2482,sprint,,mobile
1548923722326,enter,b7115,sprint,,mobile
1548923746361,respond,q9764,sprint,c,mobile
1548923751865,submit,b7115,sprint,,mobile
1548923820417,enter,b2784,sprint,,mobile
1548923844126,respond,q4252,sprint,c,mobile
1548923854440,submit,b2784,sprint,,mobile
1548923906571,enter,b2587,sprint,,mobile
1548923942712,respond,q4055,sprint,c,mobile
1548923952509,submit,b2587,sprint,,mobile
1548926694690,enter,b3884,sprint,,mobile
1548926769406,respond,q5352,sprint,c,mobile
1548926773058,submit,b3884,sprint,,mobile
1548926945599,enter,b5996,sprint,,mobile
1548926960613,respond,q8645,sprint,d,mobile
1548926963430,submit,b5996,sprint,,mobile
1548927001302,enter,b5071,sprint,,mobile
1548927061373,respond,q6539,sprint,c,mobile
1548927062136,respond,q6539,sprint,d,mobile
1548927065138,submit,b5071,sprint,,mobile
1548927123577,enter,b3770,sprint,,mobile
1548927131157,respond,q5238,sprint,b,mobile
1548927133662,respond,q5238,sprint,c,mobile
1548927145055,respond,q5238,sprint,a,mobile
1548927154391,respond,q5238,sprint,c,mobile
1548927162477,respond,q5238,sprint,b,mobile
1548927166047,submit,b3770,sprint,,mobile
1548927177529,enter,b4187,sprint,,mobile
1548927204087,respond,q5655,sprint,a,mobile
1548927208107,respond,q5655,sprint,b,mobile
1548927209448,respond,q5655,sprint,c,mobile
1548927212304,respond,q5655,sprint,a,mobile
1548927218445,submit,b4187,sprint,,mobile
1548927386555,enter,b6504,sprint,,mobile
1548927397966,respond,q9153,sprint,b,mobile
1548927415011,submit,b6504,sprint,,mobile
1548927584254,enter,b3793,sprint,,mobile
1548927610103,respond,q5261,sprint,d,mobile
1548927613788,submit,b3793,sprint,,mobile
1548927678339,enter,b3793,adaptive_offer,,mobile
1548927681046,respond,q5261,adaptive_offer,a,mobile
1548927683463,submit,b3793,adaptive_offer,,mobile
1548927741993,enter,b2621,adaptive_offer,,mobile
1548927769024,respond,q4089,adaptive_offer,c,mobile
1548927773432,submit,b2621,adaptive_offer,,mobile
1548928204906,enter,b4528,sprint,,mobile
1548928224734,respond,q5996,sprint,c,mobile
1548928236150,submit,b4528,sprint,,mobile
1548928290220,enter,b6965,sprint,,mobile
1548928320998,respond,q9614,sprint,d,mobile
1548928331536,respond,q9614,sprint,c,mobile
1548928335593,submit,b6965,sprint,,mobile
1548928364460,enter,b5988,sprint,,mobile
1548928371513,respond,q8637,sprint,b,mobile
1548928375409,submit,b5988,sprint,,mobile
1548928387300,enter,b4562,sprint,,mobile
1548928412220,respond,q6030,sprint,b,mobile
1548928421292,respond,q6030,sprint,c,mobile
1548928421292,respond,q6030,sprint,c,mobile
1548928425313,respond,q6030,sprint,b,mobile
1548928431207,respond,q6030,sprint,a,mobile
1548928433879,respond,q6030,sprint,b,mobile
1548928436445,submit,b4562,sprint,,mobile
1548928492072,enter,b2745,sprint,,mobile
1548928498523,respond,q4213,sprint,c,mobile
1548928503009,submit,b2745,sprint,,mobile
1548929130153,enter,b4997,sprint,,mobile
1548929133597,respond,q6465,sprint,b,mobile
1548929138739,submit,b4997,sprint,,mobile
1548929172502,enter,b4561,adaptive_offer,,mobile
1548929183460,respond,q6029,adaptive_offer,c,mobile
1548929186097,submit,b4561,adaptive_offer,,mobile
1548929190501,enter,b4570,adaptive_offer,,mobile
1548929201182,respond,q6038,adaptive_offer,c,mobile
1548929214037,submit,b4570,adaptive_offer,,mobile
1548930818959,enter,b1807,sprint,,mobile
1548930921983,respond,q2619,sprint,c,mobile
1548930927087,submit,b1807,sprint,,mobile
1549007047186,enter,b1950,sprint,,mobile
1549007146379,respond,q3048,sprint,d,mobile
1549007149620,submit,b1950,sprint,,mobile
1549008534770,enter,b5124,sprint,,mobile
1549008960684,respond,q6712,sprint,a,mobile
1549008966811,submit,b5124,sprint,,mobile
1549009151476,enter,b5187,sprint,,mobile
1549009265343,respond,q6844,sprint,c,mobile
1549009284035,submit,b5187,sprint,,mobile
1549010046665,enter,b5201,sprint,,mobile
1549010161054,respond,q6900,sprint,a,mobile
1549010168761,submit,b5201,sprint,,mobile
1549010405260,enter,b8509,sprint,,mobile
1549010500230,respond,q11706,sprint,d,mobile
1549010512163,submit,b8509,sprint,,mobile
1549010782571,enter,b5191,sprint,,mobile
1549010932061,respond,q6860,sprint,b,mobile
1549010951998,submit,b5191,sprint,,mobile
1549012127711,enter,b5170,sprint,,mobile
1549012233225,respond,q6776,sprint,d,mobile
1549012237957,submit,b5170,sprint,,mobile
1549012655896,enter,b5202,sprint,,mobile
1549013467615,respond,q6904,sprint,b,mobile
1549013478183,submit,b5202,sprint,,mobile
1549068770908,enter,b5203,adaptive_offer,,mobile
1549068852904,respond,q6908,adaptive_offer,c,mobile
1549068857012,submit,b5203,adaptive_offer,,mobile
1549069586902,enter,b5108,adaptive_offer,,mobile
1549069621265,respond,q6648,adaptive_offer,d,mobile
1549069625220,submit,b5108,adaptive_offer,,mobile
1549105355127,enter,b6389,sprint,,mobile
1549105369434,respond,q9038,sprint,b,mobile
1549105372140,submit,b6389,sprint,,mobile
1549105398287,enter,b2354,sprint,,mobile
1549105401752,respond,q3822,sprint,a,mobile
1549105404806,submit,b2354,sprint,,mobile
1549105442823,enter,b3831,sprint,,mobile
1549105468540,respond,q5299,sprint,c,mobile
1549105471519,submit,b3831,sprint,,mobile
1549203085826,enter,b5095,sprint,,mobile
1549203182830,respond,q6596,sprint,b,mobile
1549203189643,submit,b5095,sprint,,mobile
1549203235705,enter,b5171,sprint,,mobile
1549203469563,respond,q6780,sprint,a,mobile
1549203477523,submit,b5171,sprint,,mobile
1549213505382,enter,b5122,sprint,,mobile
1549213608350,respond,q6703,sprint,c,mobile
1549213628250,submit,b5122,sprint,,mobile
1549213751490,enter,b5208,sprint,,mobile
1549213821472,respond,q6928,sprint,c,mobile
1549213862425,submit,b5208,sprint,,mobile
1549214080769,enter,b8560,sprint,,mobile
1549214233231,respond,q11910,sprint,a,mobile
1549214238872,submit,b8560,sprint,,mobile
1549251281553,enter,b5208,adaptive_offer,,mobile
1549251330672,respond,q6928,adaptive_offer,c,mobile
1549251334332,submit,b5208,adaptive_offer,,mobile
1549251379694,enter,b5168,adaptive_offer,,mobile
1549251425131,respond,q6768,adaptive_offer,d,mobile
1549251428789,submit,b5168,adaptive_offer,,mobile
1549255639635,enter,b5122,adaptive_offer,,mobile
1549255668100,respond,q6704,adaptive_offer,d,mobile
1549255673577,submit,b5122,adaptive_offer,,mobile
1549258024218,enter,b5171,adaptive_offer,,mobile
1549258083293,respond,q6780,adaptive_offer,c,mobile
1549258089184,respond,q6780,adaptive_offer,d,mobile
1549258090992,respond,q6780,adaptive_offer,a,mobile
1549258103734,respond,q6780,adaptive_offer,d,mobile
1549258110350,respond,q6780,adaptive_offer,b,mobile
1549258111467,respond,q6780,adaptive_offer,d,mobile
1549258117467,respond,q6780,adaptive_offer,a,mobile
1549258122306,submit,b5171,adaptive_offer,,mobile
1549258130945,enter,b5214,sprint,,mobile
1549258261869,respond,q6952,sprint,d,mobile
1549258267291,submit,b5214,sprint,,mobile
1549260502021,enter,b5196,sprint,,mobile
1549260961705,respond,q6880,sprint,d,mobile
1549260969505,respond,q6880,sprint,b,mobile
1549260982130,submit,b5196,sprint,,mobile
1549261754151,enter,b5125,sprint,,mobile
1549261960501,respond,q6716,sprint,a,mobile
1549261969218,submit,b5125,sprint,,mobile
1549340690542,enter,b5088,adaptive_offer,,mobile
1549340816764,respond,q6568,adaptive_offer,b,mobile
1549340821563,submit,b5088,adaptive_offer,,mobile
1549341798452,enter,b5178,adaptive_offer,,mobile
1549341999921,respond,q6808,adaptive_offer,d,mobile
1549342005599,submit,b5178,adaptive_offer,,mobile
1549344233138,enter,b5089,adaptive_offer,,mobile
1549344306557,respond,q6572,adaptive_offer,c,mobile
1549344313526,respond,q6572,adaptive_offer,d,mobile
1549344320652,submit,b5089,adaptive_offer,,mobile
1549344549403,enter,b5214,adaptive_offer,,mobile
1549344625786,respond,q6952,adaptive_offer,b,mobile
1549344635066,submit,b5214,adaptive_offer,,mobile
1549349622981,enter,b2023,sprint,,mobile
1549349694152,respond,q3267,sprint,c,mobile
1549349697180,submit,b2023,sprint,,mobile
1549349757808,enter,b2025,sprint,,mobile
1549349842560,respond,q3273,sprint,c,mobile
1549349847182,submit,b2025,sprint,,mobile
1549457506254,enter,b1798,sprint,,mobile
1549457586400,respond,q2592,sprint,c,mobile
1549457610780,submit,b1798,sprint,,mobile
1549457791389,enter,b8331,sprint,,mobile
1549457854591,respond,q11299,sprint,d,mobile
1549457867102,respond,q11299,sprint,d,mobile
1549457871258,respond,q11299,sprint,d,mobile
1549457884344,respond,q11299,sprint,b,mobile
1549457888581,submit,b8331,sprint,,mobile
1549458094548,enter,b1911,sprint,,mobile
1549458163602,respond,q2931,sprint,c,mobile
1549458176289,respond,q2931,sprint,c,mobile
1549458180108,submit,b1911,sprint,,mobile
1549458287869,enter,b2009,sprint,,mobile
1549458356395,respond,q3225,sprint,c,mobile
1549458360022,submit,b2009,sprint,,mobile
1549458429459,enter,b2068,sprint,,mobile
1549458501189,respond,q3402,sprint,b,mobile
1549458513682,submit,b2068,sprint,,mobile
1549458743415,enter,b1978,sprint,,mobile
1549458815315,respond,q3132,sprint,b,mobile
1549458818338,submit,b1978,sprint,,mobile
1549458909565,enter,b1912,sprint,,mobile
1549458968666,respond,q2934,sprint,d,mobile
1549458978177,submit,b1912,sprint,,mobile
1549459059752,enter,b2087,sprint,,mobile
1549459134605,respond,q3459,sprint,b,mobile
1549459139738,submit,b2087,sprint,,mobile
1549459230893,enter,b1894,sprint,,mobile
1549459302366,respond,q2880,sprint,d,mobile
1549459308863,submit,b1894,sprint,,mobile
1549459353587,enter,b1977,sprint,,mobile
1549459424818,respond,q3129,sprint,a,mobile
1549459439430,respond,q3129,sprint,a,mobile
1549459443817,respond,q3129,sprint,c,mobile
1549459446649,submit,b1977,sprint,,mobile
1549459558966,enter,b1967,sprint,,mobile
1549459651145,respond,q3099,sprint,b,mobile
1549459660472,submit,b1967,sprint,,mobile
1549459734152,enter,b1802,sprint,,mobile
1549459806706,respond,q2604,sprint,d,mobile
1549459808422,respond,q2604,sprint,d,mobile
1549459813331,submit,b1802,sprint,,mobile
1549459954414,enter,b1935,sprint,,mobile
1549460025166,respond,q3003,sprint,a,mobile
1549460036775,submit,b1935,sprint,,mobile
1549460242516,enter,b1935,sprint,,mobile
1549460385338,submit,b1935,sprint,,mobile
1549460695762,enter,b8321,sprint,,mobile
1549460768903,respond,q11269,sprint,c,mobile
1549460771613,submit,b8321,sprint,,mobile
1549463131767,enter,b2090,sprint,,mobile
1549463207846,respond,q3468,sprint,b,mobile
1549463212618,submit,b2090,sprint,,mobile
1549463342224,enter,b2026,sprint,,mobile
1549463435248,respond,q3276,sprint,d,mobile
1549463442777,respond,q3276,sprint,a,mobile
1549463443550,respond,q3276,sprint,b,mobile
1549463447512,submit,b2026,sprint,,mobile
1549794941315,enter,b3246,sprint,,mobile
1549794954723,respond,q4714,sprint,b,mobile
1549794975002,respond,q4714,sprint,d,mobile
1549794976569,respond,q4714,sprint,c,mobile
1549794977522,respond,q4714,sprint,a,mobile
1549794989199,respond,q4714,sprint,b,mobile
1549794998551,submit,b3246,sprint,,mobile
1549795054259,enter,b7637,sprint,,mobile
1549795087735,respond,q10286,sprint,a,mobile
1549795091151,submit,b7637,sprint,,mobile
1549795184836,enter,b4215,sprint,,mobile
1549795188042,respond,q5683,sprint,b,mobile
1549795190795,submit,b4215,sprint,,mobile
1549795346214,enter,b2795,sprint,,mobile
1549795357419,respond,q4263,sprint,a,mobile
1549795358669,respond,q4263,sprint,b,mobile
1549795367883,submit,b2795,sprint,,mobile
1549795406310,enter,b3029,sprint,,mobile
1549795413121,respond,q4497,sprint,c,mobile
1549795415764,submit,b3029,sprint,,mobile
1549795446966,enter,b7253,sprint,,mobile
1549795468595,respond,q9902,sprint,b,mobile
1549795471881,submit,b7253,sprint,,mobile
1549795496606,enter,b3137,sprint,,mobile
1549795508316,respond,q4605,sprint,d,mobile
1549795524788,respond,q4605,sprint,c,mobile
1549795526991,respond,q4605,sprint,b,mobile
1549795531984,respond,q4605,sprint,c,mobile
1549795535934,submit,b3137,sprint,,mobile
1549795594988,enter,b4102,sprint,,mobile
1549795630857,respond,q5570,sprint,c,mobile
1549795635498,respond,q5570,sprint,b,mobile
1549795655779,respond,q5570,sprint,c,mobile
1549795662770,submit,b4102,sprint,,mobile
1549795753447,enter,b3275,sprint,,mobile
1549795766991,respond,q4743,sprint,c,mobile
1549795772997,submit,b3275,sprint,,mobile
1549795795743,enter,b7104,sprint,,mobile
1549795800565,respond,q9753,sprint,c,mobile
1549795811518,submit,b7104,sprint,,mobile
1549796197052,enter,b3946,sprint,,mobile
1549796230321,respond,q5414,sprint,d,mobile
1549796248792,respond,q5414,sprint,c,mobile
1549796251689,submit,b3946,sprint,,mobile
1549796356285,enter,b6010,sprint,,mobile
1549796368557,respond,q8659,sprint,d,mobile
1549796402818,respond,q8659,sprint,a,mobile
1549796404187,respond,q8659,sprint,d,mobile
1549796412856,respond,q8659,sprint,a,mobile
1549796415555,submit,b6010,sprint,,mobile
1549796470767,enter,b3461,sprint,,mobile
1549796493336,respond,q4929,sprint,c,mobile
1549796495950,submit,b3461,sprint,,mobile
1549796716663,enter,b6148,sprint,,mobile
1549796764119,respond,q8797,sprint,c,mobile
1549796768020,submit,b6148,sprint,,mobile
1549796823760,enter,b4638,sprint,,mobile
1549796830351,respond,q6106,sprint,c,mobile
1549796834223,respond,q6106,sprint,d,mobile
1549796838612,submit,b4638,sprint,,mobile
1549796870350,enter,b4487,sprint,,mobile
1549796892655,respond,q5955,sprint,a,mobile
1549796913945,submit,b4487,sprint,,mobile
1549796972325,enter,b4227,sprint,,mobile
1549797001950,respond,q5695,sprint,c,mobile
1549797008837,submit,b4227,sprint,,mobile
1549797323169,enter,b7559,sprint,,mobile
1549797344005,respond,q10208,sprint,b,mobile
1549797347223,submit,b7559,sprint,,mobile
1549797434671,enter,b3379,sprint,,mobile
1549797448000,respond,q4847,sprint,a,mobile
1549797464805,respond,q4847,sprint,d,mobile
1549797473191,submit,b3379,sprint,,mobile
1549797494472,enter,b2579,sprint,,mobile
1549797508719,respond,q4047,sprint,c,mobile
1549797510556,respond,q4047,sprint,a,mobile
1549797514478,submit,b2579,sprint,,mobile
1549797574488,enter,b3780,sprint,,mobile
1549797586023,respond,q5248,sprint,d,mobile
1549797597636,submit,b3780,sprint,,mobile
1549797723553,enter,b7671,sprint,,mobile
1549797740332,respond,q10320,sprint,a,mobile
1549797743904,submit,b7671,sprint,,mobile
1549797843176,enter,b7389,sprint,,mobile
1549797874734,respond,q10038,sprint,c,mobile
1549797884062,submit,b7389,sprint,,mobile
1549797908068,enter,b3960,sprint,,mobile
1549797996953,respond,q5428,sprint,c,mobile
1549798005588,respond,q5428,sprint,b,mobile
1549798012866,submit,b3960,sprint,,mobile
1549799184593,enter,b3948,sprint,,mobile
1549799203529,respond,q5416,sprint,b,mobile
1549799204912,respond,q5416,sprint,d,mobile
1549799224527,submit,b3948,sprint,,mobile
1549799224597,enter,b3948,sprint,,mobile
1549799227180,respond,q5416,sprint,d,mobile
1549799230381,submit,b3948,sprint,,mobile
1549799362066,enter,b6708,sprint,,mobile
1549799373948,respond,q9357,sprint,b,mobile
1549799376588,submit,b6708,sprint,,mobile
1549799427796,enter,b3591,sprint,,mobile
1549799438776,respond,q5059,sprint,a,mobile
1549799452219,submit,b3591,sprint,,mobile
1549799560233,enter,b3027,sprint,,mobile
1549799565742,respond,q4495,sprint,b,mobile
1549799580440,submit,b3027,sprint,,mobile
1549799813715,enter,b2319,sprint,,mobile
1549799842906,respond,q3787,sprint,b,mobile
1549799847330,respond,q3787,sprint,a,mobile
1549799856731,submit,b2319,sprint,,mobile
1549800078666,enter,b6140,sprint,,mobile
1549800088435,respond,q8789,sprint,c,mobile
1549800091734,submit,b6140,sprint,,mobile
1549800257053,enter,b3589,sprint,,mobile
1549800278773,respond,q5057,sprint,b,mobile
1549800283661,submit,b3589,sprint,,mobile
1549800321346,enter,b2442,sprint,,mobile
1549800332226,respond,q3910,sprint,c,mobile
1549800338064,submit,b2442,sprint,,mobile
1549800386875,enter,b4419,sprint,,mobile
1549800414108,respond,q5887,sprint,c,mobile
1549800423025,respond,q5887,sprint,a,mobile
1549800423978,respond,q5887,sprint,b,mobile
1549800426296,submit,b4419,sprint,,mobile
1549800456317,enter,b6691,sprint,,mobile
1549800465102,respond,q9340,sprint,d,mobile
1549800467867,submit,b6691,sprint,,mobile
1549800476484,enter,b4858,sprint,,mobile
1549800494000,respond,q6326,sprint,c,mobile
1549800497366,submit,b4858,sprint,,mobile
1549800576349,enter,b3983,sprint,,mobile
1549800589278,respond,q5451,sprint,c,mobile
1549800592246,submit,b3983,sprint,,mobile
1549800633154,enter,b4702,sprint,,mobile
1549800658232,respond,q6170,sprint,c,mobile
1549800661546,submit,b4702,sprint,,mobile
1549800714901,enter,b6880,sprint,,mobile
1549800745259,respond,q9529,sprint,a,mobile
1549800751486,submit,b6880,sprint,,mobile
1549800807867,enter,b3060,sprint,,mobile
1549800848155,respond,q4528,sprint,b,mobile
1549800853865,respond,q4528,sprint,d,mobile
1549800859205,submit,b3060,sprint,,mobile
1549800884352,enter,b5039,sprint,,mobile
1549800898164,respond,q6507,sprint,c,mobile
1549800929733,respond,q6507,sprint,d,mobile
1549800933374,submit,b5039,sprint,,mobile
1549800976401,enter,b5054,sprint,,mobile
1549800981765,respond,q6522,sprint,a,mobile
1549800986770,submit,b5054,sprint,,mobile
1550202165131,enter,b7954,sprint,,mobile
1550202284217,respond,q10763,sprint,d,mobile
1550202288206,submit,b7954,sprint,,mobile
1550202497448,enter,b5111,sprint,,mobile
1550202624573,respond,q6660,sprint,a,mobile
1550202630581,respond,q6660,sprint,b,mobile
1550202636041,submit,b5111,sprint,,mobile
1550202856527,enter,b5115,sprint,,mobile
1550203004886,respond,q6676,sprint,b,mobile
1550203010568,submit,b5115,sprint,,mobile
1550203291697,enter,b7922,sprint,,mobile
1550203488402,respond,q10645,sprint,b,mobile
1550203493460,submit,b7922,sprint,,mobile
1550205391728,enter,b8518,sprint,,mobile
1550205518612,respond,q11742,sprint,d,mobile
1550205524219,submit,b8518,sprint,,mobile
1550206543589,enter,b5219,sprint,,mobile
1550206660172,respond,q6972,sprint,a,mobile
1550206763514,submit,b5219,sprint,,mobile
1550207592044,enter,b5226,sprint,,mobile
1550207719985,respond,q7000,sprint,d,mobile
1550207737457,submit,b5226,sprint,,mobile
1550208095957,enter,b5185,sprint,,mobile
1550208276248,respond,q6836,sprint,c,mobile
1550208288480,submit,b5185,sprint,,mobile
1550209339491,enter,b7982,sprint,,mobile
1550209405096,respond,q10875,sprint,c,mobile
1550209412400,submit,b7982,sprint,,mobile
1550209543155,enter,b5087,sprint,,mobile
1550209653408,respond,q6564,sprint,c,mobile
1550209674372,submit,b5087,sprint,,mobile
1550212541709,enter,b5105,adaptive_offer,,mobile
1550212617015,respond,q6636,adaptive_offer,a,mobile
1550212618997,respond,q6636,adaptive_offer,b,mobile
1550212622908,submit,b5105,adaptive_offer,,mobile
1550212646538,enter,b5223,adaptive_offer,,mobile
1550212706144,respond,q6988,adaptive_offer,d,mobile
1550212754954,respond,q6988,adaptive_offer,a,mobile
1550212759154,submit,b5223,adaptive_offer,,mobile
