timestamp,action_type,item_id,source,user_answer,platform
1545326685374,enter,b3384,diagnosis,,mobile
1545326701414,respond,q4852,diagnosis,c,mobile
1545326706614,submit,b3384,diagnosis,,mobile
1545326706694,enter,b3115,diagnosis,,mobile
1545326716128,respond,q4583,diagnosis,c,mobile
1545326719467,submit,b3115,diagnosis,,mobile
1545326719536,enter,b398,diagnosis,,mobile
1545326738114,respond,q398,diagnosis,b,mobile
1545326739075,respond,q398,diagnosis,c,mobile
1545326742308,submit,b398,diagnosis,,mobile
1545326742392,enter,b218,diagnosis,,mobile
1545326761337,respond,q218,diagnosis,a,mobile
1545326765129,submit,b218,diagnosis,,mobile
1545326765194,enter,b5039,diagnosis,,mobile
1545326779406,respond,q6507,diagnosis,c,mobile
1545326783251,submit,b5039,diagnosis,,mobile
1545326783309,enter,b379,diagnosis,,mobile
1545326799709,respond,q379,diagnosis,a,mobile
1545326802611,submit,b379,diagnosis,,mobile
