timestamp,action_type,item_id,source,user_answer,platform
1545842444701,enter,b3992,diagnosis,,mobile
1545842465775,respond,q5460,diagnosis,a,mobile
1545842469431,submit,b3992,diagnosis,,mobile
1545842469547,enter,b4569,diagnosis,,mobile
1545842479524,respond,q6037,diagnosis,a,mobile
1545842482523,submit,b4569,diagnosis,,mobile
1545842482581,enter,b5552,diagnosis,,mobile
1545842513933,respond,q8081,diagnosis,d,mobile
1545842516827,submit,b5552,diagnosis,,mobile
1545842516887,enter,b3135,diagnosis,,mobile
1545842524936,respond,q4603,diagnosis,b,mobile
1545842526547,respond,q4603,diagnosis,c,mobile
1545842528015,respond,q4603,diagnosis,b,mobile
1545842528946,respond,q4603,diagnosis,a,mobile
1545842531670,submit,b3135,diagnosis,,mobile
1545842531723,enter,b1052,diagnosis,,mobile
1545842550821,respond,q1052,diagnosis,c,mobile
1545842553671,submit,b1052,diagnosis,,mobile
1545842553725,enter,b689,diagnosis,,mobile
1545842566046,submit,b689,diagnosis,,mobile
1564981249700,enter,b689,diagnosis,,mobile
1564981278946,submit,b689,diagnosis,,mobile
1564981279064,enter,b390,diagnosis,,mobile
1564981280833,submit,b390,diagnosis,,mobile
1573053568336,enter,b390,diagnosis,,mobile
1573053580725,submit,b390,diagnosis,,mobile
1573053586966,enter,b390,diagnosis,,mobile
1573053608878,submit,b390,diagnosis,,mobile
1573053611813,enter,b390,diagnosis,,mobile
1573053633190,respond,q390,diagnosis,c,mobile
1573053640797,submit,b390,diagnosis,,mobile
