timestamp,action_type,item_id,source,user_answer,platform
1546052312076,enter,b2562,diagnosis,,mobile
1546052340346,respond,q4030,diagnosis,c,mobile
1546052345263,submit,b2562,diagnosis,,mobile
1546052345387,enter,b126,diagnosis,,mobile
1546052370362,respond,q126,diagnosis,a,mobile
1546052375275,submit,b126,diagnosis,,mobile
1546052375338,enter,b4146,diagnosis,,mobile
1546052397700,respond,q5614,diagnosis,a,mobile
1546052401109,submit,b4146,diagnosis,,mobile
1546052401163,enter,b336,diagnosis,,mobile
1546052420509,respond,q336,diagnosis,b,mobile
1546052424418,submit,b336,diagnosis,,mobile
1546052424490,enter,b5021,diagnosis,,mobile
1546052453228,respond,q6489,diagnosis,a,mobile
1546052458031,submit,b5021,diagnosis,,mobile
1546052458093,enter,b4985,diagnosis,,mobile
1546052474749,respond,q6453,diagnosis,d,mobile
1546052478513,submit,b4985,diagnosis,,mobile
1546052478572,enter,b4072,diagnosis,,mobile
1546052513496,respond,q5540,diagnosis,c,mobile
1546052520408,submit,b4072,diagnosis,,mobile
1546052711976,enter,b3065,sprint,,mobile
1546052745768,respond,q4533,sprint,c,mobile
1546052748579,submit,b3065,sprint,,mobile
1546052755398,enter,b3061,sprint,,mobile
1546052809598,respond,q4529,sprint,a,mobile
1546052813152,submit,b3061,sprint,,mobile
1546052862543,enter,b2329,sprint,,mobile
1546052885972,respond,q3797,sprint,a,mobile
1546052890346,submit,b2329,sprint,,mobile
1546052899681,enter,b6295,sprint,,mobile
1546052979822,respond,q8944,sprint,c,mobile
1546052983879,respond,q8944,sprint,b,mobile
1546052985308,respond,q8944,sprint,c,mobile
1546052988996,submit,b6295,sprint,,mobile
1546052994770,enter,b3855,sprint,,mobile
1546053032394,respond,q5323,sprint,b,mobile
1546053037809,submit,b3855,sprint,,mobile
1546053048739,enter,b2216,sprint,,mobile
1546053092944,respond,q3684,sprint,d,mobile
1546053096156,submit,b2216,sprint,,mobile
1546053108677,enter,b2311,sprint,,mobile
1546053150507,respond,q3779,sprint,d,mobile
1546053153259,submit,b2311,sprint,,mobile
1546053263590,enter,b7315,sprint,,mobile
1546053292803,respond,q9964,sprint,c,mobile
1546053295403,submit,b7315,sprint,,mobile
1546053402731,enter,b3307,sprint,,mobile
1546053452069,respond,q4775,sprint,b,mobile
1546053458675,submit,b3307,sprint,,mobile
1546053465902,enter,b2805,sprint,,mobile
1546053507149,respond,q4273,sprint,c,mobile
1546053510011,submit,b2805,sprint,,mobile
1546147906751,enter,b3629,sprint,,mobile
1546147946499,respond,q5097,sprint,b,mobile
1546147949893,submit,b3629,sprint,,mobile
1546147978257,enter,b2550,sprint,,mobile
1546148025972,respond,q4018,sprint,a,mobile
1546148029088,submit,b2550,sprint,,mobile
1546148038447,enter,b2699,sprint,,mobile
1546148061404,respond,q4167,sprint,c,mobile
1546148065420,submit,b2699,sprint,,mobile
1546148298238,enter,b6285,sprint,,mobile
1546148345513,respond,q8934,sprint,d,mobile
1546148350345,submit,b6285,sprint,,mobile
1546148368699,enter,b3280,sprint,,mobile
1546148380438,respond,q4748,sprint,a,mobile
1546148383956,submit,b3280,sprint,,mobile
1546148395844,enter,b3814,sprint,,mobile
1546148437908,respond,q5282,sprint,d,mobile
1546148440991,submit,b3814,sprint,,mobile
1546148456734,enter,b2433,sprint,,mobile
1546148515534,respond,q3901,sprint,c,mobile
1546148519090,submit,b2433,sprint,,mobile
1546148552334,enter,b7523,sprint,,mobile
1546148620960,respond,q10172,sprint,b,mobile
1546148625162,submit,b7523,sprint,,mobile
1546148630947,enter,b3001,sprint,,mobile
1546148640540,respond,q4469,sprint,b,mobile
1546148644137,submit,b3001,sprint,,mobile
1546148650676,enter,b4199,sprint,,mobile
1546148661237,respond,q5667,sprint,b,mobile
1546148666919,submit,b4199,sprint,,mobile
1546148672402,enter,b3068,sprint,,mobile
1546148688649,respond,q4536,sprint,a,mobile
1546148691688,submit,b3068,sprint,,mobile
1546148933586,enter,b7632,sprint,,mobile
1546149037859,respond,q10281,sprint,c,mobile
1546149039249,respond,q10281,sprint,b,mobile
1546149043309,respond,q10281,sprint,c,mobile
1546149047016,submit,b7632,sprint,,mobile
1546149069812,enter,b3596,sprint,,mobile
1546149089345,respond,q5064,sprint,c,mobile
1546149097546,submit,b3596,sprint,,mobile
1546248548202,enter,b2197,sprint,,mobile
1546248566360,respond,q3665,sprint,b,mobile
1546248570549,submit,b2197,sprint,,mobile
1546248602507,enter,b6424,sprint,,mobile
1546248650716,respond,q9073,sprint,c,mobile
1546248654527,submit,b6424,sprint,,mobile
1546309780855,enter,b3965,sprint,,mobile
1546309812484,respond,q5433,sprint,b,mobile
1546309815622,submit,b3965,sprint,,mobile
1546309844503,enter,b2441,sprint,,mobile
1546309892085,respond,q3909,sprint,d,mobile
1546309894767,submit,b2441,sprint,,mobile
1546309910845,enter,b5160,sprint,,mobile
1546309948678,respond,q6754,sprint,b,mobile
1546309952194,submit,b5160,sprint,,mobile
1546310045844,enter,b7609,sprint,,mobile
1546310074636,respond,q10258,sprint,c,mobile
1546310077273,submit,b7609,sprint,,mobile
1546310135395,enter,b3877,sprint,,mobile
1546310169792,respond,q5345,sprint,b,mobile
1546310176238,respond,q5345,sprint,d,mobile
1546310191274,submit,b3877,sprint,,mobile
1546310231220,enter,b4647,sprint,,mobile
1546310250440,respond,q6115,sprint,c,mobile
1546310252964,submit,b4647,sprint,,mobile
1546310263361,enter,b2438,sprint,,mobile
1546310296835,respond,q3906,sprint,a,mobile
1546310303991,submit,b2438,sprint,,mobile
1546310321445,enter,b6297,sprint,,mobile
1546310346929,respond,q8946,sprint,a,mobile
1546310349102,submit,b6297,sprint,,mobile
1546411191222,enter,b4167,sprint,,mobile
1546411229082,respond,q5635,sprint,a,mobile
1546411243712,submit,b4167,sprint,,mobile
1546411517082,enter,b4167,adaptive_offer,,mobile
1546411524379,respond,q5635,adaptive_offer,d,mobile
1546411526880,submit,b4167,adaptive_offer,,mobile
1546411531416,enter,b3596,adaptive_offer,,mobile
1546411536254,respond,q5064,adaptive_offer,b,mobile
1546411538798,submit,b3596,adaptive_offer,,mobile
1546411548705,enter,b3862,sprint,,mobile
1546411571051,respond,q5330,sprint,d,mobile
1546411587512,submit,b3862,sprint,,mobile
1546411841688,enter,b3862,adaptive_offer,,mobile
1546411847169,respond,q5330,adaptive_offer,a,mobile
1546411850521,submit,b3862,adaptive_offer,,mobile
1546411877414,enter,b2550,adaptive_offer,,mobile
1546411891528,respond,q4018,adaptive_offer,b,mobile
1546411894179,submit,b2550,adaptive_offer,,mobile
1546411930102,enter,b3568,sprint,,mobile
1546411959670,respond,q5036,sprint,a,mobile
1546411966795,submit,b3568,sprint,,mobile
1546411992190,enter,b7108,sprint,,mobile
1546412025900,respond,q9757,sprint,c,mobile
1546412041721,submit,b7108,sprint,,mobile
1546412080902,enter,b6963,sprint,,mobile
1546412119061,respond,q9612,sprint,a,mobile
1546412122051,submit,b6963,sprint,,mobile
1546412144716,enter,b3816,sprint,,mobile
1546412194823,respond,q5284,sprint,c,mobile
1546412199657,submit,b3816,sprint,,mobile
1546412250907,enter,b2573,sprint,,mobile
1546412302236,respond,q4041,sprint,d,mobile
1546412310724,submit,b2573,sprint,,mobile
1546412353898,enter,b6507,sprint,,mobile
1546412370596,respond,q9156,sprint,a,mobile
1546412375139,respond,q9156,sprint,a,mobile
1546412431380,submit,b6507,sprint,,mobile
1546412489301,enter,b2892,sprint,,mobile
1546412503344,respond,q4360,sprint,b,mobile
1546412547637,respond,q4360,sprint,d,mobile
1546412551088,submit,b2892,sprint,,mobile
1546412580317,enter,b5007,sprint,,mobile
1546412602910,respond,q6475,sprint,d,mobile
1546412611593,respond,q6475,sprint,d,mobile
1546412613697,submit,b5007,sprint,,mobile
1546413519513,enter,b4180,sprint,,mobile
1546413549865,respond,q5648,sprint,d,mobile
1546413553088,submit,b4180,sprint,,mobile
1546413567827,enter,b6106,sprint,,mobile
1546413599556,respond,q8755,sprint,d,mobile
1546413603086,submit,b6106,sprint,,mobile
1546413666182,enter,b3352,sprint,,mobile
1546413711781,respond,q4820,sprint,d,mobile
1546413730538,respond,q4820,sprint,d,mobile
1546413733403,submit,b3352,sprint,,mobile
1546413783348,enter,b4553,sprint,,mobile
1546413790630,respond,q6021,sprint,c,mobile
1546413792102,respond,q6021,sprint,a,mobile
1546413794639,submit,b4553,sprint,,mobile
1546413805763,enter,b3750,sprint,,mobile
1546413857667,submit,b3750,sprint,,mobile
1546413882262,enter,b5913,sprint,,mobile
1546413957311,respond,q8562,sprint,d,mobile
1546413972916,respond,q8562,sprint,a,mobile
1546413975519,submit,b5913,sprint,,mobile
1546414070192,enter,b2306,sprint,,mobile
1546414146117,respond,q3774,sprint,d,mobile
1546414153227,submit,b2306,sprint,,mobile
1546414206279,enter,b3558,sprint,,mobile
1546414263040,respond,q5026,sprint,a,mobile
1546414266270,submit,b3558,sprint,,mobile
1546414296329,enter,b3605,sprint,,mobile
1546414337800,respond,q5073,sprint,c,mobile
1546414341297,submit,b3605,sprint,,mobile
1546414365763,enter,b7559,sprint,,mobile
1546414402498,respond,q10208,sprint,b,mobile
1546414406433,submit,b7559,sprint,,mobile
1546507583859,enter,b4052,sprint,,mobile
1546507626184,respond,q5520,sprint,a,mobile
1546507631249,respond,q5520,sprint,c,mobile
1546507634900,submit,b4052,sprint,,mobile
1546507650546,enter,b3920,sprint,,mobile
1546507669682,respond,q5388,sprint,c,mobile
1546507686424,respond,q5388,sprint,c,mobile
1546507689484,submit,b3920,sprint,,mobile
1546507718718,enter,b3006,sprint,,mobile
1546507741399,respond,q4474,sprint,b,mobile
1546507744351,submit,b3006,sprint,,mobile
1546507762900,enter,b2375,sprint,,mobile
1546507802875,respond,q3843,sprint,c,mobile
1546507805750,submit,b2375,sprint,,mobile
1546507819072,enter,b4913,sprint,,mobile
1546507843079,respond,q6381,sprint,c,mobile
1546507845742,submit,b4913,sprint,,mobile
1546507857494,enter,b2853,sprint,,mobile
1546507894805,respond,q4321,sprint,a,mobile
1546507897588,submit,b2853,sprint,,mobile
1546507913868,enter,b4297,sprint,,mobile
1546507978483,respond,q5765,sprint,b,mobile
1546507981837,submit,b4297,sprint,,mobile
1546508002383,enter,b6401,sprint,,mobile
1546508033220,respond,q9050,sprint,a,mobile
1546508035783,submit,b6401,sprint,,mobile
1546508156085,enter,b3763,sprint,,mobile
1546508196311,respond,q5231,sprint,a,mobile
1546508200194,submit,b3763,sprint,,mobile
1546508228717,enter,b4922,sprint,,mobile
1546508287697,respond,q6390,sprint,c,mobile
1546508290469,submit,b4922,sprint,,mobile
1548542816846,enter,b2708,sprint,,mobile
1548542857093,respond,q4176,sprint,d,mobile
1548542859897,submit,b2708,sprint,,mobile
1548544111016,enter,b6431,sprint,,mobile
1548544118549,respond,q9080,sprint,c,mobile
1548544124485,submit,b6431,sprint,,mobile
1548544135116,enter,b3097,sprint,,mobile
1548544137685,respond,q4565,sprint,b,mobile
1548544140799,submit,b3097,sprint,,mobile
1548544149160,enter,b2599,sprint,,mobile
1548544161447,respond,q4067,sprint,a,mobile
1548544166746,submit,b2599,sprint,,mobile
1548544861785,enter,b4155,sprint,,mobile
1548544880208,respond,q5623,sprint,b,mobile
1548544886134,submit,b4155,sprint,,mobile
1548545439436,enter,b6233,sprint,,mobile
1548545450637,respond,q8882,sprint,b,mobile
1548545466107,submit,b6233,sprint,,mobile
1548545492392,enter,b4304,sprint,,mobile
1548545504723,respond,q5772,sprint,d,mobile
1548545507378,submit,b4304,sprint,,mobile
1548545523584,enter,b4756,sprint,,mobile
1548545537560,respond,q6224,sprint,b,mobile
1548545541150,submit,b4756,sprint,,mobile
1548545557533,enter,b3581,sprint,,mobile
1548545563825,respond,q5049,sprint,a,mobile
1548545566744,submit,b3581,sprint,,mobile
1548545573867,enter,b7465,sprint,,mobile
1548545609163,respond,q10114,sprint,d,mobile
1548545612203,submit,b7465,sprint,,mobile
1548545672614,enter,b2850,sprint,,mobile
1548545714291,respond,q4318,sprint,a,mobile
1548545717523,submit,b2850,sprint,,mobile
1548545819048,enter,b4297,adaptive_offer,,mobile
1548545826219,respond,q5765,adaptive_offer,a,mobile
1548545829252,submit,b4297,adaptive_offer,,mobile
1548545834422,enter,b2850,adaptive_offer,,mobile
1548545838547,respond,q4318,adaptive_offer,d,mobile
1548545840775,submit,b2850,adaptive_offer,,mobile
1548545850452,enter,b3955,sprint,,mobile
1548545869152,respond,q5423,sprint,b,mobile
1548545872435,submit,b3955,sprint,,mobile
1548545896868,enter,b2794,sprint,,mobile
1548545925731,respond,q4262,sprint,a,mobile
1548545928447,submit,b2794,sprint,,mobile
1548546019672,enter,b7068,sprint,,mobile
1548546067966,respond,q9717,sprint,b,mobile
1548546074815,respond,q9717,sprint,c,mobile
1548546077368,submit,b7068,sprint,,mobile
1548546094413,enter,b3861,sprint,,mobile
1548546111500,respond,q5329,sprint,b,mobile
1548546117218,submit,b3861,sprint,,mobile
1548546125941,enter,b3938,sprint,,mobile
1548546139571,respond,q5406,sprint,c,mobile
1548546142664,submit,b3938,sprint,,mobile
1548546174419,enter,b4324,sprint,,mobile
1548546178215,respond,q5792,sprint,a,mobile
1548546181737,submit,b4324,sprint,,mobile
1548546187196,enter,b6552,sprint,,mobile
1548546215632,respond,q9201,sprint,d,mobile
1548546218618,submit,b6552,sprint,,mobile
1548546229498,enter,b5046,sprint,,mobile
1548546257945,respond,q6514,sprint,d,mobile
1548546260765,submit,b5046,sprint,,mobile
1548546272075,enter,b4265,sprint,,mobile
1548546309166,respond,q5733,sprint,d,mobile
1548546319326,respond,q5733,sprint,c,mobile
1548546321816,respond,q5733,sprint,d,mobile
1548546323121,respond,q5733,sprint,c,mobile
1548546325936,submit,b4265,sprint,,mobile
1548650677168,enter,b5147,sprint,,mobile
1548650730166,submit,b5147,sprint,,mobile
1548650867392,enter,b5147,sprint,,mobile
1548650873293,respond,q6741,sprint,a,mobile
1548650885036,respond,q6741,sprint,b,mobile
1548650889472,submit,b5147,sprint,,mobile
1548650896559,enter,b7197,sprint,,mobile
1548650909742,respond,q9846,sprint,c,mobile
1548650912187,submit,b7197,sprint,,mobile
1548650920926,enter,b5151,sprint,,mobile
1548650943184,respond,q6745,sprint,c,mobile
1548650945819,submit,b5151,sprint,,mobile
1548650960561,enter,b2698,sprint,,mobile
1548650963899,respond,q4166,sprint,b,mobile
1548650966908,submit,b2698,sprint,,mobile
1548652084555,enter,b2447,sprint,,mobile
1548652094467,respond,q3915,sprint,c,mobile
1548652097795,submit,b2447,sprint,,mobile
1548652115051,enter,b7360,sprint,,mobile
1548652123950,respond,q10009,sprint,a,mobile
1548652127477,submit,b7360,sprint,,mobile
1548652139393,enter,b3069,sprint,,mobile
1548652155135,respond,q4537,sprint,a,mobile
1548652158885,submit,b3069,sprint,,mobile
1548652168270,enter,b2851,sprint,,mobile
1548652198797,respond,q4319,sprint,b,mobile
1548652201585,submit,b2851,sprint,,mobile
1548652213792,enter,b4998,sprint,,mobile
1548652216787,respond,q6466,sprint,a,mobile
1548652219513,submit,b4998,sprint,,mobile
1548652226912,enter,b7084,sprint,,mobile
1548652230357,respond,q9733,sprint,b,mobile
1548652232510,respond,q9733,sprint,a,mobile
1548652238955,respond,q9733,sprint,b,mobile
1548652241275,submit,b7084,sprint,,mobile
1550835423075,enter,b3326,sprint,,mobile
1550835446509,respond,q4794,sprint,b,mobile
1550835450652,submit,b3326,sprint,,mobile
1550835468176,enter,b3002,sprint,,mobile
1550835506959,respond,q4470,sprint,a,mobile
1550835510412,submit,b3002,sprint,,mobile
1550835531030,enter,b3924,sprint,,mobile
1550835543905,respond,q5392,sprint,a,mobile
1550835547995,submit,b3924,sprint,,mobile
1550835560668,enter,b7112,sprint,,mobile
1550835588905,respond,q9761,sprint,a,mobile
1550835591085,submit,b7112,sprint,,mobile
1550835688820,enter,b3952,sprint,,mobile
1550835728767,respond,q5420,sprint,d,mobile
1550835731504,submit,b3952,sprint,,mobile
1550835791556,enter,b2467,sprint,,mobile
1550835837179,respond,q3935,sprint,b,mobile
1550835840635,submit,b2467,sprint,,mobile
1550835858056,enter,b3817,sprint,,mobile
1550835871990,respond,q5285,sprint,b,mobile
1550835874762,submit,b3817,sprint,,mobile
1550835883230,enter,b7248,sprint,,mobile
1550835903887,respond,q9897,sprint,a,mobile
1550835910775,submit,b7248,sprint,,mobile
1550835917043,enter,b4024,sprint,,mobile
1550835928412,respond,q5492,sprint,a,mobile
1550835931893,submit,b4024,sprint,,mobile
1550835938566,enter,b3906,sprint,,mobile
1550835962069,respond,q5374,sprint,b,mobile
1550835966934,submit,b3906,sprint,,mobile
1551015541392,enter,b4267,sprint,,mobile
1551015577282,respond,q5735,sprint,b,mobile
1551015580232,submit,b4267,sprint,,mobile
1551015596404,enter,b5926,sprint,,mobile
1551015629199,respond,q8575,sprint,c,mobile
1551015632315,submit,b5926,sprint,,mobile
1551015637322,enter,b4782,sprint,,mobile
1551015669648,respond,q6250,sprint,d,mobile
1551015672399,submit,b4782,sprint,,mobile
1551015715011,enter,b6945,sprint,,mobile
1551015751253,respond,q9594,sprint,a,mobile
1551015758818,submit,b6945,sprint,,mobile
1551429012217,enter,b4721,sprint,,mobile
1551429027946,respond,q6189,sprint,d,mobile
1551429031188,submit,b4721,sprint,,mobile
1551431127372,enter,b7189,sprint,,mobile
1551431139167,respond,q9838,sprint,a,mobile
1551431142214,submit,b7189,sprint,,mobile
1551487046246,enter,b6945,adaptive_offer,,mobile
1551487056852,respond,q9594,adaptive_offer,b,mobile
1551487078560,respond,q9594,adaptive_offer,b,mobile
1551487081956,submit,b6945,adaptive_offer,,mobile
1551487091789,enter,b4782,adaptive_offer,,mobile
1551487108929,respond,q6250,adaptive_offer,b,mobile
1551487113812,respond,q6250,adaptive_offer,c,mobile
1551487117480,respond,q6250,adaptive_offer,b,mobile
1551487130445,respond,q6250,adaptive_offer,a,mobile
1551487133349,submit,b4782,adaptive_offer,,mobile
1551487148111,enter,b4897,sprint,,mobile
1551487185504,respond,q6365,sprint,d,mobile
1551487188395,submit,b4897,sprint,,mobile
1551487209247,enter,b2840,sprint,,mobile
1551487248895,respond,q4308,sprint,d,mobile
1551487253225,submit,b2840,sprint,,mobile
1551487267892,enter,b4753,sprint,,mobile
1551487299657,respond,q6221,sprint,c,mobile
1551487305696,submit,b4753,sprint,,mobile
1551487331054,enter,b7661,sprint,,mobile
1551487375384,respond,q10310,sprint,b,mobile
1551487380300,submit,b7661,sprint,,mobile
1552866812294,enter,b4545,sprint,,mobile
1552866827449,respond,q6013,sprint,a,mobile
1552866836138,submit,b4545,sprint,,mobile
1552866884184,enter,b3592,sprint,,mobile
1552866899863,respond,q5060,sprint,b,mobile
1552866904156,submit,b3592,sprint,,mobile
1552866935204,enter,b2444,sprint,,mobile
1552866967378,respond,q3912,sprint,b,mobile
1552866971602,respond,q3912,sprint,c,mobile
1552866975552,submit,b2444,sprint,,mobile
1552866996522,enter,b6245,sprint,,mobile
1552867023434,respond,q8894,sprint,a,mobile
1552867026818,submit,b6245,sprint,,mobile
1552867043229,enter,b4920,sprint,,mobile
1552867068043,respond,q6388,sprint,c,mobile
1552867072068,submit,b4920,sprint,,mobile
1552867080562,enter,b2313,sprint,,mobile
1552867098034,respond,q3781,sprint,a,mobile
1552867102560,submit,b2313,sprint,,mobile
1552867135328,enter,b2460,sprint,,mobile
1552867168321,respond,q3928,sprint,b,mobile
1552867169141,submit,b2460,sprint,,mobile
1552867172299,enter,b2460,sprint,,mobile
1552867173350,respond,q3928,sprint,b,mobile
1552867176120,submit,b2460,sprint,,mobile
1552867221765,enter,b7637,sprint,,mobile
1552867249407,respond,q10286,sprint,a,mobile
1552867252658,submit,b7637,sprint,,mobile
1552867260763,enter,b5026,sprint,,mobile
1552867286589,respond,q6494,sprint,c,mobile
1552867290911,submit,b5026,sprint,,mobile
1552867313609,enter,b2453,sprint,,mobile
1552867330489,respond,q3921,sprint,a,mobile
1552867333893,submit,b2453,sprint,,mobile
1552867393779,enter,b1184,sprint,,mobile
1552867411504,respond,q1184,sprint,b,mobile
1552867414770,submit,b1184,sprint,,mobile
1552867450164,enter,b1017,sprint,,mobile
1552867469617,respond,q1017,sprint,b,mobile
1552867472517,submit,b1017,sprint,,mobile
1552867504603,enter,b425,sprint,,mobile
1552867526758,respond,q425,sprint,b,mobile
1552867529474,submit,b425,sprint,,mobile
1552867556307,enter,b8315,sprint,,mobile
1552867573928,respond,q11262,sprint,a,mobile
1552867577014,submit,b8315,sprint,,mobile
1552867601771,enter,b1315,sprint,,mobile
1552867620937,respond,q1315,sprint,c,mobile
1552867623550,submit,b1315,sprint,,mobile
1552867646684,enter,b569,sprint,,mobile
1552867664215,respond,q569,sprint,a,mobile
1552867667777,submit,b569,sprint,,mobile
1552867691832,enter,b245,sprint,,mobile
1552867710192,respond,q245,sprint,b,mobile
1552867712915,submit,b245,sprint,,mobile
1552867725155,enter,b8302,sprint,,mobile
1552867748207,respond,q11249,sprint,b,mobile
1552867751344,submit,b8302,sprint,,mobile
1552867776220,enter,b421,sprint,,mobile
1552867777336,submit,b421,sprint,,mobile
1552867780561,enter,b421,sprint,,mobile
1552867800481,respond,q421,sprint,a,mobile
1552867803343,submit,b421,sprint,,mobile
1552867824874,enter,b597,sprint,,mobile
1552867845233,respond,q597,sprint,a,mobile
1552867848020,submit,b597,sprint,,mobile
1553780887093,enter,b4312,sprint,,mobile
1553780889993,respond,q5780,sprint,a,mobile
1553780894947,submit,b4312,sprint,,mobile
1553780908794,enter,b6839,sprint,,mobile
1553780927871,respond,q9488,sprint,b,mobile
1553780932289,submit,b6839,sprint,,mobile
1553780958108,enter,b2878,sprint,,mobile
1553780974685,respond,q4346,sprint,b,mobile
1553780975743,respond,q4346,sprint,d,mobile
1553780976885,respond,q4346,sprint,c,mobile
1553780979720,submit,b2878,sprint,,mobile
1553780989358,enter,b3071,sprint,,mobile
1553781008558,respond,q4539,sprint,c,mobile
1553781012511,respond,q4539,sprint,b,mobile
1553781016381,respond,q4539,sprint,c,mobile
1553781020333,submit,b3071,sprint,,mobile
