timestamp,action_type,item_id,source,user_answer,platform
1546352011799,enter,b2163,diagnosis,,mobile
1546352028307,respond,q3631,diagnosis,a,mobile
1546352032028,submit,b2163,diagnosis,,mobile
1546352032130,enter,b44,diagnosis,,mobile
1546352053638,respond,q44,diagnosis,d,mobile
1546352057385,submit,b44,diagnosis,,mobile
1546352057457,enter,b754,diagnosis,,mobile
1546352081696,respond,q754,diagnosis,c,mobile
1546352088319,submit,b754,diagnosis,,mobile
1546352088364,enter,b2663,diagnosis,,mobile
1546352111298,respond,q4131,diagnosis,c,mobile
1546352114779,submit,b2663,diagnosis,,mobile
1546352145182,enter,b4980,diagnosis,,mobile
1546352163546,respond,q6448,diagnosis,b,mobile
1546352166927,submit,b4980,diagnosis,,mobile
1546352166976,enter,b5128,diagnosis,,mobile
1546352188248,respond,q6722,diagnosis,b,mobile
1546352191822,submit,b5128,diagnosis,,mobile
1546352191872,enter,b2846,diagnosis,,mobile
1546352214944,respond,q4314,diagnosis,d,mobile
1546352238671,submit,b2846,diagnosis,,mobile
