timestamp,action_type,item_id,source,user_answer,platform
1546353348766,enter,b5835,diagnosis,,mobile
1546353379460,respond,q8484,diagnosis,b,mobile
1546353383191,submit,b5835,diagnosis,,mobile
1546353383337,enter,b528,diagnosis,,mobile
1546353400633,respond,q528,diagnosis,a,mobile
1546353404266,submit,b528,diagnosis,,mobile
1546353404351,enter,b99,diagnosis,,mobile
1546353425652,respond,q99,diagnosis,a,mobile
1546353428663,submit,b99,diagnosis,,mobile
1546353428744,enter,b4091,diagnosis,,mobile
1546353445275,respond,q5559,diagnosis,b,mobile
1546353448291,submit,b4091,diagnosis,,mobile
1546353448358,enter,b5156,diagnosis,,mobile
1546353492773,respond,q6750,diagnosis,a,mobile
1546353496816,submit,b5156,diagnosis,,mobile
1546353496893,enter,b3669,diagnosis,,mobile
1546353519445,respond,q5137,diagnosis,a,mobile
1546353523222,submit,b3669,diagnosis,,mobile
1546353523283,enter,b4489,diagnosis,,mobile
1546353533503,respond,q5957,diagnosis,c,mobile
1546353536630,submit,b4489,diagnosis,,mobile
1546353536707,enter,b4339,diagnosis,,mobile
1546353548731,respond,q5807,diagnosis,c,mobile
1546353550583,respond,q5807,diagnosis,b,mobile
1546353579993,respond,q5807,diagnosis,c,mobile
1546353585471,submit,b4339,diagnosis,,mobile
1546353585541,enter,b2612,diagnosis,,mobile
1546353629608,respond,q4080,diagnosis,d,mobile
1546353634404,submit,b2612,diagnosis,,mobile
1546353634461,enter,b3098,diagnosis,,mobile
1546353646409,respond,q4566,diagnosis,b,mobile
1546353651969,submit,b3098,diagnosis,,mobile
1546353652055,enter,b3665,diagnosis,,mobile
1546353699491,respond,q5133,diagnosis,b,mobile
1546353712225,submit,b3665,diagnosis,,mobile
1546358429055,enter,b5608,sprint,,mobile
1546358449921,respond,q8137,sprint,a,mobile
1546358453010,submit,b5608,sprint,,mobile
1546358468197,enter,b37,sprint,,mobile
1546358487150,respond,q37,sprint,c,mobile
1546358489502,submit,b37,sprint,,mobile
1546358520134,enter,b181,sprint,,mobile
1546358542753,respond,q181,sprint,c,mobile
1546358545453,submit,b181,sprint,,mobile
1546358571354,enter,b8160,sprint,,mobile
1546358579400,submit,b8160,sprint,,mobile
1546358713777,enter,b8160,sprint,,mobile
1546358731035,respond,q11107,sprint,c,mobile
1546358735164,submit,b8160,sprint,,mobile
1546358762708,enter,b5539,sprint,,mobile
1546358785949,respond,q8068,sprint,b,mobile
1546358788406,submit,b5539,sprint,,mobile
1546358800699,enter,b65,sprint,,mobile
1546358818695,respond,q65,sprint,b,mobile
1546358825037,submit,b65,sprint,,mobile
1546358899142,enter,b3,sprint,,mobile
1546358925732,respond,q3,sprint,b,mobile
1546358928591,submit,b3,sprint,,mobile
1546360457500,enter,b3,sprint,,mobile
1546360467170,submit,b3,sprint,,mobile
1546360467251,enter,b8272,sprint,,mobile
1546360487880,respond,q11219,sprint,d,mobile
1546360489986,submit,b8272,sprint,,mobile
1546360509635,enter,b55,sprint,,mobile
1546360535002,respond,q55,sprint,d,mobile
1546360537515,submit,b55,sprint,,mobile
1546360567784,enter,b13,sprint,,mobile
1546360590031,respond,q13,sprint,a,mobile
1546360593349,submit,b13,sprint,,mobile
1546360608118,enter,b5543,sprint,,mobile
1546360635902,respond,q8072,sprint,a,mobile
1546360638628,submit,b5543,sprint,,mobile
1546655262376,enter,b5377,sprint,,mobile
1546655418419,respond,q7558,sprint,d,mobile
1546655421916,submit,b5377,sprint,,mobile
1547473068819,enter,b2444,sprint,,web
1547473101341,respond,q3912,sprint,c,web
1547473102269,submit,b2444,sprint,,web
1547473217450,enter,b6957,sprint,,web
1547473234978,respond,q9606,sprint,a,web
1547473235757,submit,b6957,sprint,,web
1547473468135,enter,b6951,sprint,,web
1547473483737,respond,q9600,sprint,a,web
1547473484427,submit,b6951,sprint,,web
1547473519951,enter,b7215,sprint,,web
1547473539074,respond,q9864,sprint,a,web
1547473540081,submit,b7215,sprint,,web
1547473559282,enter,b4191,sprint,,web
1547473571081,respond,q5659,sprint,b,web
1547473586417,respond,q5659,sprint,c,web
1547473587514,submit,b4191,sprint,,web
1547473608265,enter,b4270,sprint,,web
1547473664908,respond,q5738,sprint,a,web
1547473665598,submit,b4270,sprint,,web
1547473828027,enter,b3774,sprint,,web
1547473844235,respond,q5242,sprint,a,web
1547473852302,submit,b3774,sprint,,web
1547474212150,enter,b7645,sprint,,web
1547474240749,respond,q10294,sprint,d,web
1547474242062,submit,b7645,sprint,,web
1547474321509,enter,b2232,sprint,,web
1547474345228,respond,q3700,sprint,a,web
1547474347734,submit,b2232,sprint,,web
1547474464881,enter,b2964,sprint,,web
1547474487611,respond,q4432,sprint,a,web
1547474488356,submit,b2964,sprint,,web
