timestamp,action_type,item_id,source,user_answer,platform
1546600849794,enter,b3941,diagnosis,,mobile
1546600872615,respond,q5409,diagnosis,c,mobile
1546600883333,submit,b3941,diagnosis,,mobile
1546600883396,enter,b5034,diagnosis,,mobile
1546600916303,respond,q6502,diagnosis,d,mobile
1546600920277,submit,b5034,diagnosis,,mobile
1546600920360,enter,b3528,diagnosis,,mobile
1546600930312,respond,q4996,diagnosis,a,mobile
1546600933643,submit,b3528,diagnosis,,mobile
1546600933723,enter,b760,diagnosis,,mobile
1546600964341,respond,q760,diagnosis,b,mobile
1546600968785,submit,b760,diagnosis,,mobile
1546600968867,enter,b3651,diagnosis,,mobile
1546600992688,respond,q5119,diagnosis,d,mobile
1546600995711,submit,b3651,diagnosis,,mobile
1546600995771,enter,b3302,diagnosis,,mobile
1546601028121,respond,q4770,diagnosis,d,mobile
1546601031114,respond,q4770,diagnosis,c,mobile
1546601034627,submit,b3302,diagnosis,,mobile
