timestamp,action_type,item_id,source,user_answer,platform
1546753619622,enter,b2572,diagnosis,,mobile
1546753660362,respond,q4040,diagnosis,b,mobile
1546753664649,submit,b2572,diagnosis,,mobile
1546753664742,enter,b5603,diagnosis,,mobile
1546753689513,respond,q8132,diagnosis,c,mobile
1546753693226,submit,b5603,diagnosis,,mobile
1546753693332,enter,b3327,diagnosis,,mobile
1546753699655,respond,q4795,diagnosis,c,mobile
1546753703441,submit,b3327,diagnosis,,mobile
1546753703541,enter,b4278,diagnosis,,mobile
1546753740140,respond,q5746,diagnosis,d,mobile
1546753745420,submit,b4278,diagnosis,,mobile
1546753745517,enter,b2662,diagnosis,,mobile
1546753772435,respond,q4130,diagnosis,b,mobile
1546753775830,submit,b2662,diagnosis,,mobile
1546753775917,enter,b3756,diagnosis,,mobile
1546753805027,respond,q5224,diagnosis,a,mobile
1546753808997,submit,b3756,diagnosis,,mobile
1546753809085,enter,b5020,diagnosis,,mobile
1546753818157,respond,q6488,diagnosis,c,mobile
1546753822197,submit,b5020,diagnosis,,mobile
1546753822286,enter,b3641,diagnosis,,mobile
1546753843191,respond,q5109,diagnosis,c,mobile
1546753846157,submit,b3641,diagnosis,,mobile
1546753846246,enter,b4211,diagnosis,,mobile
1546753853381,respond,q5679,diagnosis,c,mobile
1546753856077,submit,b4211,diagnosis,,mobile
1546753856164,enter,b3809,diagnosis,,mobile
1546753874331,respond,q5277,diagnosis,a,mobile
1546753878118,submit,b3809,diagnosis,,mobile
