timestamp,action_type,item_id,source,user_answer,platform
1546999805881,enter,b3992,diagnosis,,mobile
1546999839053,respond,q5460,diagnosis,d,mobile
1546999844815,submit,b3992,diagnosis,,mobile
1546999844886,enter,b1145,diagnosis,,mobile
1546999880122,respond,q1145,diagnosis,a,mobile
1546999883423,submit,b1145,diagnosis,,mobile
1546999883540,enter,b856,diagnosis,,mobile
1546999899086,respond,q856,diagnosis,b,mobile
1546999902779,submit,b856,diagnosis,,mobile
1546999902853,enter,b4775,diagnosis,,mobile
1546999924946,respond,q6243,diagnosis,b,mobile
1546999928056,submit,b4775,diagnosis,,mobile
1546999928118,enter,b5527,diagnosis,,mobile
1546999951268,respond,q8056,diagnosis,d,mobile
1546999954696,submit,b5527,diagnosis,,mobile
1546999954763,enter,b4926,diagnosis,,mobile
1546999979341,respond,q6394,diagnosis,c,mobile
1546999983491,submit,b4926,diagnosis,,mobile
1546999983558,enter,b2467,diagnosis,,mobile
1547000008439,respond,q3935,diagnosis,b,mobile
1547000012438,submit,b2467,diagnosis,,mobile
1547000012504,enter,b3098,diagnosis,,mobile
1547000039239,respond,q4566,diagnosis,b,mobile
1547000042662,submit,b3098,diagnosis,,mobile
1547000042728,enter,b4808,diagnosis,,mobile
1547000072618,respond,q6276,diagnosis,a,mobile
1547000075708,submit,b4808,diagnosis,,mobile
1547000209355,enter,b5159,diagnosis,,mobile
1547000236483,respond,q6753,diagnosis,b,mobile
1547000240552,submit,b5159,diagnosis,,mobile
1547000240621,enter,b3361,diagnosis,,mobile
1547000264324,respond,q4829,diagnosis,d,mobile
1547000270650,submit,b3361,diagnosis,,mobile
1547000422588,enter,b3096,sprint,,mobile
1547000434238,respond,q4564,sprint,c,mobile
1547000439607,submit,b3096,sprint,,mobile
1547000494096,enter,b2460,sprint,,mobile
1547000528723,respond,q3928,sprint,b,mobile
1547000531863,submit,b2460,sprint,,mobile
1547000577491,enter,b2845,sprint,,mobile
1547000589484,respond,q4313,sprint,c,mobile
1547000592369,submit,b2845,sprint,,mobile
1547000615274,enter,b6724,sprint,,mobile
1547000635555,respond,q9373,sprint,a,mobile
1547000645012,submit,b6724,sprint,,mobile
1547000665643,enter,b4890,sprint,,mobile
1547000691391,respond,q6358,sprint,a,mobile
1547000694053,submit,b4890,sprint,,mobile
1547000712678,enter,b4195,sprint,,mobile
1547000746149,respond,q5663,sprint,b,mobile
1547000748962,submit,b4195,sprint,,mobile
1547000806047,enter,b2999,sprint,,mobile
1547000852880,respond,q4467,sprint,c,mobile
1547000856767,submit,b2999,sprint,,mobile
1547000885806,enter,b7533,sprint,,mobile
1547000912553,respond,q10182,sprint,c,mobile
1547000915304,submit,b7533,sprint,,mobile
1547000930462,enter,b2510,sprint,,mobile
1547000962106,respond,q3978,sprint,b,mobile
1547000964820,submit,b2510,sprint,,mobile
1547000992348,enter,b4164,sprint,,mobile
1547001015263,respond,q5632,sprint,c,mobile
1547001017504,submit,b4164,sprint,,mobile
