timestamp,action_type,item_id,source,user_answer,platform
1547254558707,enter,b2916,diagnosis,,mobile
1547254574609,respond,q4384,diagnosis,d,mobile
1547254578303,submit,b2916,diagnosis,,mobile
1547254578377,enter,b6022,diagnosis,,mobile
1547254614113,respond,q8671,diagnosis,b,mobile
1547254617716,submit,b6022,diagnosis,,mobile
1547254617786,enter,b4782,diagnosis,,mobile
1547254635286,respond,q6250,diagnosis,b,mobile
1547254639107,submit,b4782,diagnosis,,mobile
1547254639175,enter,b3361,diagnosis,,mobile
1547254651895,respond,q4829,diagnosis,c,mobile
1547254654765,submit,b3361,diagnosis,,mobile
1547254654837,enter,b5004,diagnosis,,mobile
1547254672155,respond,q6472,diagnosis,c,mobile
1547254675448,submit,b5004,diagnosis,,mobile
1547254675524,enter,b3130,diagnosis,,mobile
1547254696245,respond,q4598,diagnosis,c,mobile
1547254699318,submit,b3130,diagnosis,,mobile
1547254699379,enter,b2165,diagnosis,,mobile
1547254719979,respond,q3633,diagnosis,d,mobile
1547254722850,submit,b2165,diagnosis,,mobile
1547254722921,enter,b3430,diagnosis,,mobile
1547254733618,respond,q4898,diagnosis,a,mobile
1547254736980,submit,b3430,diagnosis,,mobile
1547254737053,enter,b2577,diagnosis,,mobile
1547254767107,respond,q4045,diagnosis,a,mobile
1547254770970,submit,b2577,diagnosis,,mobile
1547254771040,enter,b2665,diagnosis,,mobile
1547254779837,respond,q4133,diagnosis,c,mobile
1547254789773,submit,b2665,diagnosis,,mobile
1547255442564,enter,b162,sprint,,mobile
1547255466703,respond,q162,sprint,b,mobile
1547255470785,submit,b162,sprint,,mobile
1547255493282,enter,b5600,sprint,,mobile
1547255515596,respond,q8129,sprint,a,mobile
1547255518087,submit,b5600,sprint,,mobile
1547255541228,enter,b5617,sprint,,mobile
1547255560468,respond,q8146,sprint,b,mobile
1547255565677,submit,b5617,sprint,,mobile
1547255582796,enter,b8286,sprint,,mobile
1547255610625,submit,b8286,sprint,,mobile
1547255633442,enter,b174,sprint,,mobile
1547255661496,submit,b174,sprint,,mobile
1547255665824,enter,b13,sprint,,mobile
1547255688445,respond,q13,sprint,d,mobile
1547255690644,submit,b13,sprint,,mobile
1547255698568,enter,b85,sprint,,mobile
1547255721992,respond,q85,sprint,d,mobile
1547255724168,submit,b85,sprint,,mobile
1547255727739,enter,b8117,sprint,,mobile
1547255749708,respond,q11064,sprint,c,mobile
1547255751995,submit,b8117,sprint,,mobile
1547255773327,enter,b177,sprint,,mobile
1547255796424,respond,q177,sprint,d,mobile
1547255798616,submit,b177,sprint,,mobile
1547255818086,enter,b89,sprint,,mobile
1547255827420,respond,q89,sprint,a,mobile
1547255829542,submit,b89,sprint,,mobile
1547255849736,enter,b114,sprint,,mobile
1547255866530,respond,q114,sprint,b,mobile
1547255870489,respond,q114,sprint,b,mobile
1547255873298,submit,b114,sprint,,mobile
1547255883772,enter,b8035,sprint,,mobile
1547255900374,respond,q10982,sprint,c,mobile
1547255902661,submit,b8035,sprint,,mobile
1547255905944,enter,b5556,sprint,,mobile
1547255925645,respond,q8085,sprint,c,mobile
1547255927551,submit,b5556,sprint,,mobile
1547255930567,enter,b134,sprint,,mobile
1547255953334,respond,q134,sprint,d,mobile
1547255954612,respond,q134,sprint,b,mobile
1547255957230,submit,b134,sprint,,mobile
1547255960339,enter,b5597,sprint,,mobile
1547255982950,respond,q8126,sprint,c,mobile
1547255984814,submit,b5597,sprint,,mobile
1547256000635,enter,b8119,sprint,,mobile
1547256004808,respond,q11066,sprint,a,mobile
1547256018945,respond,q11066,sprint,c,mobile
1547256020978,submit,b8119,sprint,,mobile
1547256027629,enter,b56,sprint,,mobile
1547256038832,submit,b56,sprint,,mobile
1547256135328,enter,b177,review_quiz,,mobile
1547256150083,submit,b177,review_quiz,,mobile
1547257001245,enter,b1831,sprint,,mobile
1547257068836,respond,q2691,sprint,b,mobile
1547257072464,submit,b1831,sprint,,mobile
1547257151626,enter,b2117,sprint,,mobile
1547257200119,submit,b2117,sprint,,mobile
1547257202422,enter,b2117,sprint,,mobile
1547257230313,respond,q3549,sprint,a,mobile
1547257234889,submit,b2117,sprint,,mobile
1547349361277,enter,b1831,adaptive_offer,,mobile
1547349433004,respond,q2691,adaptive_offer,a,mobile
1547349436220,submit,b1831,adaptive_offer,,mobile
1547349474134,enter,b2036,sprint,,mobile
1547349535576,respond,q3306,sprint,a,mobile
1547349543074,respond,q3306,sprint,a,mobile
1547349546478,submit,b2036,sprint,,mobile
1547349593935,enter,b7933,sprint,,mobile
1547349654409,respond,q10682,sprint,c,mobile
1547349659364,submit,b7933,sprint,,mobile
1547349738229,enter,b1965,sprint,,mobile
1547349822062,respond,q3093,sprint,b,mobile
1547349826390,submit,b1965,sprint,,mobile
1547349887037,enter,b1900,sprint,,mobile
1547349953656,respond,q2898,sprint,b,mobile
1547349957127,submit,b1900,sprint,,mobile
1547350019027,enter,b1695,sprint,,mobile
1547350096185,respond,q2283,sprint,d,mobile
1547350098635,submit,b1695,sprint,,mobile
1547350182526,enter,b1928,sprint,,mobile
1547350248498,respond,q2982,sprint,c,mobile
1547350250212,respond,q2982,sprint,c,mobile
1547350256858,respond,q2982,sprint,c,mobile
1547350259709,submit,b1928,sprint,,mobile
