timestamp,action_type,item_id,source,user_answer,platform
1547997870129,enter,b4895,diagnosis,,mobile
1547997914574,respond,q6363,diagnosis,d,mobile
1547997922644,submit,b4895,diagnosis,,mobile
1547997922703,enter,b174,diagnosis,,mobile
1547997949823,respond,q174,diagnosis,d,mobile
1547997954986,submit,b174,diagnosis,,mobile
1547997955053,enter,b2416,diagnosis,,mobile
1547997997289,respond,q3884,diagnosis,a,mobile
1547998001509,submit,b2416,diagnosis,,mobile
1547998001547,enter,b5060,diagnosis,,mobile
1547998021846,respond,q6528,diagnosis,b,mobile
1547998032418,submit,b5060,diagnosis,,mobile
1547998032469,enter,b99,diagnosis,,mobile
1547998055917,respond,q99,diagnosis,a,mobile
1547998059540,submit,b99,diagnosis,,mobile
1547998059594,enter,b218,diagnosis,,mobile
1547998074381,respond,q218,diagnosis,b,mobile
1547998080070,submit,b218,diagnosis,,mobile
1547998080107,enter,b25,diagnosis,,mobile
1547998101483,respond,q25,diagnosis,c,mobile
1547998104650,submit,b25,diagnosis,,mobile
1547998104703,enter,b3951,diagnosis,,mobile
1547998144501,respond,q5419,diagnosis,d,mobile
1547998148029,submit,b3951,diagnosis,,mobile
1547998148069,enter,b2846,diagnosis,,mobile
1547998167612,respond,q4314,diagnosis,d,mobile
1547998170530,submit,b2846,diagnosis,,mobile
1547998170580,enter,b2667,diagnosis,,mobile
1547998196611,respond,q4135,diagnosis,d,mobile
1547998199675,respond,q4135,diagnosis,a,mobile
1547998211297,submit,b2667,diagnosis,,mobile
1547998211335,enter,b7373,diagnosis,,mobile
1547998230407,respond,q10022,diagnosis,c,mobile
1547998237728,submit,b7373,diagnosis,,mobile
1547998380656,enter,b4145,sprint,,mobile
1547998406697,respond,q5613,sprint,b,mobile
1547998410311,submit,b4145,sprint,,mobile
1547998419714,enter,b3084,sprint,,mobile
1547998436913,respond,q4552,sprint,d,mobile
1547998439143,submit,b3084,sprint,,mobile
1547998445729,enter,b5153,sprint,,mobile
1547998467371,respond,q6747,sprint,a,mobile
1547998471304,submit,b5153,sprint,,mobile
1547998480030,enter,b5656,sprint,,mobile
1547998491275,respond,q8185,sprint,b,mobile
1547998493305,submit,b5656,sprint,,mobile
1547998498649,enter,b5656,sprint,,mobile
1547998500343,respond,q8185,sprint,b,mobile
1547998502994,submit,b5656,sprint,,mobile
1547998510218,enter,b4826,sprint,,mobile
1547998541536,respond,q6294,sprint,b,mobile
1547998544884,submit,b4826,sprint,,mobile
1547998561734,enter,b3416,sprint,,mobile
1547998573768,respond,q4884,sprint,d,mobile
1547998576556,submit,b3416,sprint,,mobile
1547998582046,enter,b4215,sprint,,mobile
1547998588756,respond,q5683,sprint,c,mobile
1547998604031,submit,b4215,sprint,,mobile
1547998610493,enter,b7244,sprint,,mobile
1547998628715,respond,q9893,sprint,c,mobile
1547998630947,submit,b7244,sprint,,mobile
1547998638536,enter,b4263,sprint,,mobile
1547998680585,respond,q5731,sprint,b,mobile
1547998683121,submit,b4263,sprint,,mobile
1547998688822,enter,b3627,sprint,,mobile
1547998723322,respond,q5095,sprint,b,mobile
1547998727915,respond,q5095,sprint,c,mobile
1547998730700,submit,b3627,sprint,,mobile
