timestamp,action_type,item_id,source,user_answer,platform
1547633371955,enter,b4110,diagnosis,,mobile
1547633386986,respond,q5578,diagnosis,b,mobile
1547633391534,submit,b4110,diagnosis,,mobile
1547633391628,enter,b7397,diagnosis,,mobile
1547633404843,respond,q10046,diagnosis,a,mobile
1547633409417,submit,b7397,diagnosis,,mobile
1547633409525,enter,b4978,diagnosis,,mobile
1547633418566,respond,q6446,diagnosis,a,mobile
1547633422536,submit,b4978,diagnosis,,mobile
1547633422598,enter,b3303,diagnosis,,mobile
1547633431334,respond,q4771,diagnosis,a,mobile
1547633435207,submit,b3303,diagnosis,,mobile
1547633435275,enter,b6976,diagnosis,,mobile
1547633461705,respond,q9625,diagnosis,b,mobile
1547633464911,submit,b6976,diagnosis,,mobile
1547633464982,enter,b2823,diagnosis,,mobile
1547633476430,respond,q4291,diagnosis,b,mobile
1547633479881,submit,b2823,diagnosis,,mobile
