timestamp,action_type,item_id,source,user_answer,platform
1547784007580,enter,b4918,diagnosis,,mobile
1547784010769,respond,q6386,diagnosis,b,mobile
1547784014895,submit,b4918,diagnosis,,mobile
1547784014949,enter,b3702,diagnosis,,mobile
1547784016477,respond,q5170,diagnosis,b,mobile
1547784020042,submit,b3702,diagnosis,,mobile
1547784020091,enter,b4480,diagnosis,,mobile
1547784021411,respond,q5948,diagnosis,b,mobile
1547784025158,submit,b4480,diagnosis,,mobile
1547784025210,enter,b326,diagnosis,,mobile
1547784026699,respond,q326,diagnosis,b,mobile
1547784030304,submit,b326,diagnosis,,mobile
1547784030355,enter,b3220,diagnosis,,mobile
1547784031949,respond,q4688,diagnosis,b,mobile
1547784035062,submit,b3220,diagnosis,,mobile
1547784035106,enter,b3113,diagnosis,,mobile
1547784036519,respond,q4581,diagnosis,b,mobile
1547784040520,submit,b3113,diagnosis,,mobile
1547784040564,enter,b887,diagnosis,,mobile
1547784042117,respond,q887,diagnosis,b,mobile
1547784046273,submit,b887,diagnosis,,mobile
1547784046327,enter,b6931,diagnosis,,mobile
1547784047747,respond,q9580,diagnosis,b,mobile
1547784050903,submit,b6931,diagnosis,,mobile
1547827403147,enter,b4676,diagnosis,,mobile
1547827414546,respond,q6144,diagnosis,d,mobile
1547827419289,submit,b4676,diagnosis,,mobile
