timestamp,action_type,item_id,source,user_answer,platform
1547817314729,enter,b3679,diagnosis,,mobile
1547817331083,respond,q5147,diagnosis,a,mobile
1547817335467,submit,b3679,diagnosis,,mobile
1547817335543,enter,b4790,diagnosis,,mobile
1547817348359,respond,q6258,diagnosis,a,mobile
1547817353170,submit,b4790,diagnosis,,mobile
1547817353232,enter,b2557,diagnosis,,mobile
1547817379398,respond,q4025,diagnosis,b,mobile
1547817384510,submit,b2557,diagnosis,,mobile
1547817384588,enter,b5004,diagnosis,,mobile
1547817419055,respond,q6472,diagnosis,b,mobile
1547817424030,submit,b5004,diagnosis,,mobile
1547817424090,enter,b5060,diagnosis,,mobile
1547817440817,respond,q6528,diagnosis,b,mobile
1547817445366,submit,b5060,diagnosis,,mobile
1547817445424,enter,b2416,diagnosis,,mobile
1547817464158,respond,q3884,diagnosis,a,mobile
1547817467868,submit,b2416,diagnosis,,mobile
1547817467922,enter,b4922,diagnosis,,mobile
1547817501700,respond,q6390,diagnosis,b,mobile
1547817508411,submit,b4922,diagnosis,,mobile
1547817640124,enter,b280,sprint,,mobile
1547817652698,submit,b280,sprint,,mobile
1547817655709,enter,b280,sprint,,mobile
1547817678772,respond,q280,sprint,b,mobile
1547817679499,respond,q280,sprint,c,mobile
1547817682878,submit,b280,sprint,,mobile
1547817690884,enter,b1248,sprint,,mobile
1547817699705,respond,q1248,sprint,a,mobile
1547817702053,submit,b1248,sprint,,mobile
1547817707510,enter,b1266,sprint,,mobile
1547817724359,respond,q1266,sprint,c,mobile
1547817726543,submit,b1266,sprint,,mobile
1547817747371,enter,b8314,sprint,,mobile
1547817766904,respond,q11261,sprint,a,mobile
1547817769018,submit,b8314,sprint,,mobile
1547817774067,enter,b1297,sprint,,mobile
1547817849134,respond,q1297,sprint,b,mobile
1547817853015,submit,b1297,sprint,,mobile
1547817857671,enter,b741,sprint,,mobile
1547817876425,submit,b741,sprint,,mobile
1547817880362,enter,b997,sprint,,mobile
1547817898405,respond,q997,sprint,a,mobile
1547817900903,submit,b997,sprint,,mobile
1547817908460,enter,b295,sprint,,mobile
1547817923666,respond,q295,sprint,c,mobile
1547817926189,submit,b295,sprint,,mobile
1547817930231,enter,b764,sprint,,mobile
1547817944078,respond,q764,sprint,c,mobile
1547817945942,submit,b764,sprint,,mobile
1547817951736,enter,b1336,sprint,,mobile
1547817966936,respond,q1336,sprint,b,mobile
1547817969203,submit,b1336,sprint,,mobile
1547818019356,enter,b4703,sprint,,mobile
1547818029854,respond,q6171,sprint,c,mobile
1547818032374,submit,b4703,sprint,,mobile
1547818050747,enter,b4859,sprint,,mobile
1547818058712,respond,q6327,sprint,c,mobile
1547818060780,submit,b4859,sprint,,mobile
1547818066426,enter,b2718,sprint,,mobile
1547818085000,respond,q4186,sprint,a,mobile
1547818087350,submit,b2718,sprint,,mobile
1547818097746,enter,b7218,sprint,,mobile
1547818110686,respond,q9867,sprint,d,mobile
1547818113474,submit,b7218,sprint,,mobile
1547818131780,enter,b4164,sprint,,mobile
1547818139952,respond,q5632,sprint,a,mobile
1547818142354,submit,b4164,sprint,,mobile
1547818147005,enter,b5057,sprint,,mobile
1547818165675,respond,q6525,sprint,b,mobile
1547818168060,submit,b5057,sprint,,mobile
1547818181824,enter,b2591,sprint,,mobile
1547818223344,respond,q4059,sprint,d,mobile
1547818225614,submit,b2591,sprint,,mobile
1547818243501,enter,b6797,sprint,,mobile
1547818256700,respond,q9446,sprint,a,mobile
1547818259340,submit,b6797,sprint,,mobile
1547818264770,enter,b2735,sprint,,mobile
1547818290175,respond,q4203,sprint,b,mobile
1547818292358,submit,b2735,sprint,,mobile
1547818307686,enter,b5039,sprint,,mobile
1547818334384,respond,q6507,sprint,a,mobile
1547818336511,submit,b5039,sprint,,mobile
1547878540429,enter,b270,sprint,,mobile
1547878557056,respond,q270,sprint,a,mobile
1547878560089,submit,b270,sprint,,mobile
1547878564444,enter,b8312,sprint,,mobile
1547878581274,respond,q11259,sprint,b,mobile
1547878583693,submit,b8312,sprint,,mobile
1547878590766,enter,b430,sprint,,mobile
1547878609134,respond,q430,sprint,c,mobile
1547878611188,submit,b430,sprint,,mobile
1547878615660,enter,b1017,sprint,,mobile
1547878632516,respond,q1017,sprint,a,mobile
1547878635260,submit,b1017,sprint,,mobile
1547878650655,enter,b1045,sprint,,mobile
1547878670189,respond,q1045,sprint,c,mobile
1547878672327,submit,b1045,sprint,,mobile
1547878677611,enter,b8316,sprint,,mobile
1547878692054,respond,q11263,sprint,b,mobile
1547878696633,submit,b8316,sprint,,mobile
1547878699911,enter,b523,sprint,,mobile
1547878716640,submit,b523,sprint,,mobile
1547878719994,enter,b1126,sprint,,mobile
1547878736151,respond,q1126,sprint,c,mobile
1547878738284,submit,b1126,sprint,,mobile
1547878742520,enter,b695,sprint,,mobile
1547878751373,respond,q695,sprint,a,mobile
1547878753238,submit,b695,sprint,,mobile
