timestamp,action_type,item_id,source,user_answer,platform
1547961329989,enter,b3164,diagnosis,,mobile
1547961345873,respond,q4632,diagnosis,c,mobile
1547961355019,submit,b3164,diagnosis,,mobile
1547961355098,enter,b627,diagnosis,,mobile
1547961368035,respond,q627,diagnosis,b,mobile
1547961373906,submit,b627,diagnosis,,mobile
1547961373980,enter,b2201,diagnosis,,mobile
1547961403780,respond,q3669,diagnosis,b,mobile
1547961422055,submit,b2201,diagnosis,,mobile
1547961422130,enter,b2165,diagnosis,,mobile
1547961461405,respond,q3633,diagnosis,a,mobile
1547961464705,submit,b2165,diagnosis,,mobile
1547961464772,enter,b4179,diagnosis,,mobile
1547961485384,respond,q5647,diagnosis,d,mobile
1547961488685,submit,b4179,diagnosis,,mobile
1547961488790,enter,b5081,diagnosis,,mobile
1547961522092,respond,q6549,diagnosis,d,mobile
1547961525096,submit,b5081,diagnosis,,mobile
1547961525157,enter,b3531,diagnosis,,mobile
1547961540894,respond,q4999,diagnosis,c,mobile
1547961546512,submit,b3531,diagnosis,,mobile
1547961546574,enter,b3647,diagnosis,,mobile
1547961588960,respond,q5115,diagnosis,c,mobile
1547961590704,respond,q5115,diagnosis,a,mobile
1547961593581,submit,b3647,diagnosis,,mobile
1547961593644,enter,b4288,diagnosis,,mobile
1547961604975,respond,q5756,diagnosis,c,mobile
1547961608586,submit,b4288,diagnosis,,mobile
1547961608652,enter,b4808,diagnosis,,mobile
1547961616887,respond,q6276,diagnosis,a,mobile
1547961620427,submit,b4808,diagnosis,,mobile
1547961620498,enter,b3327,diagnosis,,mobile
1547961628215,respond,q4795,diagnosis,d,mobile
1547961634450,submit,b3327,diagnosis,,mobile
1547961977990,enter,b3059,sprint,,mobile
1547962011919,respond,q4527,sprint,c,mobile
1547962016098,submit,b3059,sprint,,mobile
1548220559206,enter,b4751,sprint,,mobile
1548220573655,respond,q6219,sprint,d,mobile
1548220580159,submit,b4751,sprint,,mobile
1548220602131,enter,b3642,sprint,,mobile
1548220633593,respond,q5110,sprint,b,mobile
1548220634585,respond,q5110,sprint,a,mobile
1548220638136,submit,b3642,sprint,,mobile
1548220663278,enter,b4794,sprint,,mobile
1548220673131,respond,q6262,sprint,b,mobile
1548220675475,submit,b4794,sprint,,mobile
1548220692261,enter,b6188,sprint,,mobile
1548220697883,respond,q8837,sprint,a,mobile
1548220711662,submit,b6188,sprint,,mobile
1548220758761,enter,b2517,sprint,,mobile
1548220772011,respond,q3985,sprint,b,mobile
1548220776316,submit,b2517,sprint,,mobile
1548220809615,enter,b3853,sprint,,mobile
1548220822128,respond,q5321,sprint,b,mobile
1548220826747,submit,b3853,sprint,,mobile
1548220848508,enter,b3010,sprint,,mobile
1548220856515,respond,q4478,sprint,b,mobile
1548220858693,submit,b3010,sprint,,mobile
1548220873483,enter,b7499,sprint,,mobile
1548220890718,respond,q10148,sprint,a,mobile
1548220902398,respond,q10148,sprint,c,mobile
1548220908545,respond,q10148,sprint,d,mobile
1548220909001,respond,q10148,sprint,c,mobile
1548220910806,submit,b7499,sprint,,mobile
1548220942922,enter,b3581,sprint,,mobile
1548220947956,respond,q5049,sprint,a,mobile
1548220954009,submit,b3581,sprint,,mobile
1548220970970,enter,b3635,sprint,,mobile
1548221005581,respond,q5103,sprint,b,mobile
1548221008173,submit,b3635,sprint,,mobile
1548221057036,enter,b4172,sprint,,mobile
1548221066681,respond,q5640,sprint,a,mobile
1548221082742,submit,b4172,sprint,,mobile
1548221097128,enter,b6358,sprint,,mobile
1548221114549,respond,q9007,sprint,a,mobile
1548221117300,submit,b6358,sprint,,mobile
1548221151305,enter,b2512,sprint,,mobile
1548221169671,respond,q3980,sprint,b,mobile
1548221172118,submit,b2512,sprint,,mobile
1548221185433,enter,b4432,sprint,,mobile
1548221207347,respond,q5900,sprint,a,mobile
1548221209811,submit,b4432,sprint,,mobile
1548221224721,enter,b3096,sprint,,mobile
1548221237762,respond,q4564,sprint,a,mobile
1548221240337,submit,b3096,sprint,,mobile
1548221251028,enter,b7081,sprint,,mobile
1548221281911,respond,q9730,sprint,b,mobile
1548221284176,submit,b7081,sprint,,mobile
1548221296339,enter,b2731,sprint,,mobile
1548221312539,respond,q4199,sprint,c,mobile
1548221314640,submit,b2731,sprint,,mobile
1548221322744,enter,b3167,sprint,,mobile
1548221354765,respond,q4635,sprint,a,mobile
1548221357496,submit,b3167,sprint,,mobile
1548221365134,enter,b4063,sprint,,mobile
1548221392679,respond,q5531,sprint,b,mobile
1548221395198,submit,b4063,sprint,,mobile
1548221416470,enter,b6789,sprint,,mobile
1548221429294,respond,q9438,sprint,b,mobile
1548221431853,submit,b6789,sprint,,mobile
1548296503643,enter,b4862,sprint,,mobile
1548296520296,respond,q6330,sprint,b,mobile
1548296523321,submit,b4862,sprint,,mobile
1548296535783,enter,b3282,sprint,,mobile
1548296546760,respond,q4750,sprint,a,mobile
1548296549745,submit,b3282,sprint,,mobile
1548296570419,enter,b4244,sprint,,mobile
1548296594729,respond,q5712,sprint,c,mobile
1548296597104,submit,b4244,sprint,,mobile
1548296617077,enter,b6231,sprint,,mobile
1548296641594,respond,q8880,sprint,b,mobile
1548296644296,submit,b6231,sprint,,mobile
1548296653027,enter,b3051,sprint,,mobile
1548296663047,respond,q4519,sprint,c,mobile
1548296665644,submit,b3051,sprint,,mobile
1548296868935,enter,b3481,sprint,,mobile
1548296883572,respond,q4949,sprint,b,mobile
1548296887366,submit,b3481,sprint,,mobile
1548296893781,enter,b3593,sprint,,mobile
1548296906104,respond,q5061,sprint,d,mobile
1548296908648,submit,b3593,sprint,,mobile
1548378868099,enter,b4112,sprint,,mobile
1548378882127,respond,q5580,sprint,c,mobile
1548378885358,submit,b4112,sprint,,mobile
1548378928689,enter,b2467,sprint,,mobile
1548378942564,respond,q3935,sprint,b,mobile
1548378945639,submit,b2467,sprint,,mobile
1548637997857,enter,b6141,sprint,,mobile
1548638015441,respond,q8790,sprint,d,mobile
1548638018011,submit,b6141,sprint,,mobile
1548638038893,enter,b4672,sprint,,mobile
1548638048794,respond,q6140,sprint,d,mobile
1548638052690,submit,b4672,sprint,,mobile
1548638388797,enter,b3774,sprint,,mobile
1548638396589,respond,q5242,sprint,c,mobile
1548638399026,submit,b3774,sprint,,mobile
1548638431342,enter,b3783,sprint,,mobile
1548638483087,respond,q5251,sprint,a,mobile
1548638484754,respond,q5251,sprint,c,mobile
1548638486801,submit,b3783,sprint,,mobile
1548638503565,enter,b6493,sprint,,mobile
1548638550147,respond,q9142,sprint,d,mobile
1548638555696,submit,b6493,sprint,,mobile
1548638571322,enter,b3573,sprint,,mobile
1548638620145,respond,q5041,sprint,c,mobile
1548638623461,submit,b3573,sprint,,mobile
1548638659969,enter,b3298,sprint,,mobile
1548638675564,respond,q4766,sprint,a,mobile
1548638677939,submit,b3298,sprint,,mobile
1548638696041,enter,b4180,sprint,,mobile
1548638716323,respond,q5648,sprint,d,mobile
1548638719320,submit,b4180,sprint,,mobile
1548638738167,enter,b7425,sprint,,mobile
1548638756079,respond,q10074,sprint,c,mobile
1548638758737,submit,b7425,sprint,,mobile
1548638805717,enter,b4181,sprint,,mobile
1548638845025,respond,q5649,sprint,b,mobile
1548638871666,respond,q5649,sprint,d,mobile
1548638874205,submit,b4181,sprint,,mobile
1548638902492,enter,b4485,sprint,,mobile
1548638958786,respond,q5953,sprint,a,mobile
1548638961373,submit,b4485,sprint,,mobile
1548639510004,enter,b2569,sprint,,mobile
1548639571429,respond,q4037,sprint,c,mobile
1548639574536,submit,b2569,sprint,,mobile
1548639641587,enter,b6185,sprint,,mobile
1548639683326,respond,q8834,sprint,b,mobile
1548639685443,respond,q8834,sprint,c,mobile
1548639689275,submit,b6185,sprint,,mobile
1548644732021,enter,b4864,sprint,,mobile
1548644773499,respond,q6332,sprint,c,mobile
1548644781266,respond,q6332,sprint,a,mobile
1548644783866,submit,b4864,sprint,,mobile
1548644953784,enter,b3777,sprint,,mobile
1548644969464,respond,q5245,sprint,d,mobile
1548644970519,respond,q5245,sprint,a,mobile
1548644975435,submit,b3777,sprint,,mobile
1548645007824,enter,b4720,sprint,,mobile
1548645035061,respond,q6188,sprint,d,mobile
1548645037841,submit,b4720,sprint,,mobile
1548645171056,enter,b6074,sprint,,mobile
1548645222095,respond,q8723,sprint,a,mobile
1548645292756,respond,q8723,sprint,c,mobile
1548645295338,submit,b6074,sprint,,mobile
1548645359047,enter,b3959,sprint,,mobile
1548645408250,respond,q5427,sprint,b,mobile
1548645411032,submit,b3959,sprint,,mobile
1548653114720,enter,b4244,adaptive_offer,,mobile
1548653167553,respond,q5712,adaptive_offer,b,mobile
1548653168716,respond,q5712,adaptive_offer,a,mobile
1548653171857,submit,b4244,adaptive_offer,,mobile
1548653232430,enter,b3959,adaptive_offer,,mobile
1548653251329,respond,q5427,adaptive_offer,b,mobile
1548653281858,submit,b3959,adaptive_offer,,mobile
1548653380685,enter,b5840,sprint,,mobile
1548653386280,respond,q8489,sprint,a,mobile
1548653389647,submit,b5840,sprint,,mobile
1548653527624,enter,b4719,sprint,,mobile
1548653608759,respond,q6187,sprint,a,mobile
1548653618304,submit,b4719,sprint,,mobile
1548653673158,enter,b6393,sprint,,mobile
1548653709832,respond,q9042,sprint,a,mobile
1548653712318,submit,b6393,sprint,,mobile
1548653805640,enter,b2704,sprint,,mobile
1548653813026,respond,q4172,sprint,a,mobile
1548653820867,submit,b2704,sprint,,mobile
1548653866971,enter,b2197,sprint,,mobile
1548653874398,respond,q3665,sprint,b,mobile
1548653877167,submit,b2197,sprint,,mobile
1548653913591,enter,b2622,sprint,,mobile
1548653918081,respond,q4090,sprint,c,mobile
1548653924971,submit,b2622,sprint,,mobile
1548653958517,enter,b6317,sprint,,mobile
1548653972476,respond,q8966,sprint,d,mobile
1548653975693,submit,b6317,sprint,,mobile
1548654046772,enter,b3091,sprint,,mobile
1548654060480,respond,q4559,sprint,b,mobile
1548654063212,submit,b3091,sprint,,mobile
1548654333334,enter,b3056,sprint,,mobile
1548654346432,respond,q4524,sprint,d,mobile
1548654356924,submit,b3056,sprint,,mobile
1548654370593,enter,b3589,sprint,,mobile
1548654405505,respond,q5057,sprint,b,mobile
1548654412644,submit,b3589,sprint,,mobile
1548654589542,enter,b6824,sprint,,mobile
1548654606814,respond,q9473,sprint,c,mobile
1548654609265,submit,b6824,sprint,,mobile
1548654640923,enter,b3860,sprint,,mobile
1548654650603,respond,q5328,sprint,a,mobile
1548654681030,submit,b3860,sprint,,mobile
1548654815995,enter,b4490,sprint,,mobile
1548654832836,respond,q5958,sprint,a,mobile
1548654835166,submit,b4490,sprint,,mobile
1548654907035,enter,b4315,sprint,,mobile
1548654910038,respond,q5783,sprint,d,mobile
1548654912634,submit,b4315,sprint,,mobile
1548654959985,enter,b7278,sprint,,mobile
1548654982467,respond,q9927,sprint,d,mobile
1548654986355,submit,b7278,sprint,,mobile
1548655157414,enter,b2441,sprint,,mobile
1548655188118,respond,q3909,sprint,c,mobile
1548655190919,submit,b2441,sprint,,mobile
1548656119440,enter,b5026,sprint,,mobile
1548656165218,respond,q6494,sprint,d,mobile
1548656169048,submit,b5026,sprint,,mobile
1548725586423,enter,b7308,sprint,,mobile
1548725598899,respond,q9957,sprint,b,mobile
1548725615744,submit,b7308,sprint,,mobile
1548725670908,enter,b4606,sprint,,mobile
1548725683074,respond,q6074,sprint,a,mobile
1548725689554,submit,b4606,sprint,,mobile
1548725717582,enter,b4189,sprint,,mobile
1548725744749,respond,q5657,sprint,a,mobile
1548725747324,submit,b4189,sprint,,mobile
1548725802165,enter,b4312,sprint,,mobile
1548725810243,respond,q5780,sprint,a,mobile
1548725815206,submit,b4312,sprint,,mobile
1548725921680,enter,b6117,sprint,,mobile
1548725950012,respond,q8766,sprint,c,mobile
1548725953620,submit,b6117,sprint,,mobile
1548726036933,enter,b3381,sprint,,mobile
1548726059254,respond,q4849,sprint,b,mobile
1548726064952,submit,b3381,sprint,,mobile
1548726113255,enter,b2323,sprint,,mobile
1548726123331,respond,q3791,sprint,c,mobile
1548726126410,submit,b2323,sprint,,mobile
1548726339434,enter,b2646,sprint,,mobile
1548726416823,respond,q4114,sprint,d,mobile
1548726419195,submit,b2646,sprint,,mobile
1548726532408,enter,b7046,sprint,,mobile
1548726541421,respond,q9695,sprint,a,mobile
1548726544122,submit,b7046,sprint,,mobile
1548726583379,enter,b3095,sprint,,mobile
1548726598433,respond,q4563,sprint,b,mobile
1548726605310,submit,b3095,sprint,,mobile
1548726698842,enter,b4943,sprint,,mobile
1548726710108,respond,q6411,sprint,b,mobile
1548726733216,submit,b4943,sprint,,mobile
1548726747741,enter,b2306,sprint,,mobile
1548726774203,respond,q3774,sprint,a,mobile
1548726781456,submit,b2306,sprint,,mobile
1548726884634,enter,b6276,sprint,,mobile
1548726909706,respond,q8925,sprint,a,mobile
1548726911968,submit,b6276,sprint,,mobile
1548727023083,enter,b6963,sprint,,mobile
1548727029369,respond,q9612,sprint,a,mobile
1548727037730,submit,b6963,sprint,,mobile
