timestamp,action_type,item_id,source,user_answer,platform
1548039465142,enter,b4158,diagnosis,,mobile
1548039496190,respond,q5626,diagnosis,b,mobile
1548039500672,submit,b4158,diagnosis,,mobile
1548039500740,enter,b2200,diagnosis,,mobile
1548039524173,respond,q3668,diagnosis,c,mobile
1548039528801,submit,b2200,diagnosis,,mobile
1548039528840,enter,b3953,diagnosis,,mobile
1548039542782,respond,q5421,diagnosis,d,mobile
1548039546925,submit,b3953,diagnosis,,mobile
1548039546975,enter,b3262,diagnosis,,mobile
1548039568299,respond,q4730,diagnosis,b,mobile
1548039572312,submit,b3262,diagnosis,,mobile
1548039572357,enter,b888,diagnosis,,mobile
1548039590797,respond,q888,diagnosis,c,mobile
1548039594027,submit,b888,diagnosis,,mobile
1548039594084,enter,b2425,diagnosis,,mobile
1548039604637,respond,q3893,diagnosis,c,mobile
1548039608213,submit,b2425,diagnosis,,mobile
1548039608257,enter,b336,diagnosis,,mobile
1548039635183,respond,q336,diagnosis,b,mobile
1548039639567,submit,b336,diagnosis,,mobile
1548039639602,enter,b326,diagnosis,,mobile
1548039659452,respond,q326,diagnosis,c,mobile
1548039662317,submit,b326,diagnosis,,mobile
