timestamp,action_type,item_id,source,user_answer,platform
1548058953221,enter,b3207,diagnosis,,mobile
1548058973252,respond,q4675,diagnosis,a,mobile
1548058977579,submit,b3207,diagnosis,,mobile
1548058977662,enter,b2355,diagnosis,,mobile
1548058985139,respond,q3823,diagnosis,c,mobile
1548058988715,submit,b2355,diagnosis,,mobile
1548058988781,enter,b5137,diagnosis,,mobile
1548059008898,respond,q6731,diagnosis,a,mobile
1548059012788,submit,b5137,diagnosis,,mobile
1548059012859,enter,b190,diagnosis,,mobile
1548059035637,respond,q190,diagnosis,c,mobile
1548059039332,submit,b190,diagnosis,,mobile
1548059039400,enter,b4978,diagnosis,,mobile
1548059059885,respond,q6446,diagnosis,b,mobile
1548059062203,respond,q6446,diagnosis,d,mobile
1548059066280,respond,q6446,diagnosis,b,mobile
1548059068080,respond,q6446,diagnosis,d,mobile
1548059071706,submit,b4978,diagnosis,,mobile
1548059071766,enter,b4288,diagnosis,,mobile
1548059094296,respond,q5756,diagnosis,b,mobile
1548059098186,respond,q5756,diagnosis,c,mobile
1548059101156,submit,b4288,diagnosis,,mobile
1548059101248,enter,b2165,diagnosis,,mobile
1548059128265,respond,q3633,diagnosis,a,mobile
1548059131686,submit,b2165,diagnosis,,mobile
1548059131749,enter,b4072,diagnosis,,mobile
1548059145835,respond,q5540,diagnosis,a,mobile
1548059160504,submit,b4072,diagnosis,,mobile
1548077745843,enter,b350,sprint,,mobile
1548077758238,submit,b350,sprint,,mobile
1548077767158,enter,b350,sprint,,mobile
1548077786977,respond,q350,sprint,a,mobile
1548077792661,submit,b350,sprint,,mobile
1548077846731,enter,b509,sprint,,mobile
1548077864281,respond,q509,sprint,c,mobile
1548077870680,submit,b509,sprint,,mobile
1548078016469,enter,b252,sprint,,mobile
1548078034332,respond,q252,sprint,a,mobile
1548078037642,submit,b252,sprint,,mobile
1548078077751,enter,b8315,sprint,,mobile
1548078097351,respond,q11262,sprint,b,mobile
1548078104639,submit,b8315,sprint,,mobile
1548078218931,enter,b776,sprint,,mobile
1548078235671,respond,q776,sprint,c,mobile
1548078245640,submit,b776,sprint,,mobile
1548078336729,enter,b657,sprint,,mobile
1548078354127,respond,q657,sprint,a,mobile
1548078360637,submit,b657,sprint,,mobile
1548078417711,enter,b1000,sprint,,mobile
1548078433150,respond,q1000,sprint,c,mobile
1548078436474,submit,b1000,sprint,,mobile
1548078513686,enter,b295,sprint,,mobile
1548078529737,respond,q295,sprint,c,mobile
1548078534610,submit,b295,sprint,,mobile
1548078592717,enter,b1197,sprint,,mobile
1548078610870,respond,q1197,sprint,b,mobile
1548078615316,submit,b1197,sprint,,mobile
1548078719697,enter,b892,sprint,,mobile
1548078739147,respond,q892,sprint,c,mobile
1548078746564,submit,b892,sprint,,mobile
1548251784455,enter,b89,sprint,,mobile
1548251808343,respond,q89,sprint,b,mobile
1548251818257,submit,b89,sprint,,mobile
1548252014393,enter,b5,sprint,,mobile
1548252039636,respond,q5,sprint,c,mobile
1548252047114,submit,b5,sprint,,mobile
1548252102344,enter,b8097,sprint,,mobile
1548252124547,respond,q11044,sprint,b,mobile
1548252127256,submit,b8097,sprint,,mobile
1548252155398,enter,b5589,sprint,,mobile
1548252183087,respond,q8118,sprint,b,mobile
1548252186340,respond,q8118,sprint,b,mobile
1548252190079,submit,b5589,sprint,,mobile
1548252220412,enter,b20,sprint,,mobile
1548252245216,respond,q20,sprint,a,mobile
1548252250037,submit,b20,sprint,,mobile
1548252285344,enter,b5538,sprint,,mobile
1548252310773,respond,q8067,sprint,d,mobile
1548252313022,submit,b5538,sprint,,mobile
1548252390992,enter,b8079,sprint,,mobile
1548252418648,respond,q11026,sprint,b,mobile
1548252422730,submit,b8079,sprint,,mobile
1548252485013,enter,b115,sprint,,mobile
1548252514908,respond,q115,sprint,b,mobile
1548252515507,respond,q115,sprint,d,mobile
1548252519725,submit,b115,sprint,,mobile
1548252554039,enter,b84,sprint,,mobile
1548252572558,respond,q84,sprint,c,mobile
1548252576647,submit,b84,sprint,,mobile
1548252616432,enter,b90,sprint,,mobile
1548252623961,submit,b90,sprint,,mobile
1548258200970,enter,b655,sprint,,mobile
1548258210470,submit,b655,sprint,,mobile
1548258263423,enter,b2053,sprint,,mobile
1548258304289,submit,b2053,sprint,,mobile
1548304419915,enter,b5122,sprint,,web
1548304478190,respond,q6704,sprint,c,web
1548304498694,respond,q6704,sprint,d,web
1548304508365,respond,q6704,sprint,c,web
1548304540829,respond,q6703,sprint,a,web
1548304548422,respond,q6701,sprint,c,web
1548304569310,respond,q6702,sprint,b,web
1548304571518,submit,b5122,sprint,,web
1548759064320,enter,b4475,sprint,,mobile
1548759102029,respond,q5943,sprint,c,mobile
1548759105907,respond,q5943,sprint,b,mobile
1548759113057,submit,b4475,sprint,,mobile
1549796047328,enter,b2320,sprint,,mobile
1549796066847,respond,q3788,sprint,d,mobile
1549796069740,submit,b2320,sprint,,mobile
1549796128595,enter,b4180,sprint,,mobile
1549796160200,respond,q5648,sprint,a,mobile
1549796162150,respond,q5648,sprint,d,mobile
1549796165161,submit,b4180,sprint,,mobile
1549796195273,enter,b6821,sprint,,mobile
1549796223421,respond,q9470,sprint,d,mobile
1549796226786,submit,b6821,sprint,,mobile
1549796255178,enter,b3308,sprint,,mobile
1549796281576,respond,q4776,sprint,c,mobile
1549796288305,submit,b3308,sprint,,mobile
1549796326401,enter,b3852,sprint,,mobile
1549796363827,respond,q5320,sprint,d,mobile
1549796368890,submit,b3852,sprint,,mobile
1549796412139,enter,b3579,sprint,,mobile
1549796466447,respond,q5047,sprint,d,mobile
1549796469431,submit,b3579,sprint,,mobile
1549796547920,enter,b7075,sprint,,mobile
1549796575764,respond,q9724,sprint,c,mobile
1549796579359,submit,b7075,sprint,,mobile
1549796600878,enter,b2444,sprint,,mobile
1549796647722,respond,q3912,sprint,a,mobile
1549796654713,respond,q3912,sprint,c,mobile
1549796661138,submit,b2444,sprint,,mobile
1549796698474,enter,b2244,sprint,,mobile
1549796742922,submit,b2244,sprint,,mobile
1549796790118,enter,b6046,sprint,,mobile
1549796847004,respond,q8695,sprint,c,mobile
1549796851612,submit,b6046,sprint,,mobile
1549796951376,enter,b5168,sprint,,mobile
1549797212645,respond,q6768,sprint,a,mobile
1549797217272,submit,b5168,sprint,,mobile
1551650155578,enter,b7629,sprint,,mobile
1551650181559,respond,q10278,sprint,d,mobile
1551650185114,submit,b7629,sprint,,mobile
1551650198158,enter,b2609,sprint,,mobile
1551650243041,respond,q4077,sprint,a,mobile
1551650256244,submit,b2609,sprint,,mobile
1551650267059,enter,b2223,sprint,,mobile
1551650299271,respond,q3691,sprint,d,mobile
1551650304241,submit,b2223,sprint,,mobile
1551650496457,enter,b4975,sprint,,mobile
1551650540322,respond,q6443,sprint,d,mobile
1551650550952,submit,b4975,sprint,,mobile
1551650645059,enter,b6453,sprint,,mobile
1551650670864,respond,q9102,sprint,d,mobile
1551650675709,submit,b6453,sprint,,mobile
1551650710909,enter,b4027,sprint,,mobile
1551650741026,respond,q5495,sprint,d,mobile
1551650744864,submit,b4027,sprint,,mobile
1551650851793,enter,b5768,sprint,,mobile
1551650902043,respond,q8417,sprint,a,mobile
1551650907116,respond,q8417,sprint,d,mobile
1551650909874,respond,q8417,sprint,a,mobile
1551650917514,respond,q8417,sprint,d,mobile
1551650924069,submit,b5768,sprint,,mobile
1551651072643,enter,b2266,sprint,,mobile
1551651119127,respond,q3734,sprint,d,mobile
1551651135721,respond,q3734,sprint,a,mobile
1551651142094,submit,b2266,sprint,,mobile
1551651160612,enter,b7617,sprint,,mobile
1551651206983,respond,q10266,sprint,b,mobile
1551651217377,submit,b7617,sprint,,mobile
1551651306164,enter,b3635,sprint,,mobile
1551651359007,respond,q5103,sprint,d,mobile
1551651367868,submit,b3635,sprint,,mobile
1551651527158,enter,b4787,sprint,,mobile
1551651564948,respond,q6255,sprint,c,mobile
1551651572045,submit,b4787,sprint,,mobile
1551653053277,enter,b115,review_quiz,,mobile
1551653077911,respond,q115,review_quiz,b,mobile
1551653080238,submit,b115,review_quiz,,mobile
1551653162899,enter,b2165,review_quiz,,mobile
1551653214890,respond,q3633,review_quiz,a,mobile
1551653218551,submit,b2165,review_quiz,,mobile
1551653323781,enter,b4027,review_quiz,,mobile
1551653333699,respond,q5495,review_quiz,b,mobile
1551653336786,submit,b4027,review_quiz,,mobile
1551653344549,enter,b2609,review_quiz,,mobile
1551653351817,respond,q4077,review_quiz,a,mobile
1551653369078,respond,q4077,review_quiz,d,mobile
1551653381456,respond,q4077,review_quiz,d,mobile
1551653384454,submit,b2609,review_quiz,,mobile
1551653390266,enter,b7075,review_quiz,,mobile
1551653411262,respond,q9724,review_quiz,c,mobile
1551653415303,submit,b7075,review_quiz,,mobile
1551653446549,enter,b655,sprint,,mobile
1551653467751,respond,q655,sprint,b,mobile
1551653471601,submit,b655,sprint,,mobile
1551653569843,enter,b430,sprint,,mobile
1551653591214,respond,q430,sprint,b,mobile
1551653593874,submit,b430,sprint,,mobile
1551653691482,enter,b551,sprint,,mobile
1551653716994,respond,q551,sprint,c,mobile
1551653723983,submit,b551,sprint,,mobile
1551653928986,enter,b8302,sprint,,mobile
1551653951514,respond,q11249,sprint,c,mobile
1551653954368,submit,b8302,sprint,,mobile
1551735832902,enter,b5561,sprint,,mobile
1551735854741,respond,q8090,sprint,d,mobile
1551735858428,submit,b5561,sprint,,mobile
1551735915697,enter,b5561,sprint,,mobile
1551735999961,submit,b5561,sprint,,mobile
1551736067811,enter,b53,sprint,,mobile
1551736102498,respond,q53,sprint,c,mobile
1551736108087,submit,b53,sprint,,mobile
1551736221828,enter,b60,sprint,,mobile
1551736241277,respond,q60,sprint,c,mobile
1551736247816,respond,q60,sprint,a,mobile
1551736254879,submit,b60,sprint,,mobile
1551736258985,enter,b5569,sprint,,mobile
1551736272966,respond,q8098,sprint,b,mobile
1551736283162,submit,b5569,sprint,,mobile
1551736383043,enter,b8004,sprint,,mobile
1551736407350,respond,q10951,sprint,a,mobile
1551736411315,submit,b8004,sprint,,mobile
1551736594683,enter,b5532,sprint,,mobile
1551736610778,respond,q8061,sprint,b,mobile
1551736621071,submit,b5532,sprint,,mobile
1551736721891,enter,b172,sprint,,mobile
1551736733189,respond,q172,sprint,a,mobile
1551736752023,respond,q172,sprint,a,mobile
1551736755229,submit,b172,sprint,,mobile
1551736795610,enter,b72,sprint,,mobile
1551736816872,respond,q72,sprint,d,mobile
1551736827319,submit,b72,sprint,,mobile
1551736900774,enter,b8059,sprint,,mobile
1551736921202,respond,q11006,sprint,d,mobile
1551736924764,respond,q11006,sprint,a,mobile
1551736930092,submit,b8059,sprint,,mobile
1551737007010,enter,b320,sprint,,mobile
1551737027147,respond,q320,sprint,b,mobile
1551737030839,submit,b320,sprint,,mobile
1551737039876,enter,b430,adaptive_offer,,mobile
1551737059640,respond,q430,adaptive_offer,c,mobile
1551737065283,submit,b430,adaptive_offer,,mobile
1551737217504,enter,b320,adaptive_offer,,mobile
1551737232660,respond,q320,adaptive_offer,a,mobile
1551737238805,submit,b320,adaptive_offer,,mobile
1551737305131,enter,b1270,sprint,,mobile
1551737328807,respond,q1270,sprint,c,mobile
1551737333627,submit,b1270,sprint,,mobile
1551737369531,enter,b1165,sprint,,mobile
1551737387807,respond,q1165,sprint,a,mobile
1551737390424,respond,q1165,sprint,c,mobile
1551737395162,submit,b1165,sprint,,mobile
1551737614191,enter,b1165,sprint,,mobile
1551737647655,submit,b1165,sprint,,mobile
1551737647726,enter,b8312,sprint,,mobile
1551737667587,respond,q11259,sprint,a,mobile
1551737671034,submit,b8312,sprint,,mobile
1551737814313,enter,b683,sprint,,mobile
1551737827952,respond,q683,sprint,b,mobile
1551737833616,submit,b683,sprint,,mobile
1551737938481,enter,b1294,sprint,,mobile
1551737956937,respond,q1294,sprint,c,mobile
1551737959539,submit,b1294,sprint,,mobile
1551741905788,enter,b1743,sprint,,mobile
1551742019045,respond,q2427,sprint,a,mobile
1551742026037,respond,q2427,sprint,a,mobile
1551742036495,submit,b1743,sprint,,mobile
1551912217782,enter,b5545,sprint,,mobile
1551912242443,respond,q8074,sprint,d,mobile
1551912257549,submit,b5545,sprint,,mobile
1551912316163,enter,b194,sprint,,mobile
1551912337842,respond,q194,sprint,d,mobile
1551912341495,submit,b194,sprint,,mobile
1551912383645,enter,b144,sprint,,mobile
1551912404942,respond,q144,sprint,d,mobile
1551912407465,submit,b144,sprint,,mobile
1551912429141,enter,b144,sprint,,mobile
1551912483427,submit,b144,sprint,,mobile
1551912483483,enter,b8259,sprint,,mobile
1551912502556,respond,q11206,sprint,d,mobile
1551912504669,submit,b8259,sprint,,mobile
1551912523875,enter,b38,sprint,,mobile
1551912545785,respond,q38,sprint,d,mobile
1551912546669,respond,q38,sprint,a,mobile
1551912551064,submit,b38,sprint,,mobile
1551912605301,enter,b90,sprint,,mobile
1551912634318,submit,b90,sprint,,mobile
1551996040835,enter,b3,sprint,,mobile
1551996056057,respond,q3,sprint,b,mobile
1551996066483,submit,b3,sprint,,mobile
1551996095401,enter,b8154,sprint,,mobile
1551996114093,respond,q11101,sprint,c,mobile
1551996124540,submit,b8154,sprint,,mobile
1551996169173,enter,b5557,sprint,,mobile
1551996198724,respond,q8086,sprint,c,mobile
1551996205190,respond,q8086,sprint,b,mobile
1551996210152,submit,b5557,sprint,,mobile
1551996274073,enter,b134,sprint,,mobile
1551996293216,respond,q134,sprint,c,mobile
1551996301386,submit,b134,sprint,,mobile
1551996323934,enter,b134,sprint,,mobile
1551996392892,submit,b134,sprint,,mobile
1551998974774,enter,b5589,adaptive_offer,,mobile
1551998989666,respond,q8118,adaptive_offer,a,mobile
1551999001555,submit,b5589,adaptive_offer,,mobile
1551999109471,enter,b5574,sprint,,mobile
1551999129955,respond,q8103,sprint,d,mobile
1551999132786,submit,b5574,sprint,,mobile
1551999159131,enter,b8204,sprint,,mobile
1551999173659,respond,q11151,sprint,b,mobile
1551999185457,submit,b8204,sprint,,mobile
1551999238517,enter,b5652,sprint,,mobile
1551999263427,respond,q8181,sprint,c,mobile
1551999265451,submit,b5652,sprint,,mobile
1551999370855,enter,b5546,sprint,,mobile
1551999385915,respond,q8075,sprint,b,mobile
1551999399006,submit,b5546,sprint,,mobile
1551999475011,enter,b5546,sprint,,mobile
1551999522084,submit,b5546,sprint,,mobile
1551999522138,enter,b125,sprint,,mobile
1551999549896,submit,b125,sprint,,mobile
1552342273534,enter,b5589,adaptive_offer,,mobile
1552342303868,submit,b5589,adaptive_offer,,mobile
1552342508157,enter,b8036,sprint,,mobile
1552342536265,respond,q10983,sprint,c,mobile
1552342540401,submit,b8036,sprint,,mobile
1552342616296,enter,b18,sprint,,mobile
1552342641825,respond,q18,sprint,b,mobile
1552342653284,submit,b18,sprint,,mobile
