timestamp,action_type,item_id,source,user_answer,platform
1548320721620,enter,b2897,diagnosis,,mobile
1548320728040,respond,q4365,diagnosis,b,mobile
1548320731594,submit,b2897,diagnosis,,mobile
1548320731686,enter,b2346,diagnosis,,mobile
1548320734519,respond,q3814,diagnosis,a,mobile
1548320741116,submit,b2346,diagnosis,,mobile
1548320741187,enter,b3787,diagnosis,,mobile
1548320746317,respond,q5255,diagnosis,c,mobile
1548320750786,submit,b3787,diagnosis,,mobile
1548320750850,enter,b4480,diagnosis,,mobile
1548320764795,respond,q5948,diagnosis,b,mobile
1548320766160,respond,q5948,diagnosis,d,mobile
1548320770431,submit,b4480,diagnosis,,mobile
1548320770489,enter,b4308,diagnosis,,mobile
1548320780671,respond,q5776,diagnosis,c,mobile
1548320783788,submit,b4308,diagnosis,,mobile
1548320783848,enter,b3630,diagnosis,,mobile
1548320806108,respond,q5098,diagnosis,c,mobile
1548320808983,submit,b3630,diagnosis,,mobile
1548320809044,enter,b2512,diagnosis,,mobile
1548320814227,respond,q3980,diagnosis,d,mobile
1548320814631,respond,q3980,diagnosis,c,mobile
1548320817767,submit,b2512,diagnosis,,mobile
1548320817832,enter,b413,diagnosis,,mobile
1548320824184,respond,q413,diagnosis,b,mobile
1548320839634,respond,q413,diagnosis,c,mobile
1548320843488,submit,b413,diagnosis,,mobile
