timestamp,action_type,item_id,source,user_answer,platform
1548345567327,enter,b2519,diagnosis,,mobile
1548345590406,respond,q3987,diagnosis,a,mobile
1548345595213,submit,b2519,diagnosis,,mobile
1548345595261,enter,b3540,diagnosis,,mobile
1548345607788,respond,q5008,diagnosis,d,mobile
1548345610732,submit,b3540,diagnosis,,mobile
1548345610802,enter,b3131,diagnosis,,mobile
1548345640901,respond,q4599,diagnosis,d,mobile
1548345643725,submit,b3131,diagnosis,,mobile
1548345643766,enter,b5159,diagnosis,,mobile
1548345689684,respond,q6753,diagnosis,c,mobile
1548345692404,submit,b5159,diagnosis,,mobile
1548345692457,enter,b2476,diagnosis,,mobile
1548345742429,respond,q3944,diagnosis,d,mobile
1548345744866,submit,b2476,diagnosis,,mobile
1548345744901,enter,b2199,diagnosis,,mobile
1548345773603,respond,q3667,diagnosis,d,mobile
1548345776469,submit,b2199,diagnosis,,mobile
1548345776507,enter,b2765,diagnosis,,mobile
1548345801771,respond,q4233,diagnosis,b,mobile
1548345804891,submit,b2765,diagnosis,,mobile
1548345804941,enter,b3361,diagnosis,,mobile
1548345828300,respond,q4829,diagnosis,a,mobile
1548345832979,submit,b3361,diagnosis,,mobile
1548345833018,enter,b3139,diagnosis,,mobile
1548345881049,respond,q4607,diagnosis,c,mobile
1548345884389,submit,b3139,diagnosis,,mobile
1548345884439,enter,b2635,diagnosis,,mobile
1548345927792,respond,q4103,diagnosis,c,mobile
1548345931963,submit,b2635,diagnosis,,mobile
1548346068114,enter,b5034,sprint,,mobile
1548346104080,respond,q6502,sprint,c,mobile
1548346106620,submit,b5034,sprint,,mobile
1548346114614,enter,b3162,sprint,,mobile
1548346119609,respond,q4630,sprint,a,mobile
1548346121734,submit,b3162,sprint,,mobile
1548552813879,enter,b4317,sprint,,mobile
1548552871124,respond,q5785,sprint,c,mobile
1548552883392,respond,q5785,sprint,d,mobile
1548552886278,submit,b4317,sprint,,mobile
1548552903245,enter,b2562,sprint,,mobile
1548552932876,respond,q4030,sprint,b,mobile
1548552934933,submit,b2562,sprint,,mobile
1548552945354,enter,b2708,sprint,,mobile
1548552952733,respond,q4176,sprint,c,mobile
1548552955214,submit,b2708,sprint,,mobile
1548552962065,enter,b5741,sprint,,mobile
1548552969520,respond,q8390,sprint,b,mobile
1548552971782,submit,b5741,sprint,,mobile
1548552979633,enter,b3010,sprint,,mobile
1548553003054,respond,q4478,sprint,a,mobile
1548553005714,submit,b3010,sprint,,mobile
1548553013690,enter,b5073,sprint,,mobile
1548553075833,respond,q6541,sprint,c,mobile
1548553080472,submit,b5073,sprint,,mobile
1548553092488,enter,b2616,sprint,,mobile
1548553114689,respond,q4084,sprint,a,mobile
1548553117032,submit,b2616,sprint,,mobile
1548553127058,enter,b6686,sprint,,mobile
1548553139494,respond,q9335,sprint,c,mobile
1548553141930,submit,b6686,sprint,,mobile
1548553150128,enter,b3149,sprint,,mobile
1548553171854,respond,q4617,sprint,a,mobile
1548553173934,submit,b3149,sprint,,mobile
1548553181330,enter,b3605,sprint,,mobile
1548553217054,respond,q5073,sprint,d,mobile
1548553219462,submit,b3605,sprint,,mobile
1548553226487,enter,b2816,sprint,,mobile
1548553253084,respond,q4284,sprint,b,mobile
1548553255542,submit,b2816,sprint,,mobile
1548553261606,enter,b7522,sprint,,mobile
1548553287998,respond,q10171,sprint,b,mobile
1548553292321,submit,b7522,sprint,,mobile
1548553298312,enter,b4890,sprint,,mobile
1548553332655,respond,q6358,sprint,b,mobile
1548553334770,submit,b4890,sprint,,mobile
1548553341949,enter,b3299,sprint,,mobile
1548553388357,respond,q4767,sprint,d,mobile
1548553390758,submit,b3299,sprint,,mobile
1548553399785,enter,b5146,sprint,,mobile
1548553435309,respond,q6740,sprint,c,mobile
1548553437568,submit,b5146,sprint,,mobile
1549758069389,enter,b7561,sprint,,mobile
1549758086837,respond,q10210,sprint,a,mobile
1549758090819,submit,b7561,sprint,,mobile
1549758099383,enter,b2460,sprint,,mobile
1549758112439,respond,q3928,sprint,b,mobile
1549758115399,submit,b2460,sprint,,mobile
1549758123161,enter,b2702,sprint,,mobile
1549758134210,respond,q4170,sprint,c,mobile
1549758136845,submit,b2702,sprint,,mobile
1549758144063,enter,b4895,sprint,,mobile
1549758171726,respond,q6363,sprint,c,mobile
1549758174179,submit,b4895,sprint,,mobile
1549758230513,enter,b4895,adaptive_offer,,mobile
1549758249162,respond,q6363,adaptive_offer,d,mobile
1549758251460,submit,b4895,adaptive_offer,,mobile
1549758257951,enter,b4890,adaptive_offer,,mobile
1549758276192,respond,q6358,adaptive_offer,c,mobile
1549758278224,submit,b4890,adaptive_offer,,mobile
1549758293838,enter,b6474,sprint,,mobile
1549758316474,respond,q9123,sprint,d,mobile
1549758319750,submit,b6474,sprint,,mobile
1549758332212,enter,b3158,sprint,,mobile
1549758341159,respond,q4626,sprint,a,mobile
1549758343444,submit,b3158,sprint,,mobile
1549758350097,enter,b3301,sprint,,mobile
1549758357928,respond,q4769,sprint,a,mobile
1549758362574,submit,b3301,sprint,,mobile
1549758367183,enter,b3573,sprint,,mobile
1549758406102,respond,q5041,sprint,d,mobile
1549758408360,submit,b3573,sprint,,mobile
1549758764675,enter,b7082,sprint,,mobile
1549758807541,respond,q9731,sprint,d,mobile
1549758809884,submit,b7082,sprint,,mobile
1549758817598,enter,b2411,sprint,,mobile
1549758830208,respond,q3879,sprint,a,mobile
1549758833120,submit,b2411,sprint,,mobile
1549758839437,enter,b3777,sprint,,mobile
1549758854281,respond,q5245,sprint,b,mobile
1549758857182,submit,b3777,sprint,,mobile
1549758879384,enter,b5138,sprint,,mobile
1549758895821,respond,q6732,sprint,b,mobile
1549758898101,submit,b5138,sprint,,mobile
1549758913848,enter,b7527,sprint,,mobile
1549758939648,respond,q10176,sprint,c,mobile
1549758942166,submit,b7527,sprint,,mobile
1549758951923,enter,b3075,sprint,,mobile
1549758981048,respond,q4543,sprint,a,mobile
1549758984144,submit,b3075,sprint,,mobile
1549758990597,enter,b5765,sprint,,mobile
1549759035336,respond,q8414,sprint,c,mobile
1549759035929,respond,q8414,sprint,d,mobile
1549759038347,submit,b5765,sprint,,mobile
1549759049920,enter,b3153,sprint,,mobile
1549759055711,respond,q4621,sprint,c,mobile
1549759058209,submit,b3153,sprint,,mobile
1549759064231,enter,b7426,sprint,,mobile
1549759090308,respond,q10075,sprint,d,mobile
1549759094028,submit,b7426,sprint,,mobile
1549759100346,enter,b2216,sprint,,mobile
1549759135098,respond,q3684,sprint,a,mobile
1549759143507,submit,b2216,sprint,,mobile
1549759152469,enter,b2253,sprint,,mobile
1549759189192,respond,q3721,sprint,c,mobile
1549759191716,submit,b2253,sprint,,mobile
1549759200936,enter,b3348,sprint,,mobile
1549759213190,respond,q4816,sprint,b,mobile
1549759217687,submit,b3348,sprint,,mobile
1549759224449,enter,b6440,sprint,,mobile
1549759253014,respond,q9089,sprint,b,mobile
1549759255677,submit,b6440,sprint,,mobile
