timestamp,action_type,item_id,source,user_answer,platform
1548425263437,enter,b2159,diagnosis,,mobile
1548425286127,respond,q3627,diagnosis,c,mobile
1548425290114,submit,b2159,diagnosis,,mobile
1548425290192,enter,b795,diagnosis,,mobile
1548425306574,respond,q795,diagnosis,c,mobile
1548425311195,submit,b795,diagnosis,,mobile
1548425311261,enter,b5060,diagnosis,,mobile
1548425329950,respond,q6528,diagnosis,c,mobile
1548425333489,submit,b5060,diagnosis,,mobile
1548425348702,enter,b3131,diagnosis,,mobile
1548425353225,respond,q4599,diagnosis,b,mobile
1548425359178,submit,b3131,diagnosis,,mobile
1548425359237,enter,b2199,diagnosis,,mobile
1548425379584,respond,q3667,diagnosis,b,mobile
1548425383476,submit,b2199,diagnosis,,mobile
1548425383537,enter,b4004,diagnosis,,mobile
1548425420057,respond,q5472,diagnosis,d,mobile
1548425423481,submit,b4004,diagnosis,,mobile
