timestamp,action_type,item_id,source,user_answer,platform
1548489587372,enter,b3877,diagnosis,,mobile
1548489613236,respond,q5345,diagnosis,b,mobile
1548489617393,submit,b3877,diagnosis,,mobile
1548489617482,enter,b2436,diagnosis,,mobile
1548489629699,respond,q3904,diagnosis,c,mobile
1548489634983,submit,b2436,diagnosis,,mobile
1548489635053,enter,b3787,diagnosis,,mobile
1548489665529,respond,q5255,diagnosis,c,mobile
1548489674848,submit,b3787,diagnosis,,mobile
1548489674919,enter,b4810,diagnosis,,mobile
1548489689231,respond,q6278,diagnosis,c,mobile
1548489694936,submit,b4810,diagnosis,,mobile
1548489694993,enter,b6931,diagnosis,,mobile
1548489732288,respond,q9580,diagnosis,b,mobile
1548489736783,submit,b6931,diagnosis,,mobile
1548489736851,enter,b748,diagnosis,,mobile
1548489754895,respond,q748,diagnosis,a,mobile
1548489761243,submit,b748,diagnosis,,mobile
