timestamp,action_type,item_id,source,user_answer,platform
1548592024933,enter,b3587,diagnosis,,mobile
1548592044078,respond,q5055,diagnosis,a,mobile
1548592052020,respond,q5055,diagnosis,d,mobile
1548592053810,respond,q5055,diagnosis,a,mobile
1548592058071,submit,b3587,diagnosis,,mobile
1548592058142,enter,b2562,diagnosis,,mobile
1548592069131,respond,q4030,diagnosis,c,mobile
1548592072507,submit,b2562,diagnosis,,mobile
1548592072592,enter,b219,diagnosis,,mobile
1548592099128,respond,q219,diagnosis,b,mobile
1548592099666,respond,q219,diagnosis,c,mobile
1548592100949,respond,q219,diagnosis,b,mobile
1548592101729,respond,q219,diagnosis,a,mobile
1548592102131,respond,q219,diagnosis,c,mobile
1548592102897,respond,q219,diagnosis,b,mobile
1548592107029,submit,b219,diagnosis,,mobile
1548592107099,enter,b2157,diagnosis,,mobile
1548592114003,respond,q3625,diagnosis,a,mobile
1548592116609,submit,b2157,diagnosis,,mobile
1548592116671,enter,b4508,diagnosis,,mobile
1548592137646,respond,q5976,diagnosis,a,mobile
1548592140894,submit,b4508,diagnosis,,mobile
