timestamp,action_type,item_id,source,user_answer,platform
1548747068117,enter,b4982,diagnosis,,mobile
1548747093830,respond,q6450,diagnosis,b,mobile
1548747099257,submit,b4982,diagnosis,,mobile
1548747099328,enter,b797,diagnosis,,mobile
1548747112716,respond,q797,diagnosis,a,mobile
1548747121736,submit,b797,diagnosis,,mobile
1548747121799,enter,b2961,diagnosis,,mobile
1548747150150,respond,q4429,diagnosis,c,mobile
1548747154276,submit,b2961,diagnosis,,mobile
1548747154304,enter,b326,diagnosis,,mobile
1548747157959,respond,q326,diagnosis,b,mobile
1548747162322,submit,b326,diagnosis,,mobile
1548747162385,enter,b2231,diagnosis,,mobile
1548747186311,respond,q3699,diagnosis,c,mobile
1548747190416,submit,b2231,diagnosis,,mobile
1548747190467,enter,b6931,diagnosis,,mobile
1548747202820,respond,q9580,diagnosis,d,mobile
1548747207582,submit,b6931,diagnosis,,mobile
1548747207633,enter,b3220,diagnosis,,mobile
1548747209516,respond,q4688,diagnosis,b,mobile
1548747214625,submit,b3220,diagnosis,,mobile
1548747214664,enter,b4132,diagnosis,,mobile
1548747215473,respond,q5600,diagnosis,b,mobile
1548747220996,submit,b4132,diagnosis,,mobile
1548747221046,enter,b297,diagnosis,,mobile
1548747222195,respond,q297,diagnosis,c,mobile
1548747226114,submit,b297,diagnosis,,mobile
1548747226162,enter,b887,diagnosis,,mobile
1548747227377,respond,q887,diagnosis,c,mobile
1548747231874,submit,b887,diagnosis,,mobile
