timestamp,action_type,item_id,source,user_answer,platform
1548769870283,enter,b4453,diagnosis,,mobile
1548769881374,respond,q5921,diagnosis,a,mobile
1548769887921,submit,b4453,diagnosis,,mobile
1548769905387,enter,b4213,diagnosis,,mobile
1548769911067,respond,q5681,diagnosis,a,mobile
1548769911797,respond,q5681,diagnosis,b,mobile
1548769915666,submit,b4213,diagnosis,,mobile
1548769919983,enter,b3917,diagnosis,,mobile
1548769922424,respond,q5385,diagnosis,b,mobile
1548769927712,submit,b3917,diagnosis,,mobile
1548769927834,enter,b206,diagnosis,,mobile
1548769944090,respond,q206,diagnosis,b,mobile
1548769946540,submit,b206,diagnosis,,mobile
1548769968559,enter,b394,diagnosis,,mobile
1548769970131,respond,q394,diagnosis,b,mobile
1548769974345,submit,b394,diagnosis,,mobile
