timestamp,action_type,item_id,source,user_answer,platform
1549461225223,enter,b4194,diagnosis,,mobile
1549461249164,respond,q5662,diagnosis,a,mobile
1549461253254,respond,q5662,diagnosis,b,mobile
1549461257978,respond,q5662,diagnosis,c,mobile
1549461259674,respond,q5662,diagnosis,d,mobile
1549461263923,submit,b4194,diagnosis,,mobile
