timestamp,action_type,item_id,source,user_answer,platform
1549105372180,enter,b2980,diagnosis,,mobile
1549105393930,respond,q4448,diagnosis,a,mobile
1549105397251,submit,b2980,diagnosis,,mobile
1549105397336,enter,b4010,diagnosis,,mobile
1549105409452,respond,q5478,diagnosis,d,mobile
1549105415440,submit,b4010,diagnosis,,mobile
1549105415512,enter,b5128,diagnosis,,mobile
1549105480275,respond,q6722,diagnosis,c,mobile
1549105482600,respond,q6722,diagnosis,a,mobile
1549105483535,respond,q6722,diagnosis,b,mobile
1549105486629,respond,q6722,diagnosis,c,mobile
1549105488060,respond,q6722,diagnosis,a,mobile
1549105491713,submit,b5128,diagnosis,,mobile
1549105491780,enter,b4096,diagnosis,,mobile
1549105508987,respond,q5564,diagnosis,b,mobile
1549105512922,submit,b4096,diagnosis,,mobile
1549105512980,enter,b3450,diagnosis,,mobile
1549105545466,respond,q4918,diagnosis,a,mobile
1549105564691,respond,q4918,diagnosis,d,mobile
1549105569717,submit,b3450,diagnosis,,mobile
1549105569776,enter,b7371,diagnosis,,mobile
1549105591689,respond,q10020,diagnosis,c,mobile
1549105595846,submit,b7371,diagnosis,,mobile
1549105595899,enter,b2482,diagnosis,,mobile
1549105616797,respond,q3950,diagnosis,d,mobile
1549105621468,submit,b2482,diagnosis,,mobile
