timestamp,action_type,item_id,source,user_answer,platform
1549551299359,enter,b6994,diagnosis,,mobile
1549551323869,respond,q9643,diagnosis,a,mobile
1549551332753,submit,b6994,diagnosis,,mobile
1549551332853,enter,b1312,diagnosis,,mobile
1549551348898,respond,q1312,diagnosis,b,mobile
1549551350571,respond,q1312,diagnosis,c,mobile
1549551351341,respond,q1312,diagnosis,a,mobile
1549551368467,respond,q1312,diagnosis,b,mobile
1549551368814,respond,q1312,diagnosis,c,mobile
1549551369182,respond,q1312,diagnosis,a,mobile
1549551379847,respond,q1312,diagnosis,c,mobile
1549551382994,respond,q1312,diagnosis,b,mobile
1549551384638,respond,q1312,diagnosis,c,mobile
1549551385425,respond,q1312,diagnosis,a,mobile
1549551388245,submit,b1312,diagnosis,,mobile
1549551402253,enter,b2677,diagnosis,,mobile
1549551432490,respond,q4145,diagnosis,c,mobile
1549551436021,submit,b2677,diagnosis,,mobile
1549551436104,enter,b748,diagnosis,,mobile
1549551446220,submit,b748,diagnosis,,mobile
