timestamp,action_type,item_id,source,user_answer,platform
1549629540030,enter,b7002,diagnosis,,mobile
1549629566374,respond,q9651,diagnosis,c,mobile
1549629570751,submit,b7002,diagnosis,,mobile
1549629570819,enter,b2632,diagnosis,,mobile
1549629583305,respond,q4100,diagnosis,c,mobile
1549629587283,submit,b2632,diagnosis,,mobile
1549629587352,enter,b4215,diagnosis,,mobile
1549629596825,respond,q5683,diagnosis,a,mobile
1549629599816,submit,b4215,diagnosis,,mobile
1549629599871,enter,b3587,diagnosis,,mobile
1549629618281,respond,q5055,diagnosis,c,mobile
1549629622059,submit,b3587,diagnosis,,mobile
1549629622112,enter,b4569,diagnosis,,mobile
1549629638971,respond,q6037,diagnosis,a,mobile
1549629642909,submit,b4569,diagnosis,,mobile
1549629642959,enter,b2246,diagnosis,,mobile
1549629659210,respond,q3714,diagnosis,a,mobile
1549629662444,submit,b2246,diagnosis,,mobile
1549629662499,enter,b2551,diagnosis,,mobile
1549629678885,respond,q4019,diagnosis,c,mobile
1549629681967,submit,b2551,diagnosis,,mobile
1549629682031,enter,b2514,diagnosis,,mobile
1549629699361,respond,q3982,diagnosis,b,mobile
1549629703438,submit,b2514,diagnosis,,mobile
1549629703489,enter,b5023,diagnosis,,mobile
1549629725499,respond,q6491,diagnosis,a,mobile
1549629726869,respond,q6491,diagnosis,c,mobile
1549629727956,respond,q6491,diagnosis,a,mobile
1549629731138,submit,b5023,diagnosis,,mobile
1549629731193,enter,b3139,diagnosis,,mobile
1549629755635,respond,q4607,diagnosis,b,mobile
1549629759460,submit,b3139,diagnosis,,mobile
