timestamp,action_type,item_id,source,user_answer,platform
1549693762160,enter,b4223,diagnosis,,mobile
1549693804716,respond,q5691,diagnosis,c,mobile
1549693808653,submit,b4223,diagnosis,,mobile
1549693808764,enter,b848,diagnosis,,mobile
1549693819890,respond,q848,diagnosis,a,mobile
1549693823942,submit,b848,diagnosis,,mobile
1549703717767,enter,b848,diagnosis,,mobile
1549703729439,respond,q848,diagnosis,a,mobile
1549703734196,submit,b848,diagnosis,,mobile
1549703734296,enter,b3,diagnosis,,mobile
1549703758142,respond,q3,diagnosis,a,mobile
1549703762672,submit,b3,diagnosis,,mobile
1549703762735,enter,b1315,diagnosis,,mobile
1549703781228,respond,q1315,diagnosis,c,mobile
1549703784478,submit,b1315,diagnosis,,mobile
1549703784549,enter,b4480,diagnosis,,mobile
1549703799075,respond,q5948,diagnosis,b,mobile
1549703799821,respond,q5948,diagnosis,c,mobile
1549703803741,submit,b4480,diagnosis,,mobile
1549703803798,enter,b2978,diagnosis,,mobile
1549703815459,respond,q4446,diagnosis,b,mobile
1549703818847,submit,b2978,diagnosis,,mobile
1549703818904,enter,b4976,diagnosis,,mobile
1549703859385,respond,q6444,diagnosis,d,mobile
1549703866757,submit,b4976,diagnosis,,mobile
1549704112773,enter,b836,sprint,,mobile
1549704124874,respond,q836,sprint,b,mobile
1549704127781,submit,b836,sprint,,mobile
1549704137714,enter,b1258,sprint,,mobile
1549704155192,respond,q1258,sprint,a,mobile
1549704157678,submit,b1258,sprint,,mobile
1549704164490,enter,b527,sprint,,mobile
1549704182974,respond,q527,sprint,b,mobile
1549704186748,submit,b527,sprint,,mobile
1549704214052,enter,b8315,sprint,,mobile
1549704232394,respond,q11262,sprint,b,mobile
1549704234758,submit,b8315,sprint,,mobile
1549704244546,enter,b531,sprint,,mobile
1549704262941,respond,q531,sprint,b,mobile
1549704265499,submit,b531,sprint,,mobile
1549704275026,enter,b922,sprint,,mobile
1549704294172,respond,q922,sprint,c,mobile
1549704296699,submit,b922,sprint,,mobile
1549704312033,enter,b773,sprint,,mobile
1549704327350,submit,b773,sprint,,mobile
1549704329605,enter,b773,sprint,,mobile
1549704330871,respond,q773,sprint,c,mobile
1549704333479,submit,b773,sprint,,mobile
1549704399657,enter,b8316,sprint,,mobile
1549704407163,submit,b8316,sprint,,mobile
1549704407238,enter,b8316,sprint,,mobile
1549704427385,respond,q11263,sprint,b,mobile
1549704430257,submit,b8316,sprint,,mobile
1549704437335,enter,b316,sprint,,mobile
1549704449657,respond,q316,sprint,b,mobile
1549704452239,submit,b316,sprint,,mobile
1549704457038,enter,b224,sprint,,mobile
1549704475125,respond,q224,sprint,c,mobile
1549704477558,submit,b224,sprint,,mobile
1549704520829,enter,b2214,sprint,,mobile
1549704536031,respond,q3682,sprint,c,mobile
1549704538383,submit,b2214,sprint,,mobile
1549704543859,enter,b2836,sprint,,mobile
1549704554969,respond,q4304,sprint,c,mobile
1549704557541,submit,b2836,sprint,,mobile
1549704576428,enter,b5013,sprint,,mobile
1549704606249,respond,q6481,sprint,b,mobile
1549704609350,submit,b5013,sprint,,mobile
1549704629748,enter,b7663,sprint,,mobile
1549704657756,respond,q10312,sprint,b,mobile
1549704660235,submit,b7663,sprint,,mobile
1549704673524,enter,b4005,sprint,,mobile
1549704684611,respond,q5473,sprint,b,mobile
1549704686971,submit,b4005,sprint,,mobile
1549704698785,enter,b3095,sprint,,mobile
1549704730048,respond,q4563,sprint,a,mobile
1549704732651,respond,q4563,sprint,b,mobile
1549704733758,respond,q4563,sprint,a,mobile
1549704735710,submit,b3095,sprint,,mobile
1549704766410,enter,b2260,sprint,,mobile
1549704825198,respond,q3728,sprint,b,mobile
1549704828283,submit,b2260,sprint,,mobile
1549704842614,enter,b6828,sprint,,mobile
1549704863034,respond,q9477,sprint,a,mobile
1549704866264,submit,b6828,sprint,,mobile
1549704915451,enter,b5029,sprint,,mobile
1549704960445,respond,q6497,sprint,d,mobile
1549704962845,submit,b5029,sprint,,mobile
1549704989656,enter,b3933,sprint,,mobile
1549705028348,respond,q5401,sprint,c,mobile
1549705030629,submit,b3933,sprint,,mobile
1564117897046,enter,b3010,sprint,,mobile
1564117906110,respond,q4478,sprint,a,mobile
1564117910043,submit,b3010,sprint,,mobile
1564117932284,enter,b7645,sprint,,mobile
1564118013779,respond,q10294,sprint,a,mobile
1564118017670,submit,b7645,sprint,,mobile
1564118053252,enter,b5054,sprint,,mobile
1564118083742,respond,q6522,sprint,b,mobile
1564118090866,submit,b5054,sprint,,mobile
1564118202731,enter,b6963,sprint,,mobile
1564118216898,respond,q9612,sprint,a,mobile
1564118221018,submit,b6963,sprint,,mobile
1564118228872,enter,b4939,sprint,,mobile
1564118249983,respond,q6407,sprint,b,mobile
1564118254445,submit,b4939,sprint,,mobile
1564118264747,enter,b11713,sprint,,mobile
1564118281940,respond,q17570,sprint,a,mobile
1564118286394,submit,b11713,sprint,,mobile
1564118297437,enter,b3078,sprint,,mobile
1564118320430,respond,q4546,sprint,a,mobile
1564118323793,submit,b3078,sprint,,mobile
1564118334856,enter,b5129,sprint,,mobile
1564118360504,respond,q6723,sprint,b,mobile
1564118363646,submit,b5129,sprint,,mobile
1564118373842,enter,b2216,sprint,,mobile
1564118400681,respond,q3684,sprint,d,mobile
1564118405702,submit,b2216,sprint,,mobile
1564118426808,enter,b6341,sprint,,mobile
1564118443956,respond,q8990,sprint,b,mobile
1564118452022,submit,b6341,sprint,,mobile
1564982408248,enter,b2563,sprint,,mobile
1564982433924,respond,q4031,sprint,b,mobile
1564982438290,submit,b2563,sprint,,mobile
1564982447302,enter,b3853,sprint,,mobile
1564982471960,respond,q5321,sprint,b,mobile
1564982475949,submit,b3853,sprint,,mobile
1564982496707,enter,b2488,sprint,,mobile
1564982523915,respond,q3956,sprint,a,mobile
1564982530400,respond,q3956,sprint,d,mobile
1564982543243,submit,b2488,sprint,,mobile
1564982563793,enter,b6451,sprint,,mobile
1564982582006,respond,q9100,sprint,b,mobile
1564982586108,submit,b6451,sprint,,mobile
1564982599580,enter,b3927,sprint,,mobile
1564982633610,respond,q5395,sprint,c,mobile
1564982636824,submit,b3927,sprint,,mobile
1564982662934,enter,b2721,sprint,,mobile
1564982676807,respond,q4189,sprint,c,mobile
1564982680152,submit,b2721,sprint,,mobile
1564982693640,enter,b3591,sprint,,mobile
1564982706604,respond,q5059,sprint,a,mobile
1564982727870,submit,b3591,sprint,,mobile
1564982735052,enter,b11287,sprint,,mobile
1564982744941,respond,q17050,sprint,c,mobile
1564982748790,submit,b11287,sprint,,mobile
1564982760581,enter,b2271,sprint,,mobile
1564982781165,respond,q3739,sprint,a,mobile
1564982784710,submit,b2271,sprint,,mobile
1564982807124,enter,b2938,sprint,,mobile
1564982921842,respond,q4406,sprint,a,mobile
1564982925562,submit,b2938,sprint,,mobile
1564982938766,enter,b7381,sprint,,mobile
1564982954457,respond,q10030,sprint,c,mobile
1564982957850,submit,b7381,sprint,,mobile
1564982967210,enter,b7282,sprint,,mobile
1564983002547,respond,q9931,sprint,a,mobile
1564983006277,submit,b7282,sprint,,mobile
1564983027482,enter,b3852,sprint,,mobile
1564983139078,respond,q5320,sprint,a,mobile
1564983158931,respond,q5320,sprint,b,mobile
1564983165292,submit,b3852,sprint,,mobile
1564983188248,enter,b4624,sprint,,mobile
1564983231038,respond,q6092,sprint,c,mobile
1564983234444,submit,b4624,sprint,,mobile
1564983241939,enter,b6002,sprint,,mobile
1564983277373,respond,q8651,sprint,a,mobile
1564983280139,submit,b6002,sprint,,mobile
1564983297334,enter,b6284,sprint,,mobile
1564983308253,respond,q8933,sprint,b,mobile
1564983311675,submit,b6284,sprint,,mobile
1564983317491,enter,b3592,sprint,,mobile
1564983358831,respond,q5060,sprint,c,mobile
1564983362413,submit,b3592,sprint,,mobile
1564983372443,enter,b2353,sprint,,mobile
1564983404355,respond,q3821,sprint,b,mobile
1564983407874,submit,b2353,sprint,,mobile
1564983519757,enter,b4910,sprint,,mobile
1564983549705,respond,q6378,sprint,b,mobile
1564983552274,respond,q6378,sprint,d,mobile
1564983556440,submit,b4910,sprint,,mobile
1564983577388,enter,b6151,sprint,,mobile
1564983592952,respond,q8800,sprint,b,mobile
1564983596377,submit,b6151,sprint,,mobile
1564983613393,enter,b3114,sprint,,mobile
1564983637873,respond,q4582,sprint,c,mobile
1564983641792,submit,b3114,sprint,,mobile
1564983662297,enter,b4227,sprint,,mobile
1564983696859,respond,q5695,sprint,c,mobile
1564983700395,submit,b4227,sprint,,mobile
1564983714891,enter,b2467,sprint,,mobile
1564983763927,respond,q3935,sprint,b,mobile
1564983767171,submit,b2467,sprint,,mobile
