timestamp,action_type,item_id,source,user_answer,platform
1550142172757,enter,b5771,diagnosis,,mobile
1550142200786,respond,q8420,diagnosis,c,mobile
1550142205205,submit,b5771,diagnosis,,mobile
1550142205289,enter,b4150,diagnosis,,mobile
1550142220433,respond,q5618,diagnosis,c,mobile
1550142225175,submit,b4150,diagnosis,,mobile
1550142225236,enter,b2683,diagnosis,,mobile
1550142253556,respond,q4151,diagnosis,a,mobile
1550142259999,submit,b2683,diagnosis,,mobile
1550142260056,enter,b3347,diagnosis,,mobile
1550142272859,respond,q4815,diagnosis,b,mobile
1550142276893,submit,b3347,diagnosis,,mobile
1550142276949,enter,b3998,diagnosis,,mobile
1550142288541,respond,q5466,diagnosis,a,mobile
1550142291940,submit,b3998,diagnosis,,mobile
1550142292000,enter,b4911,diagnosis,,mobile
1550142302536,respond,q6379,diagnosis,b,mobile
1550142306595,submit,b4911,diagnosis,,mobile
1550142306655,enter,b4091,diagnosis,,mobile
1550142321172,respond,q5559,diagnosis,d,mobile
1550142325033,submit,b4091,diagnosis,,mobile
1550142325093,enter,b4588,diagnosis,,mobile
1550142349819,respond,q6056,diagnosis,d,mobile
1550142354197,submit,b4588,diagnosis,,mobile
1550142354253,enter,b4211,diagnosis,,mobile
1550142367063,respond,q5679,diagnosis,a,mobile
1550142370071,submit,b4211,diagnosis,,mobile
1550142370132,enter,b4251,diagnosis,,mobile
1550142385501,respond,q5719,diagnosis,d,mobile
1550142390055,submit,b4251,diagnosis,,mobile
1550142390112,enter,b3527,diagnosis,,mobile
1550142405492,respond,q4995,diagnosis,c,mobile
1550142412619,submit,b3527,diagnosis,,mobile
1550242728383,enter,b5572,sprint,,mobile
1550242753028,respond,q8101,sprint,c,mobile
1550242758971,submit,b5572,sprint,,mobile
1550242802019,enter,b135,sprint,,mobile
1550242824592,respond,q135,sprint,a,mobile
1550242827271,submit,b135,sprint,,mobile
1550242911091,enter,b5638,sprint,,mobile
1550242940478,submit,b5638,sprint,,mobile
1550243078378,enter,b8018,sprint,,mobile
1550243102922,submit,b8018,sprint,,mobile
1550243154682,enter,b5633,sprint,,mobile
1550243181508,respond,q8162,sprint,d,mobile
1550243184050,submit,b5633,sprint,,mobile
1550243304802,enter,b187,sprint,,mobile
1550243328872,submit,b187,sprint,,mobile
1550243340559,enter,b3,sprint,,mobile
1550243365015,respond,q3,sprint,d,mobile
1550243380636,submit,b3,sprint,,mobile
1550243416303,enter,b8097,sprint,,mobile
1550243429055,respond,q11044,sprint,b,mobile
1550243431382,submit,b8097,sprint,,mobile
1550243495149,enter,b184,sprint,,mobile
1550243518325,respond,q184,sprint,a,mobile
1550243522928,submit,b184,sprint,,mobile
1550243603190,enter,b10,sprint,,mobile
1550243633010,submit,b10,sprint,,mobile
1550243844348,enter,b4594,sprint,,mobile
1550243864660,respond,q6062,sprint,d,mobile
1550243869083,submit,b4594,sprint,,mobile
1550243911948,enter,b2693,sprint,,mobile
1550243928818,respond,q4161,sprint,b,mobile
1550243931256,respond,q4161,sprint,a,mobile
1550243935097,submit,b2693,sprint,,mobile
1550243976292,enter,b3601,sprint,,mobile
1550243986966,respond,q5069,sprint,a,mobile
1550243989917,submit,b3601,sprint,,mobile
1550243995387,enter,b6311,sprint,,mobile
1550244010322,respond,q8960,sprint,a,mobile
1550244012992,submit,b6311,sprint,,mobile
1550244066032,enter,b3906,sprint,,mobile
1550244074016,respond,q5374,sprint,b,mobile
1550244076469,submit,b3906,sprint,,mobile
1550244098296,enter,b5768,sprint,,mobile
1550244113233,respond,q8417,sprint,c,mobile
1550244118090,submit,b5768,sprint,,mobile
1550244159730,enter,b2517,sprint,,mobile
1550244168153,respond,q3985,sprint,b,mobile
1550244186579,submit,b2517,sprint,,mobile
1550244219815,enter,b7567,sprint,,mobile
1550244260586,respond,q10216,sprint,c,mobile
1550244263405,submit,b7567,sprint,,mobile
1550244352266,enter,b2568,sprint,,mobile
1550244373267,respond,q4036,sprint,d,mobile
1550244377057,submit,b2568,sprint,,mobile
1550244385017,enter,b2626,sprint,,mobile
1550244400334,respond,q4094,sprint,d,mobile
1550244402605,submit,b2626,sprint,,mobile
1550299327881,enter,b5209,sprint,,mobile
1550299453507,respond,q6932,sprint,a,mobile
1550299459375,submit,b5209,sprint,,mobile
1550299558206,enter,b7922,sprint,,mobile
1550299751218,respond,q10645,sprint,d,mobile
1550299755394,submit,b7922,sprint,,mobile
1550534195940,enter,b3071,sprint,,mobile
1550534203513,respond,q4539,sprint,b,mobile
1550534207339,submit,b3071,sprint,,mobile
1550534298677,enter,b7585,sprint,,mobile
1550534314945,respond,q10234,sprint,d,mobile
1550534322294,submit,b7585,sprint,,mobile
1550534336754,enter,b4709,sprint,,mobile
1550534351340,respond,q6177,sprint,c,mobile
1550534354124,submit,b4709,sprint,,mobile
1550534389306,enter,b6031,sprint,,mobile
1550534404241,respond,q8680,sprint,a,mobile
1550534410446,submit,b6031,sprint,,mobile
1550534428979,enter,b4866,sprint,,mobile
1550534441697,respond,q6334,sprint,b,mobile
1550534444619,submit,b4866,sprint,,mobile
1550548200374,enter,b5198,sprint,,mobile
1550548320609,respond,q6888,sprint,b,mobile
1550548324843,submit,b5198,sprint,,mobile
1550548437100,enter,b1345,sprint,,mobile
1550548454007,respond,q1345,sprint,c,mobile
1550548456658,submit,b1345,sprint,,mobile
1550548484995,enter,b847,sprint,,mobile
1550548493323,respond,q847,sprint,a,mobile
1550548496137,submit,b847,sprint,,mobile
1550677993483,enter,b1193,sprint,,mobile
1550678012851,respond,q1193,sprint,c,mobile
1550678016614,submit,b1193,sprint,,mobile
1550678053296,enter,b740,sprint,,mobile
1550678070909,respond,q740,sprint,b,mobile
1550678073129,submit,b740,sprint,,mobile
1550678100907,enter,b413,sprint,,mobile
1550678118612,respond,q413,sprint,c,mobile
1550678121031,submit,b413,sprint,,mobile
1550678191532,enter,b8315,sprint,,mobile
1550678200891,respond,q11262,sprint,a,mobile
1550678203474,submit,b8315,sprint,,mobile
1550678227380,enter,b763,sprint,,mobile
1550678244762,respond,q763,sprint,c,mobile
1550678247029,submit,b763,sprint,,mobile
1550678306541,enter,b1368,sprint,,mobile
1550678323096,respond,q1368,sprint,c,mobile
1550678325897,submit,b1368,sprint,,mobile
1550678394278,enter,b739,sprint,,mobile
1550678407576,respond,q739,sprint,a,mobile
1550678412382,submit,b739,sprint,,mobile
1550678436782,enter,b8314,sprint,,mobile
1550678455724,respond,q11261,sprint,b,mobile
1550678458744,submit,b8314,sprint,,mobile
1550678536615,enter,b1297,sprint,,mobile
1550678555776,respond,q1297,sprint,a,mobile
1550678558277,submit,b1297,sprint,,mobile
1550678637487,enter,b1261,sprint,,mobile
1550678654257,respond,q1261,sprint,c,mobile
1550678656608,submit,b1261,sprint,,mobile
