timestamp,action_type,item_id,source,user_answer,platform
1550412725352,enter,b2239,diagnosis,,mobile
1550412759786,respond,q3707,diagnosis,b,mobile
1550412764732,submit,b2239,diagnosis,,mobile
1550412764803,enter,b1081,diagnosis,,mobile
1550412782637,respond,q1081,diagnosis,a,mobile
1550412786436,submit,b1081,diagnosis,,mobile
1550412786495,enter,b297,diagnosis,,mobile
1550412803680,respond,q297,diagnosis,b,mobile
1550412807032,submit,b297,diagnosis,,mobile
1550412807108,enter,b5647,diagnosis,,mobile
1550412833232,respond,q8176,diagnosis,d,mobile
1550412837034,submit,b5647,diagnosis,,mobile
1550412837105,enter,b3531,diagnosis,,mobile
1550412865001,respond,q4999,diagnosis,c,mobile
1550412868367,submit,b3531,diagnosis,,mobile
1550412868452,enter,b4207,diagnosis,,mobile
1550412901001,respond,q5675,diagnosis,c,mobile
1550412904422,submit,b4207,diagnosis,,mobile
