timestamp,action_type,item_id,source,user_answer,platform
1550555162400,enter,b2373,diagnosis,,mobile
1550555175436,respond,q3841,diagnosis,a,mobile
1550555179087,submit,b2373,diagnosis,,mobile
1550555179219,enter,b557,diagnosis,,mobile
1550555221772,respond,q557,diagnosis,b,mobile
1550555225580,submit,b557,diagnosis,,mobile
1550555225652,enter,b3587,diagnosis,,mobile
1550555244021,respond,q5055,diagnosis,c,mobile
1550555247103,submit,b3587,diagnosis,,mobile
1550555247182,enter,b4569,diagnosis,,mobile
1550555269456,respond,q6037,diagnosis,c,mobile
1550555272789,submit,b4569,diagnosis,,mobile
1550555272864,enter,b3139,diagnosis,,mobile
1550555322583,respond,q4607,diagnosis,c,mobile
1550555327062,submit,b3139,diagnosis,,mobile
1550555327124,enter,b3789,diagnosis,,mobile
1550555348951,respond,q5257,diagnosis,d,mobile
1550555352255,submit,b3789,diagnosis,,mobile
1550555352307,enter,b2823,diagnosis,,mobile
1550555407021,respond,q4291,diagnosis,b,mobile
1550555411530,submit,b2823,diagnosis,,mobile
1550728406012,enter,b115,sprint,,mobile
1550728431062,respond,q115,sprint,a,mobile
1550728433675,submit,b115,sprint,,mobile
1550728445270,enter,b52,sprint,,mobile
1550728467593,respond,q52,sprint,b,mobile
1550728470184,submit,b52,sprint,,mobile
1550728478273,enter,b3,sprint,,mobile
1550728501936,respond,q3,sprint,b,mobile
1550728505432,submit,b3,sprint,,mobile
1550732479808,enter,b8238,sprint,,mobile
1550732501969,respond,q11185,sprint,a,mobile
1550732509411,submit,b8238,sprint,,mobile
1550732517984,enter,b108,sprint,,mobile
1550732539884,respond,q108,sprint,c,mobile
1550732542650,submit,b108,sprint,,mobile
1550732549819,enter,b5572,sprint,,mobile
1550732572224,respond,q8101,sprint,b,mobile
1550732574531,submit,b5572,sprint,,mobile
1550732585374,enter,b193,sprint,,mobile
1550732609597,respond,q193,sprint,a,mobile
1550732611945,submit,b193,sprint,,mobile
1550732617434,enter,b8186,sprint,,mobile
1550732637383,submit,b8186,sprint,,mobile
1555392170034,enter,b459,sprint,,mobile
1555392188373,respond,q459,sprint,a,mobile
1555392194290,submit,b459,sprint,,mobile
1555392204974,enter,b1260,sprint,,mobile
1555392226038,submit,b1260,sprint,,mobile
1555392231877,enter,b1381,sprint,,mobile
1555392247477,respond,q1381,sprint,b,mobile
1555392252780,submit,b1381,sprint,,mobile
1555392258377,enter,b8314,sprint,,mobile
1555392278024,respond,q11261,sprint,c,mobile
1555392281837,submit,b8314,sprint,,mobile
1555392289489,enter,b529,sprint,,mobile
1555392309566,respond,q529,sprint,b,mobile
1555392315035,submit,b529,sprint,,mobile
1555392321533,enter,b532,sprint,,mobile
1555392335477,respond,q532,sprint,b,mobile
1555392341751,submit,b532,sprint,,mobile
1555392347789,enter,b1254,sprint,,mobile
1555392360714,respond,q1254,sprint,b,mobile
1555392365495,submit,b1254,sprint,,mobile
1555392384488,enter,b8231,sprint,,mobile
1555392415959,respond,q11178,sprint,d,mobile
1555392416721,respond,q11178,sprint,c,mobile
1555392417585,respond,q11178,sprint,d,mobile
1555392418398,respond,q11178,sprint,c,mobile
1555392421408,submit,b8231,sprint,,mobile
1555392432450,enter,b5643,sprint,,mobile
1555392455108,respond,q8172,sprint,a,mobile
1555392458198,submit,b5643,sprint,,mobile
1555392462348,enter,b5648,sprint,,mobile
1555392472675,respond,q8177,sprint,a,mobile
1555392486141,respond,q8177,sprint,a,mobile
1555392489213,submit,b5648,sprint,,mobile
1555392502277,enter,b56,sprint,,mobile
1555392523451,respond,q56,sprint,c,mobile
1555392526682,submit,b56,sprint,,mobile
1555392532471,enter,b8148,sprint,,mobile
1555392546329,respond,q11095,sprint,b,mobile
1555392549415,submit,b8148,sprint,,mobile
1555392553869,enter,b5611,sprint,,mobile
1555392576102,respond,q8140,sprint,b,mobile
1555392579511,submit,b5611,sprint,,mobile
1555392586064,enter,b10,sprint,,mobile
1555392608373,respond,q10,sprint,d,mobile
1555392611271,submit,b10,sprint,,mobile
1555392639003,enter,b57,sprint,,mobile
1555392653103,respond,q57,sprint,a,mobile
1555392662049,submit,b57,sprint,,mobile
1555392669100,enter,b8084,sprint,,mobile
1555392693075,respond,q11031,sprint,d,mobile
1555392697274,submit,b8084,sprint,,mobile
1555392703629,enter,b66,sprint,,mobile
1555392730003,respond,q66,sprint,d,mobile
1555392732300,submit,b66,sprint,,mobile
1555392754482,enter,b1783,sprint,,mobile
1555392825888,respond,q2547,sprint,c,mobile
1555392830537,submit,b1783,sprint,,mobile
1555392846535,enter,b1581,sprint,,mobile
1555392893025,respond,q1941,sprint,c,mobile
1555392896568,submit,b1581,sprint,,mobile
1555392914856,enter,b3132,sprint,,mobile
1555392923437,respond,q4600,sprint,b,mobile
1555392926864,submit,b3132,sprint,,mobile
1555392932740,enter,b3943,sprint,,mobile
1555392939529,respond,q5411,sprint,a,mobile
1555392945589,submit,b3943,sprint,,mobile
1555393007754,enter,b3880,sprint,,mobile
1555393029968,respond,q5348,sprint,b,mobile
1555393039488,submit,b3880,sprint,,mobile
1555393080836,enter,b7634,sprint,,mobile
1555393107331,respond,q10283,sprint,a,mobile
1555393107902,respond,q10283,sprint,b,mobile
1555393119224,respond,q10283,sprint,a,mobile
1555393120226,respond,q10283,sprint,c,mobile
1555393123257,submit,b7634,sprint,,mobile
