timestamp,action_type,item_id,source,user_answer,platform
1550570484796,enter,b3627,diagnosis,,mobile
1550570505116,respond,q5095,diagnosis,b,mobile
1550570509559,submit,b3627,diagnosis,,mobile
1550570509619,enter,b4269,diagnosis,,mobile
1550570521398,respond,q5737,diagnosis,d,mobile
1550570526235,submit,b4269,diagnosis,,mobile
1550570526294,enter,b4480,diagnosis,,mobile
1550570535426,respond,q5948,diagnosis,d,mobile
1550570538998,submit,b4480,diagnosis,,mobile
1550570539070,enter,b3149,diagnosis,,mobile
1550570549432,respond,q4617,diagnosis,d,mobile
1550570552821,submit,b3149,diagnosis,,mobile
1550570552878,enter,b5001,diagnosis,,mobile
1550570556343,respond,q6469,diagnosis,a,mobile
1550570559545,submit,b5001,diagnosis,,mobile
1550570559618,enter,b206,diagnosis,,mobile
1550570584474,respond,q206,diagnosis,a,mobile
1550570588439,submit,b206,diagnosis,,mobile
1550570588497,enter,b2663,diagnosis,,mobile
1550570604463,respond,q4131,diagnosis,c,mobile
1550570610322,submit,b2663,diagnosis,,mobile
