timestamp,action_type,item_id,source,user_answer,platform
1550668023852,enter,b2858,diagnosis,,web
1550668041502,respond,q4326,diagnosis,c,web
1550668043140,submit,b2858,diagnosis,,web
1550668045662,enter,b1016,diagnosis,,web
1550668067480,respond,q1016,diagnosis,c,web
1550668069182,submit,b1016,diagnosis,,web
1550668071285,enter,b297,diagnosis,,web
1550668087076,respond,q297,diagnosis,b,web
1550668088176,submit,b297,diagnosis,,web
1550668089838,enter,b226,diagnosis,,web
1550668108627,respond,q226,diagnosis,c,web
1550668109580,submit,b226,diagnosis,,web
1550668111115,enter,b3653,diagnosis,,web
1550668126288,respond,q5121,diagnosis,d,web
1550668133166,submit,b3653,diagnosis,,web
1550668134572,enter,b218,diagnosis,,web
1550668153727,respond,q218,diagnosis,c,web
1550668154620,submit,b218,diagnosis,,web
1550668156288,enter,b384,diagnosis,,web
1550668171922,respond,q384,diagnosis,c,web
1550668173855,submit,b384,diagnosis,,web
1550668290964,enter,b133,sprint,,web
1550668305207,respond,q133,sprint,b,web
1550668312717,respond,q133,sprint,b,web
1550668314019,submit,b133,sprint,,web
1550668318762,enter,b2,sprint,,web
1550668326940,respond,q2,sprint,a,web
1550668339173,respond,q2,sprint,a,web
1550668340123,submit,b2,sprint,,web
1550668343897,enter,b171,sprint,,web
1550668359042,respond,q171,sprint,d,web
1550668363329,submit,b171,sprint,,web
1550668368156,enter,b8074,sprint,,web
1550668376658,respond,q11021,sprint,a,web
1550668389082,respond,q11021,sprint,a,web
1550668389866,submit,b8074,sprint,,web
1550668393210,enter,b32,sprint,,web
1550668401539,respond,q32,sprint,a,web
1550668412370,respond,q32,sprint,a,web
1550668413367,submit,b32,sprint,,web
1550668418107,enter,b52,sprint,,web
1550668429736,respond,q52,sprint,b,web
1550668437322,respond,q52,sprint,b,web
1550668438320,submit,b52,sprint,,web
1550668442825,enter,b72,sprint,,web
1550668451971,respond,q72,sprint,a,web
1550668462379,respond,q72,sprint,a,web
1550668464133,submit,b72,sprint,,web
1550668490195,enter,b1379,sprint,,web
1550668505374,respond,q1379,sprint,c,web
1550668506297,submit,b1379,sprint,,web
1550668516047,enter,b668,sprint,,web
1550668527440,respond,q668,sprint,b,web
1550668532052,respond,q668,sprint,c,web
1550668533046,submit,b668,sprint,,web
1550668537593,enter,b1349,sprint,,web
1550668551920,respond,q1349,sprint,c,web
1550668552937,submit,b1349,sprint,,web
1550668568902,enter,b8302,sprint,,web
1550668586594,respond,q11249,sprint,b,web
1550668589739,respond,q11249,sprint,b,web
1550668591502,submit,b8302,sprint,,web
1550668595869,enter,b1073,sprint,,web
1550668608376,respond,q1073,sprint,b,web
1550668610468,respond,q1073,sprint,c,web
1550668611388,submit,b1073,sprint,,web
1550668617875,enter,b952,sprint,,web
1550668625019,respond,q952,sprint,a,web
1550668632091,respond,q952,sprint,a,web
1550668633092,submit,b952,sprint,,web
1550668647132,enter,b1190,sprint,,web
1550668657278,respond,q1190,sprint,a,web
1550668663081,respond,q1190,sprint,a,web
1550668664001,submit,b1190,sprint,,web
1550668667422,enter,b8312,sprint,,web
1550668681222,respond,q11259,sprint,b,web
1550668684183,respond,q11259,sprint,b,web
1550668685063,submit,b8312,sprint,,web
1550668689071,enter,b688,sprint,,web
1550668695583,respond,q688,sprint,a,web
1550668699491,respond,q688,sprint,c,web
1550668705176,respond,q688,sprint,a,web
1550668706382,submit,b688,sprint,,web
1550668773942,enter,b1066,sprint,,web
1550668787921,respond,q1066,sprint,c,web
1550668790311,submit,b1066,sprint,,web
1550668799604,enter,b1338,sprint,,web
1550668810908,respond,q1338,sprint,c,web
1550668816199,submit,b1338,sprint,,web
1550668825306,enter,b8316,sprint,,web
1550668839356,respond,q11263,sprint,b,web
1550668842033,respond,q11263,sprint,b,web
1550668842813,submit,b8316,sprint,,web
1550668847514,enter,b719,sprint,,web
1550668859994,respond,q719,sprint,b,web
1550668861225,submit,b719,sprint,,web
1550668865339,enter,b812,sprint,,web
1550668874214,respond,q812,sprint,a,web
1550668882137,respond,q812,sprint,a,web
1550668883029,submit,b812,sprint,,web
1550668889160,enter,b1391,sprint,,web
1550668900826,respond,q1391,sprint,b,web
1550668904837,respond,q1391,sprint,b,web
1550668905647,submit,b1391,sprint,,web
1550668916103,enter,b8314,sprint,,web
1550668930521,respond,q11261,sprint,b,web
1550668935876,submit,b8314,sprint,,web
1550668950685,enter,b786,sprint,,web
1550668963165,respond,q786,sprint,b,web
1550668965712,respond,q786,sprint,b,web
1550668966629,submit,b786,sprint,,web
1550668971809,enter,b403,sprint,,web
1550668990279,respond,q403,sprint,a,web
1550668991154,submit,b403,sprint,,web
1550669005591,enter,b1254,sprint,,web
1550669022856,respond,q1254,sprint,b,web
1550669023631,submit,b1254,sprint,,web
1550669029925,enter,b295,sprint,,web
1550669041824,respond,q295,sprint,c,web
1550669044701,submit,b295,sprint,,web
1550669085670,enter,b747,sprint,,web
1550669102243,respond,q747,sprint,c,web
1550669102993,submit,b747,sprint,,web
1550669106811,enter,b430,sprint,,web
1550669120501,respond,q430,sprint,b,web
1550669124491,submit,b430,sprint,,web
1550669133772,enter,b219,sprint,,web
1550669147624,respond,q219,sprint,c,web
1550669151555,submit,b219,sprint,,web
1550669158553,enter,b8315,sprint,,web
1550669167074,respond,q11262,sprint,a,web
1550669174614,respond,q11262,sprint,a,web
1550669175774,submit,b8315,sprint,,web
1550669184487,enter,b885,sprint,,web
1550669191875,respond,q885,sprint,a,web
1550669199000,respond,q885,sprint,a,web
1550669199851,submit,b885,sprint,,web
1550669371435,enter,b876,sprint,,web
1550669385820,respond,q876,sprint,b,web
1550669389382,respond,q876,sprint,b,web
1550669390183,submit,b876,sprint,,web
1550669433646,enter,b1818,sprint,,web
1550669485885,respond,q2652,sprint,b,web
1550669496177,respond,q2653,sprint,c,web
1550669510687,respond,q2654,sprint,a,web
1550669511598,submit,b1818,sprint,,web
1550669531422,enter,b2016,sprint,,web
1550669570140,respond,q3246,sprint,c,web
1550669601178,respond,q3248,sprint,a,web
1550669620264,respond,q3247,sprint,a,web
1550669622543,respond,q3248,sprint,b,web
1550669623389,respond,q3248,sprint,a,web
1550669624500,respond,q3248,sprint,b,web
1550669625429,submit,b2016,sprint,,web
1550669631516,enter,b2089,sprint,,web
1550669673935,respond,q3465,sprint,a,web
1550669688137,respond,q3466,sprint,c,web
1550669699119,respond,q3467,sprint,c,web
1550669700039,submit,b2089,sprint,,web
1550669709480,enter,b8331,sprint,,web
1550669747235,respond,q11299,sprint,d,web
1550669765182,respond,q11300,sprint,b,web
1550669772698,respond,q11301,sprint,b,web
1550669773525,submit,b8331,sprint,,web
1550669785509,enter,b1824,sprint,,web
1550669824387,respond,q2670,sprint,b,web
1550669843257,respond,q2671,sprint,b,web
1550669855572,respond,q2672,sprint,a,web
1550669856686,submit,b1824,sprint,,web
1550669863351,enter,b2052,sprint,,web
1550669907557,respond,q3354,sprint,b,web
1550669916813,respond,q3355,sprint,a,web
1550669937635,respond,q3356,sprint,c,web
1550669938674,submit,b2052,sprint,,web
1550669953711,enter,b1806,sprint,,web
1550669997585,respond,q2616,sprint,b,web
1550670011796,respond,q2617,sprint,b,web
1550670017514,respond,q2618,sprint,a,web
1550670018351,submit,b1806,sprint,,web
1550670043799,enter,b8321,sprint,,web
1550670087105,respond,q11269,sprint,c,web
1550670102944,respond,q11270,sprint,d,web
1550670114648,respond,q11271,sprint,b,web
1550670115500,submit,b8321,sprint,,web
1550670124677,enter,b1875,sprint,,web
1550670180108,respond,q2823,sprint,c,web
1550670187785,respond,q2824,sprint,c,web
1550670198215,respond,q2825,sprint,b,web
1550670199116,submit,b1875,sprint,,web
1550670208098,enter,b2072,sprint,,web
1550670248388,respond,q3414,sprint,b,web
1550670266419,respond,q3415,sprint,a,web
1550670279297,respond,q3416,sprint,a,web
1550670280142,submit,b2072,sprint,,web
1550670317752,enter,b1670,sprint,,web
1550670361590,respond,q2208,sprint,a,web
1550670381062,respond,q2209,sprint,b,web
1550670390638,respond,q2210,sprint,c,web
1550670394431,submit,b1670,sprint,,web
1550670402019,enter,b1581,sprint,,web
1550670443585,respond,q1941,sprint,c,web
1550670451134,respond,q1942,sprint,a,web
1550670466969,respond,q1943,sprint,d,web
1550670467530,submit,b1581,sprint,,web
1550670475047,enter,b1725,sprint,,web
1550670519218,respond,q2373,sprint,c,web
1550670546433,respond,q2375,sprint,a,web
1550670549308,respond,q2374,sprint,c,web
1550670551258,submit,b1725,sprint,,web
1550670561195,enter,b1514,sprint,,web
1550670606439,respond,q1740,sprint,a,web
1550670628106,respond,q1741,sprint,d,web
1550670637678,respond,q1742,sprint,a,web
1550670638370,submit,b1514,sprint,,web
1550670652750,enter,b1623,sprint,,web
1550670704519,respond,q2067,sprint,a,web
1550670707674,respond,q2067,sprint,d,web
1550670721777,respond,q2069,sprint,d,web
1550670728644,respond,q2068,sprint,b,web
1550670729413,submit,b1623,sprint,,web
1550670738194,enter,b1444,sprint,,web
1550670799996,respond,q1531,sprint,a,web
1550670808040,respond,q1532,sprint,d,web
1550670815414,respond,q1530,sprint,a,web
1550670816974,submit,b1444,sprint,,web
1550670824227,enter,b1734,sprint,,web
1550670879550,respond,q2400,sprint,d,web
1550670883405,respond,q2401,sprint,d,web
1550670888617,respond,q2402,sprint,b,web
1550670894473,submit,b1734,sprint,,web
1550670902874,enter,b1627,sprint,,web
1550670948060,respond,q2079,sprint,b,web
1550670958770,respond,q2080,sprint,c,web
1550670966307,respond,q2081,sprint,a,web
1550670967099,submit,b1627,sprint,,web
1550670972362,enter,b1735,sprint,,web
1550671016897,respond,q2403,sprint,a,web
1550671023604,respond,q2404,sprint,a,web
1550671034497,respond,q2405,sprint,a,web
1550671035190,submit,b1735,sprint,,web
1550671051058,enter,b1436,sprint,,web
1550671092770,respond,q1506,sprint,a,web
1550671106513,respond,q1507,sprint,a,web
1550671120596,respond,q1508,sprint,a,web
1550671122538,submit,b1436,sprint,,web
1550671169084,enter,b1212,sprint,,web
1550671180059,respond,q1212,sprint,b,web
1550671180695,submit,b1212,sprint,,web
1550671184509,enter,b981,sprint,,web
1550671197778,respond,q981,sprint,c,web
1550671200886,submit,b981,sprint,,web
1550671204433,enter,b637,sprint,,web
1550671216543,respond,q637,sprint,b,web
1550671217544,submit,b637,sprint,,web
1550671227854,enter,b400,sprint,,web
1550671243946,respond,q400,sprint,b,web
1550671244949,submit,b400,sprint,,web
1550671251048,enter,b1058,sprint,,web
1550671263377,respond,q1058,sprint,b,web
1550671264604,submit,b1058,sprint,,web
1550671268794,enter,b1130,sprint,,web
1550671281311,respond,q1130,sprint,c,web
1550671285224,submit,b1130,sprint,,web
1550671293439,enter,b1340,sprint,,web
1550671303242,respond,q1340,sprint,a,web
1550671304093,submit,b1340,sprint,,web
1550671307576,enter,b959,sprint,,web
1550671316824,respond,q959,sprint,a,web
1550671326178,respond,q959,sprint,c,web
1550671326880,submit,b959,sprint,,web
1550671340090,enter,b1148,sprint,,web
1550671349955,respond,q1148,sprint,b,web
1550671350602,submit,b1148,sprint,,web
1550671356290,enter,b756,sprint,,web
1550671366554,respond,q756,sprint,a,web
1550671373126,respond,q756,sprint,a,web
1550671373782,submit,b756,sprint,,web
1550671398424,enter,b8052,sprint,,web
1550671415139,respond,q10999,sprint,c,web
1550671415764,submit,b8052,sprint,,web
1550671422278,enter,b45,sprint,,web
1550671439626,respond,q45,sprint,d,web
1550671442453,submit,b45,sprint,,web
1550671446892,enter,b5599,sprint,,web
1550671456988,respond,q8128,sprint,b,web
1550671457729,submit,b5599,sprint,,web
1550671461371,enter,b42,sprint,,web
1550671471996,respond,q42,sprint,b,web
1550671472807,submit,b42,sprint,,web
1550671476373,enter,b8237,sprint,,web
1550671488891,respond,q11184,sprint,b,web
1550671491180,respond,q11184,sprint,c,web
1550671492095,submit,b8237,sprint,,web
1550671496410,enter,b5549,sprint,,web
1550671513531,respond,q8078,sprint,a,web
1550671517201,respond,q8078,sprint,a,web
1550671518008,submit,b5549,sprint,,web
1550671521524,enter,b5568,sprint,,web
1550671530122,respond,q8097,sprint,a,web
1550671543338,respond,q8097,sprint,a,web
1550671544022,submit,b5568,sprint,,web
1550671547176,enter,b184,sprint,,web
1550671555436,respond,q184,sprint,a,web
1550671566206,respond,q184,sprint,a,web
1550671566890,submit,b184,sprint,,web
1550671571830,enter,b8198,sprint,,web
1550671589961,respond,q11145,sprint,d,web
1550671592215,submit,b8198,sprint,,web
1550671595824,enter,b53,sprint,,web
1550671611701,respond,q53,sprint,c,web
1550671615828,respond,q53,sprint,c,web
1550671616676,submit,b53,sprint,,web
1550671621651,enter,b8,sprint,,web
1550671629939,respond,q8,sprint,a,web
1550671630798,submit,b8,sprint,,web
1550671638941,enter,b162,sprint,,web
1550671651981,respond,q162,sprint,b,web
1550671653060,submit,b162,sprint,,web
1550671657076,enter,b8080,sprint,,web
1550671672953,respond,q11027,sprint,d,web
1550671677293,submit,b8080,sprint,,web
1550671686797,enter,b122,sprint,,web
1550671709466,respond,q122,sprint,d,web
1550671712169,submit,b122,sprint,,web
1550671746828,enter,b3838,sprint,,web
1550671755822,respond,q5306,sprint,a,web
1550671758070,respond,q5306,sprint,d,web
1550671760111,respond,q5306,sprint,a,web
1550671763204,respond,q5306,sprint,c,web
1550671764222,submit,b3838,sprint,,web
1550671773192,enter,b3930,sprint,,web
1550671797110,respond,q5398,sprint,c,web
1550671797939,submit,b3930,sprint,,web
1550671821977,enter,b4949,sprint,,web
1550671833642,respond,q6417,sprint,d,web
1550671836309,submit,b4949,sprint,,web
1550671841249,enter,b7074,sprint,,web
1550671865753,respond,q9723,sprint,a,web
1550671867631,submit,b7074,sprint,,web
1550671879921,enter,b4647,sprint,,web
1550671903314,respond,q6115,sprint,c,web
1550671904127,submit,b4647,sprint,,web
1550671908755,enter,b2890,sprint,,web
1550671915028,respond,q4358,sprint,a,web
1550671916250,submit,b2890,sprint,,web
1550671922908,enter,b2320,sprint,,web
1550671933786,respond,q3788,sprint,b,web
1550671934744,submit,b2320,sprint,,web
1550671958859,enter,b6844,sprint,,web
1550671982091,respond,q9493,sprint,c,web
1550671982968,submit,b6844,sprint,,web
1550671994872,enter,b5046,sprint,,web
1550672005056,respond,q6514,sprint,a,web
1550672005878,submit,b5046,sprint,,web
1550672011371,enter,b5811,sprint,,web
1550672025576,respond,q8460,sprint,a,web
1550672026211,submit,b5811,sprint,,web
1550672040376,enter,b3360,sprint,,web
1550672046334,respond,q4828,sprint,c,web
1550672048606,submit,b3360,sprint,,web
1550672069874,enter,b5880,sprint,,web
1550672077389,respond,q8529,sprint,d,web
1550672081408,respond,q8529,sprint,c,web
1550672085266,respond,q8529,sprint,d,web
1550672091643,submit,b5880,sprint,,web
1550672097300,enter,b3325,sprint,,web
1550672124057,respond,q4793,sprint,c,web
1550672125481,submit,b3325,sprint,,web
1550672150596,enter,b4556,sprint,,web
1550672165129,respond,q6024,sprint,c,web
1550672166137,submit,b4556,sprint,,web
1550672173740,enter,b3129,sprint,,web
1550672187000,respond,q4597,sprint,a,web
1550672190059,submit,b3129,sprint,,web
1550672234801,enter,b307,sprint,,web
1550672248533,respond,q307,sprint,c,web
1550672251666,submit,b307,sprint,,web
1550672312767,enter,b350,sprint,,web
1550672322758,respond,q350,sprint,a,web
1550672323518,submit,b350,sprint,,web
1550672327444,enter,b1369,sprint,,web
1550672342054,respond,q1369,sprint,b,web
1550672345801,submit,b1369,sprint,,web
1550672362794,enter,b1294,sprint,,web
1550672380124,respond,q1294,sprint,c,web
1550672380840,submit,b1294,sprint,,web
1550672386717,enter,b388,sprint,,web
1550672404187,respond,q388,sprint,b,web
1550672404960,submit,b388,sprint,,web
1550672411828,enter,b304,sprint,,web
1550672428350,respond,q304,sprint,a,web
1550672429811,submit,b304,sprint,,web
1550673812573,enter,b5225,sprint,,web
1550673832786,respond,q6993,sprint,d,web
1550673872014,respond,q6994,sprint,d,web
1550673875306,respond,q6995,sprint,b,web
1550673894230,respond,q6996,sprint,a,web
1550673895205,submit,b5225,sprint,,web
1550673926705,enter,b5687,sprint,,web
1550673948529,respond,q8232,sprint,b,web
1550673967619,respond,q8233,sprint,a,web
1550673981946,respond,q8234,sprint,d,web
1550674025921,respond,q8235,sprint,b,web
1550674037978,respond,q8236,sprint,b,web
1550674038561,submit,b5687,sprint,,web
1555848224994,enter,b867,adaptive_offer,,web
1555848266354,respond,q867,adaptive_offer,a,web
1555848267563,submit,b867,adaptive_offer,,web
1555848296409,enter,b637,adaptive_offer,,web
1555848306887,respond,q637,adaptive_offer,a,web
1555848312777,respond,q637,adaptive_offer,a,web
1555848313754,submit,b637,adaptive_offer,,web
1555848606540,enter,b1574,sprint,,web
1555848647941,respond,q1920,sprint,a,web
1555848671035,respond,q1921,sprint,b,web
1555848685875,respond,q1922,sprint,c,web
1555848686725,submit,b1574,sprint,,web
1556019642633,enter,b1575,sprint,,web
1556019671545,respond,q1924,sprint,d,web
1556019683863,respond,q1923,sprint,b,web
1556019715943,respond,q1925,sprint,a,web
1556019717369,submit,b1575,sprint,,web
1556019846133,enter,b1701,sprint,,web
1556019863958,respond,q2302,sprint,a,web
1556019886167,respond,q2301,sprint,c,web
1556019904982,respond,q2302,sprint,d,web
1556019915454,respond,q2303,sprint,c,web
1556019919206,submit,b1701,sprint,,web
1556020067133,enter,b1503,sprint,,web
1556020109041,respond,q1707,sprint,c,web
1556020142049,respond,q1709,sprint,b,web
1556020145658,respond,q1708,sprint,a,web
1556020148894,submit,b1503,sprint,,web
1556020206653,enter,b1649,sprint,,web
1556020246960,respond,q2145,sprint,c,web
1556020262571,respond,q2146,sprint,b,web
1556020278810,respond,q2147,sprint,c,web
1556020280136,submit,b1649,sprint,,web
1556020378677,enter,b1625,sprint,,web
1556020407151,respond,q2075,sprint,c,web
1556020413754,respond,q2074,sprint,c,web
1556020414599,respond,q2073,sprint,d,web
1556020451408,respond,q2075,sprint,a,web
1556020455198,respond,q2074,sprint,b,web
1556020457756,submit,b1625,sprint,,web
1556020635112,enter,b1693,sprint,,web
1556020680764,respond,q2277,sprint,c,web
1556020684169,respond,q2277,sprint,b,web
1556020686240,respond,q2278,sprint,c,web
1556020706356,respond,q2279,sprint,c,web
1556020714007,submit,b1693,sprint,,web
1556020932327,enter,b1445,sprint,,web
1556020951667,submit,b1445,sprint,,web
1556021477189,enter,b5196,adaptive_offer,,web
1556021509564,respond,q6877,adaptive_offer,d,web
1556021526696,respond,q6878,adaptive_offer,a,web
1556021570552,respond,q6879,adaptive_offer,a,web
1556021615170,respond,q6880,adaptive_offer,d,web
1556021617983,respond,q6880,adaptive_offer,d,web
1556021619027,submit,b5196,adaptive_offer,,web
1556021931792,enter,b5089,adaptive_offer,,web
1556021955249,respond,q6569,adaptive_offer,c,web
1556021955983,respond,q6569,adaptive_offer,c,web
1556022006079,respond,q6570,adaptive_offer,c,web
1556022008749,respond,q6570,adaptive_offer,c,web
1556022033429,respond,q6571,adaptive_offer,b,web
1556022085710,respond,q6572,adaptive_offer,c,web
1556022091154,submit,b5089,adaptive_offer,,web
1556022139474,enter,b8472,sprint,,web
1556022155969,respond,q11555,sprint,b,web
1556022180935,respond,q11556,sprint,a,web
1556022240924,respond,q11558,sprint,c,web
1556022296427,respond,q11557,sprint,c,web
1556022297509,submit,b8472,sprint,,web
1556022327828,enter,b5218,sprint,,web
1556022361015,respond,q6965,sprint,b,web
1556022364731,respond,q6965,sprint,b,web
1556022425022,respond,q6966,sprint,d,web
1556022446568,respond,q6967,sprint,b,web
1556022481324,respond,q6968,sprint,c,web
1556022482397,submit,b5218,sprint,,web
1556023875654,enter,b5196,adaptive_offer,,web
1556023900408,respond,q6877,adaptive_offer,d,web
1556023908516,respond,q6878,adaptive_offer,a,web
1556023913918,respond,q6879,adaptive_offer,b,web
1556023947893,respond,q6880,adaptive_offer,a,web
1556023948589,submit,b5196,adaptive_offer,,web
1556023960005,enter,b5179,sprint,,web
1556023980807,respond,q6809,sprint,c,web
1556023986967,respond,q6809,sprint,b,web
1556024050890,respond,q6810,sprint,a,web
1556024088851,respond,q6810,sprint,c,web
1556024095521,respond,q6810,sprint,d,web
1556024101884,respond,q6810,sprint,b,web
1556024105664,respond,q6810,sprint,d,web
1556024132290,respond,q6811,sprint,d,web
1556024133459,respond,q6811,sprint,a,web
1556024146322,respond,q6810,sprint,a,web
1556024172193,respond,q6812,sprint,b,web
1556024173734,submit,b5179,sprint,,web
1556024195236,enter,b7923,sprint,,web
1556024239247,respond,q10646,sprint,d,web
1556024258928,respond,q10647,sprint,b,web
1556024300260,respond,q10647,sprint,c,web
1556024310482,respond,q10648,sprint,b,web
1556024342614,respond,q10649,sprint,a,web
1556024359537,respond,q10649,sprint,a,web
1556024360835,submit,b7923,sprint,,web
1556024397193,enter,b7999,sprint,,web
1556024429445,respond,q10940,sprint,d,web
1556024432959,respond,q10940,sprint,d,web
1556024465084,respond,q10941,sprint,b,web
1556024471673,respond,q10941,sprint,b,web
1556024487262,respond,q10942,sprint,b,web
1556024530027,respond,q10943,sprint,d,web
1556024532261,submit,b7999,sprint,,web
1556024607874,enter,b5212,sprint,,web
1556024664622,respond,q6941,sprint,a,web
1556024698138,respond,q6942,sprint,d,web
1556024713059,respond,q6942,sprint,a,web
1556024743531,respond,q6943,sprint,c,web
1556024758769,respond,q6944,sprint,b,web
1556024759584,submit,b5212,sprint,,web
1556024890144,enter,b4862,sprint,,web
1556024914452,respond,q6330,sprint,b,web
1556024918034,submit,b4862,sprint,,web
1556104267716,enter,b5170,sprint,,web
1556104275545,respond,q6773,sprint,a,web
1556104277544,respond,q6773,sprint,c,web
1556104415167,respond,q6774,sprint,b,web
1556104471126,respond,q6776,sprint,b,web
1556104472225,respond,q6776,sprint,d,web
1556104495543,respond,q6775,sprint,a,web
1556104500701,respond,q6774,sprint,d,web
1556104501591,submit,b5170,sprint,,web
1556195611944,enter,b5212,adaptive_offer,,web
1556195676222,respond,q6941,adaptive_offer,a,web
1556195688912,respond,q6943,adaptive_offer,a,web
1556195698824,respond,q6944,adaptive_offer,b,web
1556195710408,respond,q6942,adaptive_offer,d,web
1556195710964,submit,b5212,adaptive_offer,,web
1556195756201,enter,b392,sprint,,web
1556195776606,respond,q392,sprint,c,web
1556195777491,submit,b392,sprint,,web
1556195822523,enter,b215,sprint,,web
1556195831710,respond,q215,sprint,a,web
1556195839224,respond,q215,sprint,a,web
1556195840159,submit,b215,sprint,,web
1556195851988,enter,b439,sprint,,web
1556195871229,respond,q439,sprint,c,web
1556195872009,submit,b439,sprint,,web
1556195883726,enter,b200,sprint,,web
1556195897383,respond,q200,sprint,c,web
1556195899647,submit,b200,sprint,,web
1556195929313,enter,b621,sprint,,web
1556195940493,respond,q621,sprint,a,web
1556195947826,respond,q621,sprint,a,web
1556195948633,submit,b621,sprint,,web
1556195955785,enter,b236,sprint,,web
1556195965024,respond,q236,sprint,a,web
1556195972337,respond,q236,sprint,a,web
1556195973067,submit,b236,sprint,,web
1556196005550,enter,b290,sprint,,web
1556196016831,respond,q290,sprint,b,web
1556196019758,respond,q290,sprint,b,web
1556196020420,submit,b290,sprint,,web
1556196024244,enter,b435,sprint,,web
1556196041144,respond,q435,sprint,b,web
1556196041917,submit,b435,sprint,,web
1556196051574,enter,b1345,sprint,,web
1556196064354,respond,q1345,sprint,c,web
1556196073553,respond,q1345,sprint,a,web
1556196074732,submit,b1345,sprint,,web
1556196105149,enter,b722,sprint,,web
1556196113392,respond,q722,sprint,a,web
1556196120095,respond,q722,sprint,a,web
1556196120832,submit,b722,sprint,,web
1556196131112,enter,b780,sprint,,web
1556196142706,respond,q780,sprint,b,web
1556196146697,respond,q780,sprint,b,web
1556196148118,submit,b780,sprint,,web
1556196175015,enter,b1213,sprint,,web
1556196189005,respond,q1213,sprint,b,web
1556196194498,respond,q1213,sprint,b,web
1556196195275,submit,b1213,sprint,,web
1556196217339,enter,b1177,sprint,,web
1556196227512,respond,q1177,sprint,a,web
1556196233090,respond,q1177,sprint,a,web
1556196233931,submit,b1177,sprint,,web
1556196244565,enter,b442,sprint,,web
1556196264898,respond,q442,sprint,c,web
1556196265612,submit,b442,sprint,,web
1556196304348,enter,b1335,sprint,,web
1556196322721,respond,q1335,sprint,a,web
1556196323742,submit,b1335,sprint,,web
1556196361629,enter,b997,sprint,,web
1556196382905,respond,q997,sprint,c,web
1556196389167,respond,q997,sprint,b,web
1556196390789,submit,b997,sprint,,web
1556196398806,enter,b1373,sprint,,web
1556196416616,respond,q1373,sprint,b,web
1556196417530,submit,b1373,sprint,,web
1556196693863,enter,b925,adaptive_offer,,web
1556196709970,respond,q925,adaptive_offer,a,web
1556196710905,submit,b925,adaptive_offer,,web
1556196723298,enter,b1359,adaptive_offer,,web
1556196741327,respond,q1359,adaptive_offer,c,web
1556196742027,respond,q1359,adaptive_offer,a,web
1556196742926,submit,b1359,adaptive_offer,,web
1556196751711,enter,b884,sprint,,web
1556196768267,respond,q884,sprint,a,web
1556196768934,submit,b884,sprint,,web
1556196792413,enter,b243,sprint,,web
1556196809441,respond,q243,sprint,a,web
1556196810279,submit,b243,sprint,,web
1556196860484,enter,b822,sprint,,web
1556196878760,respond,q822,sprint,b,web
1556196879438,submit,b822,sprint,,web
1556196959340,enter,b1248,sprint,,web
1556196968914,respond,q1248,sprint,a,web
1556196974673,respond,q1248,sprint,a,web
1556196975373,submit,b1248,sprint,,web
1556196980646,enter,b413,sprint,,web
1556196995153,respond,q413,sprint,b,web
1556196997727,respond,q413,sprint,c,web
1556196999513,submit,b413,sprint,,web
1556197023843,enter,b1044,sprint,,web
1556197038507,respond,q1044,sprint,c,web
1556197039317,submit,b1044,sprint,,web
1556197072345,enter,b263,sprint,,web
1556197085485,respond,q263,sprint,b,web
1556197088001,respond,q263,sprint,b,web
1556197089129,submit,b263,sprint,,web
1556197112439,enter,b612,sprint,,web
1556197129793,respond,q612,sprint,a,web
1556197130517,submit,b612,sprint,,web
1556197159283,enter,b887,sprint,,web
1556197193179,respond,q887,sprint,c,web
1556197195146,submit,b887,sprint,,web
1556197203724,enter,b475,sprint,,web
1556197255402,respond,q475,sprint,c,web
1556197256333,submit,b475,sprint,,web
1556197284510,enter,b1159,sprint,,web
1556197321715,respond,q1159,sprint,c,web
1556197322510,submit,b1159,sprint,,web
1556197339643,enter,b260,sprint,,web
1556197372141,respond,q260,sprint,a,web
1556197373289,submit,b260,sprint,,web
1556197430501,enter,b527,sprint,,web
1556197477368,respond,q527,sprint,b,web
1556197478335,submit,b527,sprint,,web
1556197495040,enter,b452,sprint,,web
1556197508385,respond,q452,sprint,c,web
1556197511390,submit,b452,sprint,,web
1556199112111,enter,b1153,sprint,,web
1556199121883,respond,q1153,sprint,a,web
1556199128658,respond,q1153,sprint,a,web
1556199129503,submit,b1153,sprint,,web
1556199141725,enter,b530,sprint,,web
1556199149678,respond,q530,sprint,a,web
1556199156252,respond,q530,sprint,a,web
1556199157873,submit,b530,sprint,,web
1556199187920,enter,b626,sprint,,web
1556199199178,respond,q626,sprint,b,web
1556199202540,respond,q626,sprint,b,web
1556199203470,submit,b626,sprint,,web
1556199222345,enter,b462,sprint,,web
1556199235652,respond,q462,sprint,b,web
1556199238821,submit,b462,sprint,,web
1556199298920,enter,b5190,sprint,,web
1556199336475,respond,q6853,sprint,b,web
1556199361067,respond,q6854,sprint,d,web
1556199418368,respond,q6856,sprint,b,web
1556199437673,respond,q6855,sprint,d,web
1556199439397,submit,b5190,sprint,,web
1556199473793,enter,b7986,sprint,,web
1556199507555,respond,q10889,sprint,b,web
1556199546638,respond,q10890,sprint,d,web
1556199548559,respond,q10890,sprint,d,web
1556199594399,respond,q10891,sprint,c,web
1556199611636,respond,q10888,sprint,b,web
1556199612410,submit,b7986,sprint,,web
1556199678409,enter,b5211,sprint,,web
1556199709875,respond,q6937,sprint,c,web
1556199754630,respond,q6939,sprint,c,web
1556199782107,respond,q6940,sprint,c,web
1556199827083,respond,q6938,sprint,a,web
1556199829772,submit,b5211,sprint,,web
1556457768191,enter,b4968,sprint,,web
1556457790784,respond,q6436,sprint,a,web
1556457792226,submit,b4968,sprint,,web
