timestamp,action_type,item_id,source,user_answer,platform
1550851348504,enter,b6990,diagnosis,,mobile
1550851366237,respond,q9639,diagnosis,b,mobile
1550851377783,submit,b6990,diagnosis,,mobile
1550851378057,enter,b4721,diagnosis,,mobile
1550851389200,respond,q6189,diagnosis,d,mobile
1550851393327,submit,b4721,diagnosis,,mobile
1550851393845,enter,b1295,diagnosis,,mobile
1550851415328,respond,q1295,diagnosis,b,mobile
1550851419550,submit,b1295,diagnosis,,mobile
1550851419738,enter,b3144,diagnosis,,mobile
1550851436727,respond,q4612,diagnosis,d,mobile
1550851439884,submit,b3144,diagnosis,,mobile
1550851439959,enter,b6975,diagnosis,,mobile
1550851462939,respond,q9624,diagnosis,c,mobile
1550851467363,submit,b6975,diagnosis,,mobile
1550851467504,enter,b4862,diagnosis,,mobile
1550851499021,respond,q6330,diagnosis,b,mobile
1550851502374,submit,b4862,diagnosis,,mobile
1550851502730,enter,b2229,diagnosis,,mobile
1550851517610,respond,q3697,diagnosis,d,mobile
1550851521477,submit,b2229,diagnosis,,mobile
1550851521856,enter,b3779,diagnosis,,mobile
1550851557881,respond,q5247,diagnosis,b,mobile
1550851562269,submit,b3779,diagnosis,,mobile
1550851562371,enter,b25,diagnosis,,mobile
1550851593082,respond,q25,diagnosis,d,mobile
1550851596626,submit,b25,diagnosis,,mobile
1550851597026,enter,b3130,diagnosis,,mobile
1550851613487,respond,q4598,diagnosis,c,mobile
1550851618605,submit,b3130,diagnosis,,mobile
1550851618773,enter,b2482,diagnosis,,mobile
1550851645824,respond,q3950,diagnosis,d,mobile
1550851651240,respond,q3950,diagnosis,c,mobile
1550851652037,respond,q3950,diagnosis,d,mobile
1550851658972,submit,b2482,diagnosis,,mobile
1550851712505,enter,b2949,sprint,,mobile
1550851725041,respond,q4417,sprint,a,mobile
1550851730394,respond,q4417,sprint,b,mobile
1550851736647,submit,b2949,sprint,,mobile
1550851790041,enter,b2964,sprint,,mobile
1550851807782,respond,q4432,sprint,b,mobile
1550851810908,submit,b2964,sprint,,mobile
1550851865477,enter,b4268,sprint,,mobile
1550851877126,respond,q5736,sprint,a,mobile
1550851880047,submit,b4268,sprint,,mobile
1550851887707,enter,b6269,sprint,,mobile
1550851912169,respond,q8918,sprint,b,mobile
1550851920492,submit,b6269,sprint,,mobile
1550851954237,enter,b2851,sprint,,mobile
1550851976279,respond,q4319,sprint,b,mobile
1550851977308,respond,q4319,sprint,a,mobile
1550851981989,submit,b2851,sprint,,mobile
1550852016014,enter,b3010,sprint,,mobile
1550852025278,respond,q4478,sprint,a,mobile
1550852030243,submit,b3010,sprint,,mobile
1550852035970,enter,b4720,sprint,,mobile
1550852051013,respond,q6188,sprint,d,mobile
1550852053701,submit,b4720,sprint,,mobile
1550852066928,enter,b6429,sprint,,mobile
1550852087349,respond,q9078,sprint,d,mobile
1550852091387,submit,b6429,sprint,,mobile
