timestamp,action_type,item_id,source,user_answer,platform
1550924715792,enter,b2371,diagnosis,,mobile
1550924753800,respond,q3839,diagnosis,a,mobile
1550924758438,submit,b2371,diagnosis,,mobile
1550924758532,enter,b463,diagnosis,,mobile
1550924776565,respond,q463,diagnosis,a,mobile
1550924780495,submit,b463,diagnosis,,mobile
1550924780537,enter,b5552,diagnosis,,mobile
1550924801015,respond,q8081,diagnosis,a,mobile
1550924804430,submit,b5552,diagnosis,,mobile
1550924804469,enter,b5625,diagnosis,,mobile
1550924824588,respond,q8154,diagnosis,b,mobile
1550924827429,submit,b5625,diagnosis,,mobile
1550924827473,enter,b5751,diagnosis,,mobile
1550924871844,respond,q8400,diagnosis,a,mobile
1550924874910,submit,b5751,diagnosis,,mobile
1550924874942,enter,b99,diagnosis,,mobile
1550924886081,respond,q99,diagnosis,a,mobile
1550924899950,submit,b99,diagnosis,,mobile
1550924900011,enter,b4979,diagnosis,,mobile
1550924919138,respond,q6447,diagnosis,c,mobile
1550924924677,submit,b4979,diagnosis,,mobile
1550924924740,enter,b4558,diagnosis,,mobile
1550924948833,respond,q6026,diagnosis,c,mobile
1550924952404,submit,b4558,diagnosis,,mobile
1550924952456,enter,b4146,diagnosis,,mobile
1550924966018,respond,q5614,diagnosis,a,mobile
1550924969359,submit,b4146,diagnosis,,mobile
1550924969414,enter,b4251,diagnosis,,mobile
1550924974644,respond,q5719,diagnosis,d,mobile
1550924978502,submit,b4251,diagnosis,,mobile
1550924986246,enter,b4224,diagnosis,,mobile
1550925010169,respond,q5692,diagnosis,b,mobile
1550925010619,respond,q5692,diagnosis,a,mobile
1550925012275,respond,q5692,diagnosis,d,mobile
1550925013320,respond,q5692,diagnosis,c,mobile
1550925020631,submit,b4224,diagnosis,,mobile
