timestamp,action_type,item_id,source,user_answer,platform
1551075308261,enter,b3725,diagnosis,,mobile
1551075339730,respond,q5193,diagnosis,c,mobile
1551075344188,submit,b3725,diagnosis,,mobile
1551075344262,enter,b4648,diagnosis,,mobile
1551075352938,respond,q6116,diagnosis,a,mobile
1551075365584,submit,b4648,diagnosis,,mobile
1551075365637,enter,b3450,diagnosis,,mobile
1551075391261,respond,q4918,diagnosis,d,mobile
1551075409151,respond,q4918,diagnosis,b,mobile
1551075415369,submit,b3450,diagnosis,,mobile
1551075415422,enter,b2557,diagnosis,,mobile
1551075449200,respond,q4025,diagnosis,c,mobile
1551075453464,submit,b2557,diagnosis,,mobile
1551075453521,enter,b99,diagnosis,,mobile
1551075475101,respond,q99,diagnosis,a,mobile
1551075479225,submit,b99,diagnosis,,mobile
1551075479278,enter,b2718,diagnosis,,mobile
1551075495952,respond,q4186,diagnosis,a,mobile
1551075499312,submit,b2718,diagnosis,,mobile
1551075499362,enter,b6046,diagnosis,,mobile
1551075517504,respond,q8695,diagnosis,d,mobile
1551075524117,submit,b6046,diagnosis,,mobile
1551075524170,enter,b7378,diagnosis,,mobile
1551075564170,respond,q10027,diagnosis,c,mobile
1551075572176,submit,b7378,diagnosis,,mobile
1551075572210,enter,b4931,diagnosis,,mobile
1551075607680,respond,q6399,diagnosis,d,mobile
1551075619684,respond,q6399,diagnosis,a,mobile
1551075623938,submit,b4931,diagnosis,,mobile
1551075623994,enter,b7393,diagnosis,,mobile
1551075645173,respond,q10042,diagnosis,c,mobile
1551075649401,respond,q10042,diagnosis,b,mobile
1551075650619,respond,q10042,diagnosis,c,mobile
1551075656918,respond,q10042,diagnosis,b,mobile
1551075657317,respond,q10042,diagnosis,d,mobile
1551075657600,respond,q10042,diagnosis,c,mobile
1551075657850,respond,q10042,diagnosis,b,mobile
1551075658252,respond,q10042,diagnosis,d,mobile
1551075658520,respond,q10042,diagnosis,c,mobile
1551075658731,respond,q10042,diagnosis,b,mobile
1551075660407,respond,q10042,diagnosis,c,mobile
1551075661027,respond,q10042,diagnosis,d,mobile
1551075666119,respond,q10042,diagnosis,a,mobile
1551075670113,submit,b7393,diagnosis,,mobile
1551075670165,enter,b3951,diagnosis,,mobile
1551075715546,respond,q5419,diagnosis,a,mobile
1551075727883,submit,b3951,diagnosis,,mobile
1551075847987,enter,b3010,sprint,,mobile
1551075864361,respond,q4478,sprint,a,mobile
1551075865170,respond,q4478,sprint,b,mobile
1551075872177,submit,b3010,sprint,,mobile
1551075905557,enter,b2197,sprint,,mobile
1551075923149,respond,q3665,sprint,b,mobile
1551075926436,submit,b2197,sprint,,mobile
1551075950002,enter,b4307,sprint,,mobile
1551076007042,respond,q5775,sprint,a,mobile
1551076009938,submit,b4307,sprint,,mobile
1551076118540,enter,b7294,sprint,,mobile
1551076154596,respond,q9943,sprint,b,mobile
1551076157443,submit,b7294,sprint,,mobile
1551076196693,enter,b2354,sprint,,mobile
1551076221669,respond,q3822,sprint,c,mobile
1551076224911,submit,b2354,sprint,,mobile
1551076257041,enter,b5041,sprint,,mobile
1551076275723,respond,q6509,sprint,a,mobile
1551076285036,respond,q6509,sprint,c,mobile
1551076288395,submit,b5041,sprint,,mobile
1551076316919,enter,b3128,sprint,,mobile
1551076370207,respond,q4596,sprint,c,mobile
1551076374786,submit,b3128,sprint,,mobile
1551076417056,enter,b6759,sprint,,mobile
1551076435751,respond,q9408,sprint,d,mobile
1551076438889,submit,b6759,sprint,,mobile
1551076463272,enter,b2467,sprint,,mobile
1551076488454,respond,q3935,sprint,b,mobile
1551076492499,submit,b2467,sprint,,mobile
1551076527975,enter,b3782,sprint,,mobile
1551076555480,respond,q5250,sprint,a,mobile
1551076558539,submit,b3782,sprint,,mobile
1551076667216,enter,b952,sprint,,mobile
1551076675140,respond,q952,sprint,a,mobile
1551076682845,submit,b952,sprint,,mobile
1551076713656,enter,b1297,sprint,,mobile
1551076731848,respond,q1297,sprint,b,mobile
1551076734643,submit,b1297,sprint,,mobile
1551076767173,enter,b854,sprint,,mobile
1551076785153,respond,q854,sprint,b,mobile
1551076787903,submit,b854,sprint,,mobile
1551076825325,enter,b295,sprint,,mobile
1551076840865,respond,q295,sprint,c,mobile
1551076843755,submit,b295,sprint,,mobile
1551076854750,enter,b447,sprint,,mobile
1551076871796,respond,q447,sprint,c,mobile
1551076874120,submit,b447,sprint,,mobile
1551076931218,enter,b639,sprint,,mobile
1551076951694,respond,q639,sprint,b,mobile
1551076955026,submit,b639,sprint,,mobile
