timestamp,action_type,item_id,source,user_answer,platform
1562677734845,enter,b2872,diagnosis,,mobile
1562677752456,respond,q4340,diagnosis,a,mobile
1562677759075,submit,b2872,diagnosis,,mobile
1562677759185,enter,b836,diagnosis,,mobile
1562677777930,respond,q836,diagnosis,b,mobile
1562677783175,submit,b836,diagnosis,,mobile
1562677783258,enter,b2823,diagnosis,,mobile
1562677820503,respond,q4291,diagnosis,b,mobile
1562677825364,submit,b2823,diagnosis,,mobile
1562677825454,enter,b4850,diagnosis,,mobile
1562677846448,respond,q6318,diagnosis,d,mobile
1562677851011,submit,b4850,diagnosis,,mobile
1562677851092,enter,b3615,diagnosis,,mobile
1562677867533,respond,q5083,diagnosis,b,mobile
1562677871618,submit,b3615,diagnosis,,mobile
1562677871701,enter,b3524,diagnosis,,mobile
1562677899858,respond,q4992,diagnosis,c,mobile
1562677904303,submit,b3524,diagnosis,,mobile
1562677904379,enter,b2153,diagnosis,,mobile
1562677934191,respond,q3621,diagnosis,c,mobile
1562677943024,submit,b2153,diagnosis,,mobile
1563802080932,enter,b144,sprint,,mobile
1563802103268,respond,q144,sprint,b,mobile
1563802105981,submit,b144,sprint,,mobile
1563802155114,enter,b5583,sprint,,mobile
1563802174709,respond,q8112,sprint,d,mobile
1563802178012,submit,b5583,sprint,,mobile
1563802203778,enter,b127,sprint,,mobile
1563802215570,respond,q127,sprint,b,mobile
1563802219159,submit,b127,sprint,,mobile
1563802224968,enter,b8057,sprint,,mobile
1563802250276,respond,q11004,sprint,d,mobile
1563802253476,submit,b8057,sprint,,mobile
1563802281987,enter,b175,sprint,,mobile
1563802305355,respond,q175,sprint,d,mobile
1563802309105,submit,b175,sprint,,mobile
1563802325409,enter,b5584,sprint,,mobile
1563802343491,respond,q8113,sprint,c,mobile
1563802347116,submit,b5584,sprint,,mobile
1563802364342,enter,b108,sprint,,mobile
1563802384724,respond,q108,sprint,c,mobile
1563802387519,submit,b108,sprint,,mobile
1563802407032,enter,b8184,sprint,,mobile
1563802419332,respond,q11131,sprint,b,mobile
1563802422238,submit,b8184,sprint,,mobile
1563802427427,enter,b119,sprint,,mobile
1563802449076,respond,q119,sprint,d,mobile
1563802451744,submit,b119,sprint,,mobile
1563802459029,enter,b78,sprint,,mobile
1563802479920,respond,q78,sprint,d,mobile
1563802483385,submit,b78,sprint,,mobile
1563802501344,enter,b184,sprint,,mobile
1563802506592,submit,b184,sprint,,mobile
1564453537420,enter,b764,sprint,,mobile
1564453552380,respond,q764,sprint,a,mobile
1564453554982,submit,b764,sprint,,mobile
1564453572785,enter,b1130,sprint,,mobile
1564453589825,respond,q1130,sprint,c,mobile
1564453598052,submit,b1130,sprint,,mobile
1564453656437,enter,b1319,sprint,,mobile
1564453671768,respond,q1319,sprint,b,mobile
1564453675077,submit,b1319,sprint,,mobile
1564453722740,enter,b11693,sprint,,mobile
1564453739956,respond,q17538,sprint,b,mobile
1564453743022,submit,b11693,sprint,,mobile
1564453764831,enter,b847,sprint,,mobile
1564453780883,respond,q847,sprint,a,mobile
1564453783484,submit,b847,sprint,,mobile
1564487906662,enter,b689,sprint,,mobile
1564487926455,respond,q689,sprint,b,mobile
1564487930704,submit,b689,sprint,,mobile
1564487947449,enter,b1130,adaptive_offer,,mobile
1564487966186,respond,q1130,adaptive_offer,c,mobile
1564487968891,submit,b1130,adaptive_offer,,mobile
1564487973982,enter,b689,adaptive_offer,,mobile
1564487982334,respond,q689,adaptive_offer,a,mobile
1564487985415,submit,b689,adaptive_offer,,mobile
1564487996701,enter,b554,sprint,,mobile
1564488014635,respond,q554,sprint,c,mobile
1564488018743,submit,b554,sprint,,mobile
1564488045662,enter,b11692,sprint,,mobile
1564488064039,respond,q17537,sprint,a,mobile
1564488067148,submit,b11692,sprint,,mobile
1564488091873,enter,b216,sprint,,mobile
1564488110012,respond,q216,sprint,a,mobile
1564488113729,submit,b216,sprint,,mobile
1564488420507,enter,b764,adaptive_offer,,mobile
1564488431978,respond,q764,adaptive_offer,b,mobile
1564488434846,submit,b764,adaptive_offer,,mobile
1564488444429,enter,b216,adaptive_offer,,mobile
1564488461076,respond,q216,adaptive_offer,a,mobile
1564488464027,submit,b216,adaptive_offer,,mobile
1564488485634,enter,b823,sprint,,mobile
1564488504755,respond,q823,sprint,c,mobile
1564488508688,submit,b823,sprint,,mobile
1564488545131,enter,b278,sprint,,mobile
1564488548889,submit,b278,sprint,,mobile
1564840601523,enter,b1513,sprint,,mobile
1564840706232,respond,q1737,sprint,d,mobile
1564840710858,submit,b1513,sprint,,mobile
1564840811203,enter,b1476,sprint,,mobile
1564840916075,respond,q1626,sprint,c,mobile
1564840921841,submit,b1476,sprint,,mobile
1565008270384,enter,b2101,sprint,,mobile
1565008346324,respond,q3501,sprint,d,mobile
1565008350313,submit,b2101,sprint,,mobile
1565008355356,enter,b1833,sprint,,mobile
1565008436929,respond,q2697,sprint,a,mobile
1565008442593,submit,b1833,sprint,,mobile
1565008512657,enter,b2110,sprint,,mobile
1565008593891,respond,q3528,sprint,c,mobile
1565008598404,respond,q3528,sprint,c,mobile
1565008600288,respond,q3528,sprint,c,mobile
1565008601483,respond,q3528,sprint,c,mobile
1565008605657,submit,b2110,sprint,,mobile
1565414465791,enter,b5337,tutor,,mobile
1565414748567,respond,q7401,tutor,b,mobile
1565414756817,submit,b5337,tutor,,mobile
1565415517551,enter,b368,sprint,,mobile
1565415535673,respond,q368,sprint,a,mobile
1565415539020,submit,b368,sprint,,mobile
1565415543519,enter,b8312,sprint,,mobile
1565415558722,respond,q11259,sprint,c,mobile
1565415562147,submit,b8312,sprint,,mobile
1565415571355,enter,b695,sprint,,mobile
1565415581790,respond,q695,sprint,a,mobile
1565415584554,submit,b695,sprint,,mobile
1565415615151,enter,b1206,sprint,,mobile
1565415630251,respond,q1206,sprint,c,mobile
1565415632868,submit,b1206,sprint,,mobile
1565415656429,enter,b1265,sprint,,mobile
1565415673331,respond,q1265,sprint,b,mobile
1565415676624,submit,b1265,sprint,,mobile
1565415698704,enter,b8302,sprint,,mobile
1565415703697,submit,b8302,sprint,,mobile
1565762163463,enter,b4934,sprint,,mobile
1565762191200,respond,q6402,sprint,a,mobile
1565762194886,submit,b4934,sprint,,mobile
1565762207341,enter,b2350,sprint,,mobile
1565762261700,respond,q3818,sprint,a,mobile
1565762262483,respond,q3818,sprint,c,mobile
1565762262802,respond,q3818,sprint,b,mobile
1565762263194,respond,q3818,sprint,c,mobile
1565762266183,submit,b2350,sprint,,mobile
1565762276568,enter,b3026,sprint,,mobile
1565762292719,respond,q4494,sprint,b,mobile
1565762296777,submit,b3026,sprint,,mobile
1565762306154,enter,b6500,sprint,,mobile
1565762328576,respond,q9149,sprint,c,mobile
1565762331879,submit,b6500,sprint,,mobile
1565762340472,enter,b3777,sprint,,mobile
1565762355094,respond,q5245,sprint,a,mobile
1565762358812,submit,b3777,sprint,,mobile
1565762367402,enter,b3051,sprint,,mobile
1565762397709,respond,q4519,sprint,c,mobile
1565762401849,submit,b3051,sprint,,mobile
1565762458723,enter,b4679,sprint,,mobile
1565762470790,respond,q6147,sprint,a,mobile
1565762487885,respond,q6147,sprint,b,mobile
1565762490716,submit,b4679,sprint,,mobile
1565762497998,enter,b7206,sprint,,mobile
1565762499754,respond,q9855,sprint,d,mobile
1565762540296,respond,q9855,sprint,b,mobile
1565762543380,respond,q9855,sprint,c,mobile
1565762544005,respond,q9855,sprint,d,mobile
1565762550133,submit,b7206,sprint,,mobile
1565762589537,enter,b5131,sprint,,mobile
1565762657622,respond,q6725,sprint,b,mobile
1565762661182,submit,b5131,sprint,,mobile
1565762697536,enter,b4700,sprint,,mobile
1565762735799,respond,q6168,sprint,c,mobile
1565762738784,submit,b4700,sprint,,mobile
1566300703833,enter,b1988,sprint,,mobile
1566300791200,respond,q3162,sprint,a,mobile
1566300796477,submit,b1988,sprint,,mobile
1566300920758,enter,b1806,sprint,,mobile
1566301000864,respond,q2616,sprint,b,mobile
1566301006782,submit,b1806,sprint,,mobile
1566301087856,enter,b1915,sprint,,mobile
1566301154063,respond,q2943,sprint,a,mobile
1566301158969,submit,b1915,sprint,,mobile
1566301372516,enter,b1935,sprint,,mobile
1566301461915,respond,q3003,sprint,c,mobile
1566301465204,respond,q3003,sprint,a,mobile
1566301468049,respond,q3003,sprint,d,mobile
1566301472339,submit,b1935,sprint,,mobile
1566301493365,enter,b1859,sprint,,mobile
1566301579631,respond,q2775,sprint,d,mobile
1566301583236,submit,b1859,sprint,,mobile
1566821864009,enter,b171,sprint,,mobile
1566821883322,respond,q171,sprint,a,mobile
1566821886867,submit,b171,sprint,,mobile
1566821907633,enter,b8125,sprint,,mobile
1566821923999,respond,q11072,sprint,c,mobile
1566821929553,submit,b8125,sprint,,mobile
1566822030722,enter,b181,sprint,,mobile
1566822054032,respond,q181,sprint,c,mobile
1566822058381,submit,b181,sprint,,mobile
1566822252626,enter,b171,adaptive_offer,,mobile
1566822258715,respond,q171,adaptive_offer,d,mobile
1566822263646,submit,b171,adaptive_offer,,mobile
1566822267974,enter,b181,adaptive_offer,,mobile
1566822271128,respond,q181,adaptive_offer,d,mobile
1566822275232,submit,b181,adaptive_offer,,mobile
1566822369099,enter,b56,sprint,,mobile
1566822385810,respond,q56,sprint,c,mobile
1566822393942,respond,q56,sprint,b,mobile
1566822394607,respond,q56,sprint,c,mobile
1566822394942,respond,q56,sprint,d,mobile
1566822398619,submit,b56,sprint,,mobile
1566822408824,enter,b10,sprint,,mobile
1566822431238,respond,q10,sprint,b,mobile
1566822434059,submit,b10,sprint,,mobile
1566887435955,enter,b1913,sprint,,mobile
1566887534227,respond,q2937,sprint,c,mobile
1566887539045,submit,b1913,sprint,,mobile
1570770071317,enter,b6081,sprint,,mobile
1570770080912,respond,q8730,sprint,b,mobile
1570770085586,submit,b6081,sprint,,mobile
1570770145551,enter,b7153,sprint,,mobile
1570770171240,respond,q9802,sprint,d,mobile
1570770174946,submit,b7153,sprint,,mobile
1570770817833,enter,b6341,sprint,,mobile
1570770824407,respond,q8990,sprint,b,mobile
1570770829897,submit,b6341,sprint,,mobile
1570771241842,enter,b3604,sprint,,mobile
1570771268560,respond,q5072,sprint,a,mobile
1570771269294,respond,q5072,sprint,b,mobile
1570771274443,submit,b3604,sprint,,mobile
1570771302136,enter,b6179,sprint,,mobile
1570771322923,respond,q8828,sprint,d,mobile
1570771409024,respond,q8828,sprint,c,mobile
1570771409626,respond,q8828,sprint,b,mobile
1570771410034,respond,q8828,sprint,a,mobile
1570771455055,submit,b6179,sprint,,mobile
1572574457152,enter,b11432,sprint,,mobile
1572574468165,respond,q17195,sprint,b,mobile
1572574473585,submit,b11432,sprint,,mobile
1572574504389,enter,b6265,sprint,,mobile
1572574523348,respond,q8914,sprint,a,mobile
1572574530096,submit,b6265,sprint,,mobile
1572574561194,enter,b11521,sprint,,mobile
1572574581254,respond,q17284,sprint,d,mobile
1572574586626,submit,b11521,sprint,,mobile
1572574595920,enter,b6764,sprint,,mobile
1572574621714,respond,q9413,sprint,a,mobile
1572574625949,submit,b6764,sprint,,mobile
1572574636173,enter,b6680,sprint,,mobile
1572574740646,respond,q9329,sprint,d,mobile
1572574742257,respond,q9329,sprint,b,mobile
1572574744189,respond,q9329,sprint,c,mobile
1572574745205,respond,q9329,sprint,d,mobile
1572574756820,submit,b6680,sprint,,mobile
