timestamp,action_type,item_id,source,user_answer,platform
1551271266478,enter,b2843,diagnosis,,mobile
1551271279858,respond,q4311,diagnosis,b,mobile
1551271283394,submit,b2843,diagnosis,,mobile
1551271283483,enter,b4177,diagnosis,,mobile
1551271293975,respond,q5645,diagnosis,b,mobile
1551271297915,submit,b4177,diagnosis,,mobile
1551271297971,enter,b4480,diagnosis,,mobile
1551271316300,respond,q5948,diagnosis,c,mobile
1551271321548,submit,b4480,diagnosis,,mobile
1551271321624,enter,b3953,diagnosis,,mobile
1551271335028,respond,q5421,diagnosis,a,mobile
1551271339227,submit,b3953,diagnosis,,mobile
1551271339289,enter,b4995,diagnosis,,mobile
1551271357912,respond,q6463,diagnosis,c,mobile
1551271362087,submit,b4995,diagnosis,,mobile
1551271362146,enter,b2656,diagnosis,,mobile
1551271378607,respond,q4124,diagnosis,a,mobile
1551271382814,submit,b2656,diagnosis,,mobile
1551271382869,enter,b2280,diagnosis,,mobile
1551271397557,respond,q3748,diagnosis,a,mobile
1551271403868,submit,b2280,diagnosis,,mobile
1551272934458,enter,b2467,sprint,,mobile
1551272959336,respond,q3935,sprint,a,mobile
1551272962484,submit,b2467,sprint,,mobile
1551272980602,enter,b4855,sprint,,mobile
1551272993826,respond,q6323,sprint,c,mobile
1551272996732,submit,b4855,sprint,,mobile
1551273003928,enter,b3927,sprint,,mobile
1551273014655,respond,q5395,sprint,c,mobile
1551273015764,respond,q5395,sprint,a,mobile
1551273018780,submit,b3927,sprint,,mobile
1551273028635,enter,b7069,sprint,,mobile
1551273042511,respond,q9718,sprint,a,mobile
1551273044809,submit,b7069,sprint,,mobile
1551273055267,enter,b4632,sprint,,mobile
1551273073881,respond,q6100,sprint,d,mobile
1551273077022,submit,b4632,sprint,,mobile
1551273095304,enter,b4984,sprint,,mobile
1551273114072,respond,q6452,sprint,c,mobile
1551273116335,submit,b4984,sprint,,mobile
1551273126634,enter,b2562,sprint,,mobile
1551273134681,respond,q4030,sprint,c,mobile
1551273137298,submit,b2562,sprint,,mobile
1551273143310,enter,b6137,sprint,,mobile
1551273177960,respond,q8786,sprint,c,mobile
1551273180683,submit,b6137,sprint,,mobile
1551273208654,enter,b5048,sprint,,mobile
1551273221759,respond,q6516,sprint,a,mobile
1551273225091,submit,b5048,sprint,,mobile
1551273238950,enter,b2460,sprint,,mobile
1551273257725,respond,q3928,sprint,b,mobile
1551273260607,submit,b2460,sprint,,mobile
1551661553499,enter,b3945,sprint,,mobile
1551661574474,respond,q5413,sprint,a,mobile
1551661577637,submit,b3945,sprint,,mobile
1551661748818,enter,b3927,adaptive_offer,,mobile
1551661768053,respond,q5395,adaptive_offer,c,mobile
1551661770651,submit,b3927,adaptive_offer,,mobile
1551661777856,enter,b3945,adaptive_offer,,mobile
1551661794982,respond,q5413,adaptive_offer,a,mobile
1551661798686,submit,b3945,adaptive_offer,,mobile
1551929210532,enter,b42,sprint,,mobile
1551929217972,submit,b42,sprint,,mobile
1552206303919,enter,b7165,sprint,,mobile
1552206317328,respond,q9814,sprint,b,mobile
1552206320041,submit,b7165,sprint,,mobile
1552206423776,enter,b3128,sprint,,mobile
1552206463555,respond,q4596,sprint,c,mobile
1552206466808,submit,b3128,sprint,,mobile
1552206483131,enter,b2970,sprint,,mobile
1552206501554,respond,q4438,sprint,a,mobile
1552206504706,submit,b2970,sprint,,mobile
1552206556225,enter,b3301,sprint,,mobile
1552206574746,respond,q4769,sprint,a,mobile
1552206578524,submit,b3301,sprint,,mobile
1552206612626,enter,b6202,sprint,,mobile
1552206651965,respond,q8851,sprint,a,mobile
1552206651965,respond,q8851,sprint,a,mobile
1552206654816,submit,b6202,sprint,,mobile
1552206688858,enter,b4292,sprint,,mobile
1552206742246,respond,q5760,sprint,d,mobile
1552206745443,submit,b4292,sprint,,mobile
1552206756000,enter,b6052,sprint,,mobile
1552206783087,respond,q8701,sprint,a,mobile
1552206785911,submit,b6052,sprint,,mobile
1552206794297,enter,b3132,sprint,,mobile
1552206817300,respond,q4600,sprint,b,mobile
1552206820368,submit,b3132,sprint,,mobile
1552206831240,enter,b7539,sprint,,mobile
1552206901937,respond,q10188,sprint,b,mobile
1552206906411,submit,b7539,sprint,,mobile
1557300853285,enter,b3885,sprint,,mobile
1557300892180,respond,q5353,sprint,a,mobile
1557300896706,submit,b3885,sprint,,mobile
1557411619272,enter,b5833,sprint,,mobile
1557411626530,respond,q8482,sprint,d,mobile
1557411631801,submit,b5833,sprint,,mobile
1557411658463,enter,b2651,sprint,,mobile
1557411688021,respond,q4119,sprint,a,mobile
1557411689031,respond,q4119,sprint,b,mobile
1557411689761,respond,q4119,sprint,c,mobile
1557411691090,respond,q4119,sprint,b,mobile
1557411695167,submit,b2651,sprint,,mobile
1557411734381,enter,b7285,sprint,,mobile
1557411762192,respond,q9934,sprint,a,mobile
1557411765744,submit,b7285,sprint,,mobile
1557411799367,enter,b2693,sprint,,mobile
1557411836540,respond,q4161,sprint,c,mobile
1557411839872,submit,b2693,sprint,,mobile
1563276301003,enter,b3008,sprint,,mobile
1563276322188,respond,q4476,sprint,b,mobile
1563276327484,submit,b3008,sprint,,mobile
1563276354448,enter,b3845,sprint,,mobile
1563276371397,respond,q5313,sprint,d,mobile
1563276374723,submit,b3845,sprint,,mobile
1563276953418,enter,b6851,sprint,,mobile
1563276971565,respond,q9500,sprint,b,mobile
1563276972353,respond,q9500,sprint,c,mobile
1563276975920,submit,b6851,sprint,,mobile
1563276996402,enter,b5041,sprint,,mobile
1563277026373,respond,q6509,sprint,b,mobile
1563277028580,respond,q6509,sprint,d,mobile
1563277029275,respond,q6509,sprint,b,mobile
1563277029882,respond,q6509,sprint,d,mobile
1563277033994,respond,q6509,sprint,b,mobile
1563277034822,respond,q6509,sprint,d,mobile
1563277035466,respond,q6509,sprint,b,mobile
1563277038566,submit,b5041,sprint,,mobile
1563277070572,enter,b4293,sprint,,mobile
1563277090260,respond,q5761,sprint,c,mobile
1563277094357,submit,b4293,sprint,,mobile
1563277160639,enter,b2369,sprint,,mobile
1563277187165,respond,q3837,sprint,b,mobile
1563277192253,submit,b2369,sprint,,mobile
