timestamp,action_type,item_id,source,user_answer,platform
1551265327915,enter,b4032,diagnosis,,mobile
1551265359633,respond,q5500,diagnosis,a,mobile
1551265363607,submit,b4032,diagnosis,,mobile
1551265363684,enter,b4095,diagnosis,,mobile
1551265394491,respond,q5563,diagnosis,a,mobile
1551265399011,submit,b4095,diagnosis,,mobile
1551265399086,enter,b218,diagnosis,,mobile
1551265417605,respond,q218,diagnosis,a,mobile
1551265421733,submit,b218,diagnosis,,mobile
1551265421801,enter,b379,diagnosis,,mobile
1551265439252,respond,q379,diagnosis,a,mobile
1551265443063,submit,b379,diagnosis,,mobile
1551265443138,enter,b3062,diagnosis,,mobile
1551265465281,respond,q4530,diagnosis,d,mobile
1551265470946,submit,b3062,diagnosis,,mobile
1551265471013,enter,b2577,diagnosis,,mobile
1551265564101,respond,q4045,diagnosis,a,mobile
1551265568217,submit,b2577,diagnosis,,mobile
1551265568283,enter,b4480,diagnosis,,mobile
1551265624374,respond,q5948,diagnosis,c,mobile
1551265632802,submit,b4480,diagnosis,,mobile
1551265632871,enter,b3556,diagnosis,,mobile
1551265671328,respond,q5024,diagnosis,a,mobile
1551265675048,submit,b3556,diagnosis,,mobile
1551265675115,enter,b3779,diagnosis,,mobile
1551265711031,respond,q5247,diagnosis,c,mobile
1551265717695,submit,b3779,diagnosis,,mobile
1551265717757,enter,b5039,diagnosis,,mobile
1551265765315,respond,q6507,diagnosis,a,mobile
1551265773316,submit,b5039,diagnosis,,mobile
1551265773379,enter,b4195,diagnosis,,mobile
1551265860509,respond,q5663,diagnosis,a,mobile
1551265866577,respond,q5663,diagnosis,b,mobile
1551265877519,submit,b4195,diagnosis,,mobile
1551324577552,enter,b3918,sprint,,mobile
1551324593758,respond,q5386,sprint,a,mobile
1551324598517,submit,b3918,sprint,,mobile
1551324609770,enter,b3520,sprint,,mobile
1551324622249,respond,q4988,sprint,b,mobile
1551324624696,respond,q4988,sprint,c,mobile
1551324632813,submit,b3520,sprint,,mobile
1551324642111,enter,b4921,sprint,,mobile
1551324711603,respond,q6389,sprint,c,mobile
1551324714711,submit,b4921,sprint,,mobile
1551324722769,enter,b5945,sprint,,mobile
1551324784976,respond,q8594,sprint,a,mobile
1551324787364,submit,b5945,sprint,,mobile
1551324794708,enter,b2443,sprint,,mobile
1551324818918,respond,q3911,sprint,d,mobile
1551324822761,submit,b2443,sprint,,mobile
1551324829855,enter,b2573,sprint,,mobile
1551324901232,respond,q4041,sprint,d,mobile
1551324904036,submit,b2573,sprint,,mobile
1551324915656,enter,b6929,sprint,,mobile
1551324975884,respond,q9578,sprint,b,mobile
1551324979540,submit,b6929,sprint,,mobile
1551324992121,enter,b5741,sprint,,mobile
1551325014405,respond,q8390,sprint,b,mobile
1551325018401,submit,b5741,sprint,,mobile
1551325024770,enter,b5164,sprint,,mobile
1551325070043,respond,q6758,sprint,c,mobile
1551325074417,submit,b5164,sprint,,mobile
1551325083122,enter,b2742,sprint,,mobile
1551325106690,respond,q4210,sprint,d,mobile
1551325109943,submit,b2742,sprint,,mobile
1551335542282,enter,b661,sprint,,mobile
1551335563328,respond,q661,sprint,c,mobile
1551335565648,submit,b661,sprint,,mobile
1551335574174,enter,b957,sprint,,mobile
1551335592340,respond,q957,sprint,b,mobile
1551335594807,submit,b957,sprint,,mobile
1551335603039,enter,b477,sprint,,mobile
1551335620857,respond,q477,sprint,b,mobile
1551335623450,submit,b477,sprint,,mobile
1551335632942,enter,b8302,sprint,,mobile
1551335659774,respond,q11249,sprint,b,mobile
1551335662687,submit,b8302,sprint,,mobile
1551335673807,enter,b259,sprint,,mobile
1551335698932,respond,q259,sprint,a,mobile
1551335702204,submit,b259,sprint,,mobile
1551335709350,enter,b634,sprint,,mobile
1551335737757,respond,q634,sprint,a,mobile
1551335739891,submit,b634,sprint,,mobile
1551335746720,enter,b1070,sprint,,mobile
1551335766401,respond,q1070,sprint,b,mobile
1551335769762,submit,b1070,sprint,,mobile
1551335776941,enter,b295,sprint,,mobile
1551335793675,respond,q295,sprint,c,mobile
1551335796368,submit,b295,sprint,,mobile
1551335804562,enter,b573,sprint,,mobile
1551335822024,respond,q573,sprint,c,mobile
1551335826266,submit,b573,sprint,,mobile
1551335838972,enter,b730,sprint,,mobile
1551335858988,respond,q730,sprint,a,mobile
1551335861715,submit,b730,sprint,,mobile
1551372182813,enter,b2320,sprint,,mobile
1551372205490,respond,q3788,sprint,d,mobile
1551372208084,submit,b2320,sprint,,mobile
1551372216646,enter,b7149,sprint,,mobile
1551372248535,respond,q9798,sprint,d,mobile
1551372251207,submit,b7149,sprint,,mobile
1551372269889,enter,b2232,sprint,,mobile
1551372279485,respond,q3700,sprint,a,mobile
1551372281935,submit,b2232,sprint,,mobile
1551372288636,enter,b2330,sprint,,mobile
1551372337737,respond,q3798,sprint,d,mobile
1551372340106,submit,b2330,sprint,,mobile
1551372346369,enter,b2467,sprint,,mobile
1551372375822,respond,q3935,sprint,b,mobile
1551372378806,submit,b2467,sprint,,mobile
1551372393111,enter,b6792,sprint,,mobile
1551372439269,respond,q9441,sprint,c,mobile
1551372441678,submit,b6792,sprint,,mobile
1551372448620,enter,b5833,sprint,,mobile
1551372477351,respond,q8482,sprint,a,mobile
1551372481125,submit,b5833,sprint,,mobile
1551372487405,enter,b4297,sprint,,mobile
1551372545416,respond,q5765,sprint,a,mobile
1551372548546,submit,b4297,sprint,,mobile
1551372555916,enter,b4144,sprint,,mobile
1551372575759,respond,q5612,sprint,a,mobile
1551372585165,submit,b4144,sprint,,mobile
1551372591741,enter,b7502,sprint,,mobile
1551372607156,respond,q10151,sprint,b,mobile
1551372610737,submit,b7502,sprint,,mobile
1551372749990,enter,b554,sprint,,mobile
1551372769228,respond,q554,sprint,b,mobile
1551372772041,submit,b554,sprint,,mobile
1551372806573,enter,b8312,sprint,,mobile
1551372825163,respond,q11259,sprint,b,mobile
1551372831217,submit,b8312,sprint,,mobile
1551372840150,enter,b997,sprint,,mobile
1551372860071,respond,q997,sprint,a,mobile
1551372862938,submit,b997,sprint,,mobile
1551372872909,enter,b838,sprint,,mobile
1551372890879,respond,q838,sprint,c,mobile
1551372893695,submit,b838,sprint,,mobile
1551372899750,enter,b385,sprint,,mobile
1551372918258,respond,q385,sprint,b,mobile
1551372922647,submit,b385,sprint,,mobile
1551372942143,enter,b8315,sprint,,mobile
1551372959613,respond,q11262,sprint,a,mobile
1551372963353,submit,b8315,sprint,,mobile
1551372992829,enter,b406,sprint,,mobile
1551373014448,respond,q406,sprint,c,mobile
1551373018409,submit,b406,sprint,,mobile
1551373026101,enter,b289,sprint,,mobile
1551373046008,respond,q289,sprint,c,mobile
1551373049344,submit,b289,sprint,,mobile
1551373057947,enter,b214,sprint,,mobile
1551373075424,respond,q214,sprint,b,mobile
1551373078134,submit,b214,sprint,,mobile
1551373342743,enter,b1070,adaptive_offer,,mobile
1551373361609,respond,q1070,adaptive_offer,b,mobile
1551373365239,submit,b1070,adaptive_offer,,mobile
1551373372618,enter,b554,adaptive_offer,,mobile
1551373393700,respond,q554,adaptive_offer,c,mobile
1551373396306,submit,b554,adaptive_offer,,mobile
1551456677085,enter,b3008,sprint,,mobile
1551456691961,respond,q4476,sprint,c,mobile
1551456695291,submit,b3008,sprint,,mobile
1551456703260,enter,b4430,sprint,,mobile
1551456716756,respond,q5898,sprint,d,mobile
1551456719817,submit,b4430,sprint,,mobile
1551456736955,enter,b4488,sprint,,mobile
1551456751677,respond,q5956,sprint,b,mobile
1551456757961,submit,b4488,sprint,,mobile
1551456765228,enter,b6854,sprint,,mobile
1551456823413,respond,q9503,sprint,b,mobile
1551456826287,submit,b6854,sprint,,mobile
1551456840994,enter,b3772,sprint,,mobile
1551456874842,respond,q5240,sprint,c,mobile
1551456881253,submit,b3772,sprint,,mobile
1551456891575,enter,b3057,sprint,,mobile
1551456907526,respond,q4525,sprint,b,mobile
1551456911413,submit,b3057,sprint,,mobile
1551456917563,enter,b2273,sprint,,mobile
1551456937180,respond,q3741,sprint,a,mobile
1551456940866,submit,b2273,sprint,,mobile
1551456947993,enter,b6064,sprint,,mobile
1551456984914,respond,q8713,sprint,a,mobile
1551456990008,submit,b6064,sprint,,mobile
1551456996109,enter,b3289,sprint,,mobile
1551457020879,respond,q4757,sprint,d,mobile
1551457028146,submit,b3289,sprint,,mobile
