timestamp,action_type,item_id,source,user_answer,platform
1551352438401,enter,b4521,diagnosis,,mobile
1551352495672,respond,q5989,diagnosis,c,mobile
1551352501329,submit,b4521,diagnosis,,mobile
1551352501401,enter,b130,diagnosis,,mobile
1551352529072,respond,q130,diagnosis,a,mobile
1551352533290,respond,q130,diagnosis,b,mobile
1551352533789,respond,q130,diagnosis,c,mobile
1551352534187,respond,q130,diagnosis,d,mobile
1551352536491,respond,q130,diagnosis,c,mobile
1551352537307,respond,q130,diagnosis,b,mobile
1551352537625,respond,q130,diagnosis,a,mobile
1551352539359,submit,b130,diagnosis,,mobile
1551352552995,enter,b130,diagnosis,,mobile
1551352576660,respond,q130,diagnosis,b,mobile
1551352580610,submit,b130,diagnosis,,mobile
1551352580672,enter,b4480,diagnosis,,mobile
1551352608392,respond,q5948,diagnosis,c,mobile
1551352612780,submit,b4480,diagnosis,,mobile
1551352612837,enter,b3787,diagnosis,,mobile
1551352691778,respond,q5255,diagnosis,a,mobile
1551352695922,submit,b3787,diagnosis,,mobile
1551352695987,enter,b4347,diagnosis,,mobile
1551352725517,respond,q5815,diagnosis,b,mobile
1551352730113,submit,b4347,diagnosis,,mobile
1551352730163,enter,b2383,diagnosis,,mobile
1551352747734,respond,q3851,diagnosis,a,mobile
1551352751412,submit,b2383,diagnosis,,mobile
1551352751465,enter,b326,diagnosis,,mobile
1551352770298,respond,q326,diagnosis,c,mobile
1551352776152,submit,b326,diagnosis,,mobile
