timestamp,action_type,item_id,source,user_answer,platform
1551347505426,enter,b2214,diagnosis,,mobile
1551347543342,respond,q3682,diagnosis,a,mobile
1551347547310,submit,b2214,diagnosis,,mobile
1551347547428,enter,b2270,diagnosis,,mobile
1551347571929,respond,q3738,diagnosis,a,mobile
1551347575067,submit,b2270,diagnosis,,mobile
1551347575147,enter,b3953,diagnosis,,mobile
1551347597919,respond,q5421,diagnosis,b,mobile
1551347606091,submit,b3953,diagnosis,,mobile
1551347606182,enter,b2823,diagnosis,,mobile
1551347633775,respond,q4291,diagnosis,b,mobile
1551347637614,submit,b2823,diagnosis,,mobile
1551347637716,enter,b1315,diagnosis,,mobile
1551347661356,respond,q1315,diagnosis,a,mobile
1551347662336,respond,q1315,diagnosis,b,mobile
1551347666322,submit,b1315,diagnosis,,mobile
1551347666426,enter,b7390,diagnosis,,mobile
1551347692968,respond,q10039,diagnosis,a,mobile
1551347696594,submit,b7390,diagnosis,,mobile
