timestamp,action_type,item_id,source,user_answer,platform
1551410846408,enter,b2342,diagnosis,,mobile
1551410861589,respond,q3810,diagnosis,a,mobile
1551410864806,submit,b2342,diagnosis,,mobile
1551410864887,enter,b3973,diagnosis,,mobile
1551410881026,respond,q5441,diagnosis,a,mobile
1551410884579,submit,b3973,diagnosis,,mobile
