timestamp,action_type,item_id,source,user_answer,platform
1551445464148,enter,b2982,diagnosis,,mobile
1551445519948,respond,q4450,diagnosis,b,mobile
1551445526360,submit,b2982,diagnosis,,mobile
1551445526437,enter,b1106,diagnosis,,mobile
1551445536972,respond,q1106,diagnosis,a,mobile
1551445538017,respond,q1106,diagnosis,b,mobile
1551445539072,respond,q1106,diagnosis,c,mobile
1551445541757,respond,q1106,diagnosis,a,mobile
1551445545794,submit,b1106,diagnosis,,mobile
1551445545837,enter,b3302,diagnosis,,mobile
1551445576436,respond,q4770,diagnosis,a,mobile
1551445580947,submit,b3302,diagnosis,,mobile
1551445581008,enter,b3288,diagnosis,,mobile
1551445607857,respond,q4756,diagnosis,d,mobile
1551445612704,respond,q4756,diagnosis,b,mobile
1551445615748,submit,b3288,diagnosis,,mobile
1551445615812,enter,b307,diagnosis,,mobile
1551445623481,respond,q307,diagnosis,b,mobile
1551445627313,submit,b307,diagnosis,,mobile
1551445627374,enter,b5004,diagnosis,,mobile
1551445676310,respond,q6472,diagnosis,b,mobile
1551445679958,submit,b5004,diagnosis,,mobile
