timestamp,action_type,item_id,source,user_answer,platform
1551533585522,enter,b4389,diagnosis,,mobile
1551533668641,respond,q5857,diagnosis,d,mobile
1551533675461,submit,b4389,diagnosis,,mobile
1551533675519,enter,b4044,diagnosis,,mobile
1551533684116,respond,q5512,diagnosis,a,mobile
1551533688136,submit,b4044,diagnosis,,mobile
1551533688193,enter,b4072,diagnosis,,mobile
1551533735101,respond,q5540,diagnosis,d,mobile
1551533738982,submit,b4072,diagnosis,,mobile
1551533739073,enter,b2663,diagnosis,,mobile
1551533779251,respond,q4131,diagnosis,d,mobile
1551533782534,submit,b2663,diagnosis,,mobile
1551533782594,enter,b218,diagnosis,,mobile
1551533796982,respond,q218,diagnosis,b,mobile
1551533799736,respond,q218,diagnosis,b,mobile
1551533804577,submit,b218,diagnosis,,mobile
1551533804626,enter,b377,diagnosis,,mobile
1551533817189,submit,b377,diagnosis,,mobile
1551533817251,enter,b3916,diagnosis,,mobile
1551533847616,respond,q5384,diagnosis,d,mobile
1551533853696,submit,b3916,diagnosis,,mobile
1551537387044,enter,b1036,sprint,,mobile
1551537409085,submit,b1036,sprint,,mobile
1551537413069,enter,b1036,sprint,,mobile
1551537435880,respond,q1036,sprint,b,mobile
1551537438696,submit,b1036,sprint,,mobile
1551537472573,enter,b632,sprint,,mobile
1551537498023,respond,q632,sprint,c,mobile
1551537500878,submit,b632,sprint,,mobile
1551537517224,enter,b755,sprint,,mobile
1551537523753,submit,b755,sprint,,mobile
1551544578435,enter,b755,sprint,,mobile
1551544595210,respond,q755,sprint,c,mobile
1551544598408,submit,b755,sprint,,mobile
1551544612863,enter,b8316,sprint,,mobile
1551544641867,submit,b8316,sprint,,mobile
1564564853761,enter,b85,sprint,,mobile
1564564878943,respond,q85,sprint,d,mobile
1564564883643,submit,b85,sprint,,mobile
1564564909937,enter,b53,sprint,,mobile
1564564937035,respond,q53,sprint,c,mobile
1564564940067,submit,b53,sprint,,mobile
1564564957087,enter,b77,sprint,,mobile
1564564983404,respond,q77,sprint,d,mobile
1564564986747,submit,b77,sprint,,mobile
1564564998676,enter,b8196,sprint,,mobile
1564565016835,respond,q11143,sprint,b,mobile
1564565021445,submit,b8196,sprint,,mobile
1564565030224,enter,b143,sprint,,mobile
1564565060666,submit,b143,sprint,,mobile
1564565076290,enter,b131,sprint,,mobile
1564565102889,respond,q131,sprint,d,mobile
1564565106626,submit,b131,sprint,,mobile
1564565121978,enter,b164,sprint,,mobile
1564565145380,respond,q164,sprint,c,mobile
1564565148729,submit,b164,sprint,,mobile
1564565154593,enter,b8238,sprint,,mobile
1564565165118,respond,q11185,sprint,a,mobile
1564565179567,submit,b8238,sprint,,mobile
1564565184447,enter,b5604,sprint,,mobile
1564565211809,submit,b5604,sprint,,mobile
1564565219462,enter,b5650,sprint,,mobile
1564565243960,respond,q8179,sprint,d,mobile
1564565246951,submit,b5650,sprint,,mobile
1564565292069,enter,b8008,sprint,,mobile
1564565302620,respond,q10955,sprint,b,mobile
1564565309541,respond,q10955,sprint,d,mobile
1564565312666,submit,b8008,sprint,,mobile
