timestamp,action_type,item_id,source,user_answer,platform
1551843679226,enter,b2379,diagnosis,,mobile
1551843701492,respond,q3847,diagnosis,b,mobile
1551843706643,submit,b2379,diagnosis,,mobile
1551843706707,enter,b565,diagnosis,,mobile
1551843724894,respond,q565,diagnosis,b,mobile
1551843728500,submit,b565,diagnosis,,mobile
1551843728561,enter,b816,diagnosis,,mobile
1551843744911,respond,q816,diagnosis,c,mobile
1551843748299,submit,b816,diagnosis,,mobile
1551843748357,enter,b297,diagnosis,,mobile
1551843765295,respond,q297,diagnosis,b,mobile
1551843768462,submit,b297,diagnosis,,mobile
1551843768516,enter,b1296,diagnosis,,mobile
1551843788712,respond,q1296,diagnosis,c,mobile
1551843792581,submit,b1296,diagnosis,,mobile
1551843792634,enter,b3139,diagnosis,,mobile
1551843822397,respond,q4607,diagnosis,a,mobile
1551843827101,submit,b3139,diagnosis,,mobile
1551843827153,enter,b2646,diagnosis,,mobile
1551843851994,respond,q4114,diagnosis,b,mobile
1551843855190,submit,b2646,diagnosis,,mobile
