timestamp,action_type,item_id,source,user_answer,platform
1552035454680,enter,b3360,diagnosis,,mobile
1552035481692,respond,q4828,diagnosis,a,mobile
1552035492572,submit,b3360,diagnosis,,mobile
1552035492656,enter,b3417,diagnosis,,mobile
1552035510570,respond,q4885,diagnosis,b,mobile
1552035515325,submit,b3417,diagnosis,,mobile
1552035515379,enter,b4480,diagnosis,,mobile
1552035548019,respond,q5948,diagnosis,d,mobile
1552035561093,respond,q5948,diagnosis,a,mobile
1552035563630,respond,q5948,diagnosis,b,mobile
1552035575927,respond,q5948,diagnosis,a,mobile
1552035577587,respond,q5948,diagnosis,b,mobile
1552035584894,submit,b4480,diagnosis,,mobile
1552035584953,enter,b4091,diagnosis,,mobile
1552035605938,respond,q5559,diagnosis,c,mobile
1552035615752,submit,b4091,diagnosis,,mobile
1552035615821,enter,b5547,diagnosis,,mobile
1552035620549,submit,b5547,diagnosis,,mobile
1552035643630,enter,b5547,diagnosis,,mobile
1552035653875,respond,q8076,diagnosis,a,mobile
1552035666149,respond,q8076,diagnosis,d,mobile
1552035670503,submit,b5547,diagnosis,,mobile
