timestamp,action_type,item_id,source,user_answer,platform
1552552154234,enter,b2707,diagnosis,,mobile
1552552187080,respond,q4175,diagnosis,a,mobile
1552552192814,submit,b2707,diagnosis,,mobile
1552552192898,enter,b2175,diagnosis,,mobile
1552552213082,respond,q3643,diagnosis,d,mobile
1552552217623,submit,b2175,diagnosis,,mobile
1552552217687,enter,b388,diagnosis,,mobile
1552552233799,respond,q388,diagnosis,c,mobile
1552552241696,submit,b388,diagnosis,,mobile
1552552241742,enter,b5556,diagnosis,,mobile
1552552266611,respond,q8085,diagnosis,a,mobile
1552552272921,submit,b5556,diagnosis,,mobile
1552552272984,enter,b4775,diagnosis,,mobile
1552552294915,respond,q6243,diagnosis,d,mobile
1552552297034,respond,q6243,diagnosis,c,mobile
1552552305915,submit,b4775,diagnosis,,mobile
1552552305961,enter,b383,diagnosis,,mobile
1552552321905,respond,q383,diagnosis,b,mobile
1552552332450,submit,b383,diagnosis,,mobile
