timestamp,action_type,item_id,source,user_answer,platform
1552740572842,enter,b4705,diagnosis,,mobile
1552740598170,respond,q6173,diagnosis,a,mobile
1552740604242,submit,b4705,diagnosis,,mobile
1552740604320,enter,b298,diagnosis,,mobile
1552740615845,submit,b298,diagnosis,,mobile
1552740618751,enter,b298,diagnosis,,mobile
1552740628436,respond,q298,diagnosis,a,mobile
1552740632880,submit,b298,diagnosis,,mobile
1552740632970,enter,b377,diagnosis,,mobile
1552740649296,respond,q377,diagnosis,b,mobile
1552740653545,submit,b377,diagnosis,,mobile
1552740653617,enter,b3595,diagnosis,,mobile
1552740666577,respond,q5063,diagnosis,b,mobile
1552740670551,submit,b3595,diagnosis,,mobile
1552740670614,enter,b6931,diagnosis,,mobile
1552740685774,respond,q9580,diagnosis,b,mobile
1552740689892,submit,b6931,diagnosis,,mobile
1552740689951,enter,b743,diagnosis,,mobile
1552740701761,submit,b743,diagnosis,,mobile
