timestamp,action_type,item_id,source,user_answer,platform
1553004810686,enter,b2273,diagnosis,,mobile
1553004873304,respond,q3741,diagnosis,b,mobile
1553004878712,submit,b2273,diagnosis,,mobile
1553004878800,enter,b111,diagnosis,,mobile
1553004906864,respond,q111,diagnosis,d,mobile
1553004913983,respond,q111,diagnosis,a,mobile
1553004915350,respond,q111,diagnosis,d,mobile
1553004916201,respond,q111,diagnosis,a,mobile
1553004921259,submit,b111,diagnosis,,mobile
1553004921311,enter,b6931,diagnosis,,mobile
1553004945055,respond,q9580,diagnosis,b,mobile
1553004951740,submit,b6931,diagnosis,,mobile
1553004951773,enter,b4209,diagnosis,,mobile
1553004976801,respond,q5677,diagnosis,b,mobile
1553004983716,submit,b4209,diagnosis,,mobile
1553004983768,enter,b4252,diagnosis,,mobile
1553005074372,respond,q5720,diagnosis,b,mobile
1553005081593,submit,b4252,diagnosis,,mobile
1553005081637,enter,b7378,diagnosis,,mobile
1553005129464,respond,q10027,diagnosis,c,mobile
1553005137435,submit,b7378,diagnosis,,mobile
1553005137469,enter,b4978,diagnosis,,mobile
1553005198065,respond,q6446,diagnosis,b,mobile
1553005205568,submit,b4978,diagnosis,,mobile
1553043199244,enter,b945,sprint,,mobile
1553043221301,submit,b945,sprint,,mobile
1553043231575,enter,b945,sprint,,mobile
1553043249037,respond,q945,sprint,a,mobile
1553043256891,submit,b945,sprint,,mobile
1553043323152,enter,b647,sprint,,mobile
1553043343076,respond,q647,sprint,c,mobile
1553043347789,submit,b647,sprint,,mobile
1553043379412,enter,b1341,sprint,,mobile
1553043397835,respond,q1341,sprint,c,mobile
1553043402750,submit,b1341,sprint,,mobile
1553043455843,enter,b8312,sprint,,mobile
1553043477666,respond,q11259,sprint,c,mobile
1553043481402,submit,b8312,sprint,,mobile
1553043511928,enter,b955,sprint,,mobile
1553043536165,respond,q955,sprint,a,mobile
1553043539821,submit,b955,sprint,,mobile
1553043596409,enter,b1108,sprint,,mobile
1553043615324,respond,q1108,sprint,b,mobile
1553043619314,submit,b1108,sprint,,mobile
1553043678409,enter,b1275,sprint,,mobile
1553043696282,respond,q1275,sprint,c,mobile
1553043700474,submit,b1275,sprint,,mobile
1553043752846,enter,b8314,sprint,,mobile
1553043774284,respond,q11261,sprint,a,mobile
1553043780240,submit,b8314,sprint,,mobile
1553043932181,enter,b8314,sprint,,mobile
1553043957047,submit,b8314,sprint,,mobile
1553043957114,enter,b1129,sprint,,mobile
1553043977182,respond,q1129,sprint,c,mobile
1553043980748,submit,b1129,sprint,,mobile
1553044116475,enter,b1129,sprint,,mobile
1553044162660,submit,b1129,sprint,,mobile
1553044162732,enter,b993,sprint,,mobile
1553044186255,respond,q993,sprint,a,mobile
1553044189568,submit,b993,sprint,,mobile
