timestamp,action_type,item_id,source,user_answer,platform
1552989696001,enter,b3516,diagnosis,,mobile
1552989711069,respond,q4984,diagnosis,c,mobile
1552989716716,submit,b3516,diagnosis,,mobile
1552989716783,enter,b3715,diagnosis,,mobile
1552989724705,respond,q5183,diagnosis,c,mobile
1552989729506,submit,b3715,diagnosis,,mobile
1552989729569,enter,b4672,diagnosis,,mobile
1552989739625,respond,q6140,diagnosis,a,mobile
1552989745641,submit,b4672,diagnosis,,mobile
1552989745747,enter,b4179,diagnosis,,mobile
1552989764385,respond,q5647,diagnosis,d,mobile
1552989768469,submit,b4179,diagnosis,,mobile
1552989768528,enter,b2557,diagnosis,,mobile
1552989790238,respond,q4025,diagnosis,c,mobile
1552989792044,respond,q4025,diagnosis,d,mobile
1552989800024,submit,b2557,diagnosis,,mobile
1552989800079,enter,b4426,diagnosis,,mobile
1552989817431,respond,q5894,diagnosis,c,mobile
1552989821427,submit,b4426,diagnosis,,mobile
1552989821516,enter,b4914,diagnosis,,mobile
1552989835540,respond,q6382,diagnosis,a,mobile
1552989839115,respond,q6382,diagnosis,b,mobile
1552989847764,submit,b4914,diagnosis,,mobile
1552989847824,enter,b3840,diagnosis,,mobile
1552989864782,respond,q5308,diagnosis,d,mobile
1552989870777,submit,b3840,diagnosis,,mobile
