timestamp,action_type,item_id,source,user_answer,platform
1554088804145,enter,b2232,diagnosis,,mobile
1554088822287,respond,q3700,diagnosis,b,mobile
1554088827626,submit,b2232,diagnosis,,mobile
1554088827707,enter,b1065,diagnosis,,mobile
1554088849754,respond,q1065,diagnosis,b,mobile
1554088854530,submit,b1065,diagnosis,,mobile
1554088854614,enter,b6931,diagnosis,,mobile
1554088874627,respond,q9580,diagnosis,a,mobile
1554088880782,submit,b6931,diagnosis,,mobile
1554088880853,enter,b61,diagnosis,,mobile
1554088909844,respond,q61,diagnosis,a,mobile
1554088915095,submit,b61,diagnosis,,mobile
1554088915182,enter,b307,diagnosis,,mobile
1554088933267,respond,q307,diagnosis,c,mobile
1554088937491,submit,b307,diagnosis,,mobile
1554088937561,enter,b326,diagnosis,,mobile
1554088958122,respond,q326,diagnosis,c,mobile
1554088963904,submit,b326,diagnosis,,mobile
