timestamp,action_type,item_id,source,user_answer,platform
1554139241302,enter,b3829,diagnosis,,mobile
1554139256477,respond,q5297,diagnosis,a,mobile
1554139265729,submit,b3829,diagnosis,,mobile
1554139265792,enter,b146,diagnosis,,mobile
1554139301872,respond,q146,diagnosis,b,mobile
1554139309673,submit,b146,diagnosis,,mobile
1554139309731,enter,b2577,diagnosis,,mobile
1554139347308,respond,q4045,diagnosis,a,mobile
1554139351656,respond,q4045,diagnosis,d,mobile
1554139364699,submit,b2577,diagnosis,,mobile
1554139364769,enter,b176,diagnosis,,mobile
1554139396460,respond,q176,diagnosis,b,mobile
1554139404608,submit,b176,diagnosis,,mobile
1554139404659,enter,b2840,diagnosis,,mobile
1554139407235,respond,q4308,diagnosis,a,mobile
1554139463386,respond,q4308,diagnosis,a,mobile
1554139469217,submit,b2840,diagnosis,,mobile
1554139469269,enter,b4782,diagnosis,,mobile
1554139485316,respond,q6250,diagnosis,b,mobile
1554139497643,submit,b4782,diagnosis,,mobile
1554139497707,enter,b4975,diagnosis,,mobile
1554139521171,respond,q6443,diagnosis,d,mobile
1554139533328,submit,b4975,diagnosis,,mobile
1556464558993,enter,b5211,sprint,,mobile
1556464682681,respond,q6940,sprint,b,mobile
1556464693592,submit,b5211,sprint,,mobile
1556464753920,enter,b5218,sprint,,mobile
1556464996512,submit,b5218,sprint,,mobile
1556472585371,enter,b238,sprint,,mobile
1556472610896,respond,q238,sprint,b,mobile
1556472618468,submit,b238,sprint,,mobile
1556472630101,enter,b317,sprint,,mobile
1556472647205,respond,q317,sprint,a,mobile
1556472652752,submit,b317,sprint,,mobile
1556472706162,enter,b737,sprint,,mobile
1556472724123,respond,q737,sprint,c,mobile
1556472757412,submit,b737,sprint,,mobile
1556506208497,enter,b8314,sprint,,mobile
1556506233784,respond,q11261,sprint,b,mobile
1556506238446,submit,b8314,sprint,,mobile
1556506262851,enter,b1394,sprint,,mobile
1556506296356,submit,b1394,sprint,,mobile
1556818317408,enter,b1394,sprint,,mobile
1556818335286,respond,q1394,sprint,b,mobile
1556818339751,submit,b1394,sprint,,mobile
1556818358836,enter,b912,sprint,,mobile
1556818374609,respond,q912,sprint,c,mobile
1556818378415,submit,b912,sprint,,mobile
1556818391479,enter,b1024,sprint,,mobile
1556818400844,respond,q1024,sprint,a,mobile
1556818411095,submit,b1024,sprint,,mobile
1556818420375,enter,b8315,sprint,,mobile
1556818424222,submit,b8315,sprint,,mobile
1556963525009,enter,b370,sprint,,mobile
1556963543781,respond,q370,sprint,c,mobile
1556963548308,submit,b370,sprint,,mobile
1556963570295,enter,b802,sprint,,mobile
1556963583896,respond,q802,sprint,b,mobile
1556963589465,submit,b802,sprint,,mobile
1556963606382,enter,b223,sprint,,mobile
1556963623635,respond,q223,sprint,b,mobile
1556963627667,submit,b223,sprint,,mobile
1556963647870,enter,b8316,sprint,,mobile
1556963668863,respond,q11263,sprint,b,mobile
1556963673462,submit,b8316,sprint,,mobile
1556963701153,enter,b661,sprint,,mobile
1556963721013,respond,q661,sprint,b,mobile
1556963725373,submit,b661,sprint,,mobile
1556964773513,enter,b255,sprint,,mobile
1556964794323,respond,q255,sprint,a,mobile
1556964799639,submit,b255,sprint,,mobile
1556964852724,enter,b1170,sprint,,mobile
1556964874262,respond,q1170,sprint,a,mobile
1556964879896,submit,b1170,sprint,,mobile
1556964888716,enter,b295,sprint,,mobile
1556964910827,submit,b295,sprint,,mobile
1556964968526,enter,b295,sprint,,mobile
1556964972490,respond,q295,sprint,c,mobile
1556964977342,submit,b295,sprint,,mobile
1556965023348,enter,b473,sprint,,mobile
1556965045622,respond,q473,sprint,b,mobile
1556965052712,submit,b473,sprint,,mobile
1569369454775,enter,b3576,sprint,,mobile
1569369460821,respond,q5044,sprint,d,mobile
1569369463979,submit,b3576,sprint,,mobile
1569369474295,enter,b3073,sprint,,mobile
1569369488946,respond,q4541,sprint,b,mobile
1569369493174,submit,b3073,sprint,,mobile
1569369504642,enter,b2444,sprint,,mobile
1569369523641,respond,q3912,sprint,c,mobile
1569369527515,submit,b2444,sprint,,mobile
1569369535668,enter,b7334,sprint,,mobile
1569369543221,respond,q9983,sprint,b,mobile
1569369546388,submit,b7334,sprint,,mobile
1569369554341,enter,b3124,sprint,,mobile
1569369579325,respond,q4592,sprint,a,mobile
1569369583931,submit,b3124,sprint,,mobile
1569369592890,enter,b4018,sprint,,mobile
1569369603651,respond,q5486,sprint,c,mobile
1569369606994,submit,b4018,sprint,,mobile
1569369615492,enter,b2572,sprint,,mobile
1569369649961,respond,q4040,sprint,b,mobile
1569369654163,submit,b2572,sprint,,mobile
1569369696325,enter,b11514,sprint,,mobile
1569369706770,respond,q17277,sprint,c,mobile
1569369709896,submit,b11514,sprint,,mobile
1569369717604,enter,b4717,sprint,,mobile
1569369729326,respond,q6185,sprint,b,mobile
1569369734936,submit,b4717,sprint,,mobile
1569369774218,enter,b6982,sprint,,mobile
1569369791051,respond,q9631,sprint,b,mobile
1569369796329,submit,b6982,sprint,,mobile
