timestamp,action_type,item_id,source,user_answer,platform
1554870818859,enter,b4260,diagnosis,,mobile
1554870834661,respond,q5728,diagnosis,d,mobile
1554870839714,submit,b4260,diagnosis,,mobile
1554870839810,enter,b5639,diagnosis,,mobile
1554870860920,respond,q8168,diagnosis,b,mobile
1554870865718,submit,b5639,diagnosis,,mobile
1554870865792,enter,b2656,diagnosis,,mobile
1554870884507,respond,q4124,diagnosis,a,mobile
1554870889541,submit,b2656,diagnosis,,mobile
1554870889602,enter,b3799,diagnosis,,mobile
1554870913002,respond,q5267,diagnosis,b,mobile
1554870915373,submit,b3799,diagnosis,,mobile
1554872416616,enter,b3799,diagnosis,,mobile
1554872430302,respond,q5267,diagnosis,d,mobile
1554872436276,submit,b3799,diagnosis,,mobile
1554872436404,enter,b2320,diagnosis,,mobile
1554872452208,respond,q3788,diagnosis,b,mobile
1554872456641,submit,b2320,diagnosis,,mobile
1554872456702,enter,b2832,diagnosis,,mobile
1554872488556,respond,q4300,diagnosis,d,mobile
1554872492457,submit,b2832,diagnosis,,mobile
1554872492519,enter,b3833,diagnosis,,mobile
1554872511493,respond,q5301,diagnosis,b,mobile
1554872518601,submit,b3833,diagnosis,,mobile
1554873596084,enter,b2460,sprint,,mobile
1554873606605,respond,q3928,sprint,b,mobile
1554873610217,submit,b2460,sprint,,mobile
1554873637938,enter,b2698,sprint,,mobile
1554873647053,respond,q4166,sprint,c,mobile
1554873650279,submit,b2698,sprint,,mobile
1554873966131,enter,b4117,sprint,,mobile
1554873980505,respond,q5585,sprint,a,mobile
1554873985355,submit,b4117,sprint,,mobile
