timestamp,action_type,item_id,source,user_answer,platform
1555034014836,enter,b6982,diagnosis,,mobile
1555034080440,respond,q9631,diagnosis,a,mobile
1555034086042,submit,b6982,diagnosis,,mobile
1555034086133,enter,b3613,diagnosis,,mobile
1555034103798,respond,q5081,diagnosis,a,mobile
1555034109188,submit,b3613,diagnosis,,mobile
1555034109296,enter,b4577,diagnosis,,mobile
1555034130499,respond,q6045,diagnosis,a,mobile
1555034134685,submit,b4577,diagnosis,,mobile
1555034134795,enter,b3361,diagnosis,,mobile
1555034150235,respond,q4829,diagnosis,c,mobile
1555034155871,submit,b3361,diagnosis,,mobile
1555034155956,enter,b4974,diagnosis,,mobile
1555034174444,respond,q6442,diagnosis,b,mobile
1555034179325,submit,b4974,diagnosis,,mobile
1555034179437,enter,b2823,diagnosis,,mobile
1555034197595,respond,q4291,diagnosis,b,mobile
1555034203601,submit,b2823,diagnosis,,mobile
1555034203694,enter,b3916,diagnosis,,mobile
1555034234269,respond,q5384,diagnosis,c,mobile
1555034240569,submit,b3916,diagnosis,,mobile
1555035035555,respond,q6188,sprint,c,mobile
1555035036082,respond,q6188,sprint,b,mobile
1555035087012,enter,b2853,sprint,,mobile
1555035111113,respond,q4321,sprint,a,mobile
1555035111812,respond,q4321,sprint,c,mobile
1555035117216,submit,b2853,sprint,,mobile
1555035131557,enter,b3682,sprint,,mobile
1555035149775,respond,q5150,sprint,c,mobile
1555035154509,submit,b3682,sprint,,mobile
1555035529825,enter,b7286,sprint,,mobile
1555035590364,respond,q9935,sprint,c,mobile
1555035593714,submit,b7286,sprint,,mobile
1555035603905,enter,b2588,sprint,,mobile
1555035611737,respond,q4056,sprint,a,mobile
1555035615114,submit,b2588,sprint,,mobile
1555035635085,enter,b3841,sprint,,mobile
1555035653009,respond,q5309,sprint,d,mobile
1555035656061,submit,b3841,sprint,,mobile
1555035676947,enter,b2780,sprint,,mobile
1555035687790,respond,q4248,sprint,d,mobile
1555035691710,submit,b2780,sprint,,mobile
1555035701724,enter,b6413,sprint,,mobile
1555035719348,respond,q9062,sprint,b,mobile
1555035722540,submit,b6413,sprint,,mobile
1555035755482,enter,b3577,sprint,,mobile
1555035770329,respond,q5045,sprint,b,mobile
1555035771910,respond,q5045,sprint,c,mobile
1555035776096,submit,b3577,sprint,,mobile
1555035784888,enter,b4017,sprint,,mobile
1555035787895,respond,q5485,sprint,b,mobile
1555035790931,submit,b4017,sprint,,mobile
1555045163855,enter,b503,sprint,,mobile
1555045189683,respond,q503,sprint,c,mobile
1555045193397,submit,b503,sprint,,mobile
1555045222943,enter,b663,sprint,,mobile
1555045241746,respond,q663,sprint,b,mobile
1555045245075,submit,b663,sprint,,mobile
1555045272261,enter,b1010,sprint,,mobile
1555045286031,respond,q1010,sprint,a,mobile
1555045290134,submit,b1010,sprint,,mobile
1555045298250,enter,b8312,sprint,,mobile
1555045319368,respond,q11259,sprint,c,mobile
1555045322507,submit,b8312,sprint,,mobile
1555045377763,enter,b395,sprint,,mobile
1555045390934,respond,q395,sprint,b,mobile
1555045397442,submit,b395,sprint,,mobile
