timestamp,action_type,item_id,source,user_answer,platform
1555891057177,enter,b2975,diagnosis,,mobile
1555891065377,respond,q4443,diagnosis,d,mobile
1555891071598,submit,b2975,diagnosis,,mobile
1555891071677,enter,b2913,diagnosis,,mobile
1555891085359,respond,q4381,diagnosis,b,mobile
1555891089809,submit,b2913,diagnosis,,mobile
1555891089892,enter,b2557,diagnosis,,mobile
1555891108027,respond,q4025,diagnosis,c,mobile
1555891113240,submit,b2557,diagnosis,,mobile
1555891113345,enter,b2165,diagnosis,,mobile
1555891134503,respond,q3633,diagnosis,b,mobile
1555891138725,submit,b2165,diagnosis,,mobile
1555891138818,enter,b6046,diagnosis,,mobile
1555891158547,respond,q8695,diagnosis,c,mobile
1555891161262,respond,q8695,diagnosis,d,mobile
1555891167178,submit,b6046,diagnosis,,mobile
1555891167273,enter,b3450,diagnosis,,mobile
1555891181670,respond,q4918,diagnosis,c,mobile
1555891192813,submit,b3450,diagnosis,,mobile
1555891192892,enter,b2591,diagnosis,,mobile
1555891220201,respond,q4059,diagnosis,c,mobile
1555891224447,submit,b2591,diagnosis,,mobile
1555891224537,enter,b3667,diagnosis,,mobile
1555891237889,respond,q5135,diagnosis,d,mobile
1555891244217,submit,b3667,diagnosis,,mobile
1555891244303,enter,b5781,diagnosis,,mobile
1555891254917,respond,q8430,diagnosis,b,mobile
1555891261354,submit,b5781,diagnosis,,mobile
1555894305749,enter,b3008,sprint,,mobile
1555894312267,respond,q4476,sprint,c,mobile
1555894319050,submit,b3008,sprint,,mobile
1555894332052,enter,b3937,sprint,,mobile
1555894350974,respond,q5405,sprint,b,mobile
1555894354840,submit,b3937,sprint,,mobile
1555894396265,enter,b5768,sprint,,mobile
1555894411606,respond,q8417,sprint,d,mobile
1555894423858,submit,b5768,sprint,,mobile
1555894433055,enter,b6254,sprint,,mobile
1555894451569,respond,q8903,sprint,c,mobile
1555894456783,submit,b6254,sprint,,mobile
1555894472830,enter,b6017,sprint,,mobile
1555894498136,respond,q8666,sprint,b,mobile
1555894507821,submit,b6017,sprint,,mobile
1555894519918,enter,b4600,sprint,,mobile
1555894548041,respond,q6068,sprint,c,mobile
1555894555970,submit,b4600,sprint,,mobile
1555894581494,enter,b2639,sprint,,mobile
1555894604097,respond,q4107,sprint,a,mobile
1555894607142,respond,q4107,sprint,b,mobile
1555894615375,respond,q4107,sprint,a,mobile
1555894624223,submit,b2639,sprint,,mobile
1555894644358,enter,b6264,sprint,,mobile
1555894669773,respond,q8913,sprint,a,mobile
1555894675425,submit,b6264,sprint,,mobile
1555894685749,enter,b3005,sprint,,mobile
1555894705611,respond,q4473,sprint,a,mobile
1555894712324,submit,b3005,sprint,,mobile
1555894729895,enter,b4194,sprint,,mobile
1555894758606,respond,q5662,sprint,c,mobile
1555894767341,submit,b4194,sprint,,mobile
