timestamp,action_type,item_id,source,user_answer,platform
1555832001695,enter,b4072,diagnosis,,mobile
1555832039849,respond,q5540,diagnosis,b,mobile
1555832045187,submit,b4072,diagnosis,,mobile
1555832045295,enter,b3752,diagnosis,,mobile
1555832077357,respond,q5220,diagnosis,b,mobile
1555832081956,submit,b3752,diagnosis,,mobile
1555832082060,enter,b4577,diagnosis,,mobile
1555832132649,respond,q6045,diagnosis,b,mobile
1555832137340,submit,b4577,diagnosis,,mobile
1555832137427,enter,b3513,diagnosis,,mobile
1555832211062,respond,q4981,diagnosis,c,mobile
1555832218445,submit,b3513,diagnosis,,mobile
1555832218533,enter,b218,diagnosis,,mobile
1555832238102,respond,q218,diagnosis,a,mobile
1555832239912,respond,q218,diagnosis,b,mobile
1555832240299,respond,q218,diagnosis,c,mobile
1555832243151,respond,q218,diagnosis,b,mobile
1555832247247,submit,b218,diagnosis,,mobile
1555860836390,enter,b218,diagnosis,,mobile
1555860857346,respond,q218,diagnosis,a,mobile
1555860862918,submit,b218,diagnosis,,mobile
1555860863043,enter,b307,diagnosis,,mobile
1555860881380,respond,q307,diagnosis,b,mobile
1555860885652,submit,b307,diagnosis,,mobile
1555860885729,enter,b959,diagnosis,,mobile
1555860904655,respond,q959,diagnosis,c,mobile
1555860914790,submit,b959,diagnosis,,mobile
1555861064808,enter,b773,sprint,,mobile
1555861084233,respond,q773,sprint,b,mobile
1555861088901,submit,b773,sprint,,mobile
1555861185233,enter,b1316,sprint,,mobile
1555861203806,respond,q1316,sprint,c,mobile
1555861207593,submit,b1316,sprint,,mobile
1556355623334,enter,b174,sprint,,mobile
1556355651394,respond,q174,sprint,b,mobile
1556355659424,submit,b174,sprint,,mobile
1556355757988,enter,b119,sprint,,mobile
1556355785134,submit,b119,sprint,,mobile
1556355859696,enter,b187,sprint,,mobile
1556355885107,submit,b187,sprint,,mobile
1556355912098,enter,b8188,sprint,,mobile
1556355935064,submit,b8188,sprint,,mobile
1556355989308,enter,b5634,sprint,,mobile
1556356003667,respond,q8163,sprint,b,mobile
1556356010621,respond,q8163,sprint,b,mobile
1556356014513,submit,b5634,sprint,,mobile
1556356059322,enter,b5520,sprint,,mobile
1556356080538,respond,q8049,sprint,d,mobile
1556356084894,submit,b5520,sprint,,mobile
1556356157346,enter,b5532,sprint,,mobile
1556356182152,submit,b5532,sprint,,mobile
1556356268136,enter,b8023,sprint,,mobile
1556356290037,respond,q10970,sprint,c,mobile
1556356293663,submit,b8023,sprint,,mobile
1556356381277,enter,b131,sprint,,mobile
1556356405944,respond,q131,sprint,d,mobile
1556356409481,submit,b131,sprint,,mobile
1556356493905,enter,b131,adaptive_offer,,mobile
1556356515675,respond,q131,adaptive_offer,c,mobile
1556356519385,submit,b131,adaptive_offer,,mobile
1556356561177,enter,b103,sprint,,mobile
1556356585258,respond,q103,sprint,a,mobile
1556356590326,submit,b103,sprint,,mobile
