timestamp,action_type,item_id,source,user_answer,platform
1556044116802,enter,b4014,diagnosis,,mobile
1556044146834,respond,q5482,diagnosis,b,mobile
1556044152393,submit,b4014,diagnosis,,mobile
1556044152484,enter,b2711,diagnosis,,mobile
1556044161458,respond,q4179,diagnosis,a,mobile
1556044166307,submit,b2711,diagnosis,,mobile
1556044166396,enter,b4480,diagnosis,,mobile
1556044184996,respond,q5948,diagnosis,b,mobile
1556044191684,submit,b4480,diagnosis,,mobile
1556044191770,enter,b3787,diagnosis,,mobile
1556044198842,respond,q5255,diagnosis,c,mobile
1556044204153,submit,b3787,diagnosis,,mobile
1556044204233,enter,b3953,diagnosis,,mobile
1556044219965,respond,q5421,diagnosis,c,mobile
1556044224975,submit,b3953,diagnosis,,mobile
1556044225065,enter,b4700,diagnosis,,mobile
1556044243820,respond,q6168,diagnosis,d,mobile
1556044250805,submit,b4700,diagnosis,,mobile
