timestamp,action_type,item_id,source,user_answer,platform
1556198172566,enter,b2379,diagnosis,,mobile
1556198192079,respond,q3847,diagnosis,d,mobile
1556198199188,submit,b2379,diagnosis,,mobile
1556198199296,enter,b5792,diagnosis,,mobile
1556198212923,respond,q8441,diagnosis,a,mobile
1556198217863,submit,b5792,diagnosis,,mobile
1556198217937,enter,b5009,diagnosis,,mobile
1556198226810,respond,q6477,diagnosis,d,mobile
1556198231446,submit,b5009,diagnosis,,mobile
1556198231519,enter,b4577,diagnosis,,mobile
1556198238712,respond,q6045,diagnosis,b,mobile
1556198244167,submit,b4577,diagnosis,,mobile
1556198244234,enter,b4990,diagnosis,,mobile
1556198248212,respond,q6458,diagnosis,d,mobile
1556198253567,submit,b4990,diagnosis,,mobile
1556198253611,enter,b3141,diagnosis,,mobile
1556198255615,respond,q4609,diagnosis,c,mobile
1556198259946,submit,b3141,diagnosis,,mobile
