timestamp,action_type,item_id,source,user_answer,platform
1556989601380,enter,b4700,diagnosis,,mobile
1556989623021,respond,q6168,diagnosis,a,mobile
1556989627740,submit,b4700,diagnosis,,mobile
1556989627801,enter,b4056,diagnosis,,mobile
1556989638832,respond,q5524,diagnosis,a,mobile
1556989643300,submit,b4056,diagnosis,,mobile
1556989643358,enter,b4195,diagnosis,,mobile
1556989680610,respond,q5663,diagnosis,b,mobile
1556989684974,submit,b4195,diagnosis,,mobile
1556989685009,enter,b5137,diagnosis,,mobile
1556989725908,respond,q6731,diagnosis,b,mobile
1556989730551,submit,b5137,diagnosis,,mobile
1556989730604,enter,b2823,diagnosis,,mobile
1556989752110,respond,q4291,diagnosis,b,mobile
1556989756868,submit,b2823,diagnosis,,mobile
1556989756902,enter,b4288,diagnosis,,mobile
1556989785985,respond,q5756,diagnosis,d,mobile
1556989790338,submit,b4288,diagnosis,,mobile
1556989790383,enter,b3361,diagnosis,,mobile
1556989819394,respond,q4829,diagnosis,c,mobile
1556989825119,submit,b3361,diagnosis,,mobile
1556990397111,enter,b223,sprint,,mobile
1556990408539,submit,b223,sprint,,mobile
1556990414188,enter,b223,sprint,,mobile
1556990429189,respond,q223,sprint,b,mobile
1556990434232,submit,b223,sprint,,mobile
1556990455768,enter,b1086,sprint,,mobile
1556990472417,respond,q1086,sprint,b,mobile
1556990476717,submit,b1086,sprint,,mobile
1556990497153,enter,b438,sprint,,mobile
1556990515252,respond,q438,sprint,c,mobile
1556990527727,submit,b438,sprint,,mobile
1556990582331,enter,b8314,sprint,,mobile
1556990603354,respond,q11261,sprint,c,mobile
1556990608515,submit,b8314,sprint,,mobile
1556990685562,enter,b1245,sprint,,mobile
1556990703506,respond,q1245,sprint,c,mobile
1556990708867,submit,b1245,sprint,,mobile
1556990721601,enter,b480,sprint,,mobile
1556990743139,respond,q480,sprint,c,mobile
1556990746660,submit,b480,sprint,,mobile
1556990788059,enter,b1099,sprint,,mobile
1556990806680,respond,q1099,sprint,b,mobile
1556990813005,submit,b1099,sprint,,mobile
1556990832713,enter,b8316,sprint,,mobile
1556990851740,respond,q11263,sprint,a,mobile
1556990855503,submit,b8316,sprint,,mobile
1556990904185,enter,b782,sprint,,mobile
1556990919895,respond,q782,sprint,c,mobile
1556990923809,submit,b782,sprint,,mobile
1556990943821,enter,b1050,sprint,,mobile
1556990960335,respond,q1050,sprint,b,mobile
1556990964413,submit,b1050,sprint,,mobile
1557114796837,enter,b782,review_quiz,,mobile
1557114814389,respond,q782,review_quiz,b,mobile
1557114818623,submit,b782,review_quiz,,mobile
1557114956298,enter,b782,review_quiz,,mobile
1557114966895,submit,b782,review_quiz,,mobile
1557114966995,enter,b8316,review_quiz,,mobile
1557114985344,respond,q11263,review_quiz,b,mobile
1557114989516,submit,b8316,review_quiz,,mobile
1557115280279,enter,b1086,review_quiz,,mobile
1557115295871,respond,q1086,review_quiz,b,mobile
1557115300611,submit,b1086,review_quiz,,mobile
1557115320520,enter,b4288,review_quiz,,mobile
1557115331710,respond,q5756,review_quiz,b,mobile
1557115337671,submit,b4288,review_quiz,,mobile
1557115347299,enter,b1245,review_quiz,,mobile
1557115365001,respond,q1245,review_quiz,b,mobile
1557115368100,submit,b1245,review_quiz,,mobile
1557115405923,enter,b4700,review_quiz,,mobile
1557115415883,respond,q6168,review_quiz,a,mobile
1557115419594,submit,b4700,review_quiz,,mobile
1557123042906,enter,b223,review_quiz,,mobile
1557123056718,respond,q223,review_quiz,b,mobile
1557123060402,submit,b223,review_quiz,,mobile
1557123064721,enter,b1050,review_quiz,,mobile
1557123079916,respond,q1050,review_quiz,a,mobile
1557123083439,submit,b1050,review_quiz,,mobile
1557123100662,enter,b2823,review_quiz,,mobile
1557123109632,respond,q4291,review_quiz,a,mobile
1557123126401,respond,q4291,review_quiz,b,mobile
1557123129930,submit,b2823,review_quiz,,mobile
1557123189339,enter,b3361,review_quiz,,mobile
1557123197536,respond,q4829,review_quiz,c,mobile
1557123200815,submit,b3361,review_quiz,,mobile
1557123206958,enter,b480,review_quiz,,mobile
1557123225141,respond,q480,review_quiz,a,mobile
1557123229361,submit,b480,review_quiz,,mobile
1557123271404,enter,b438,review_quiz,,mobile
1557123290581,respond,q438,review_quiz,a,mobile
1557123295811,submit,b438,review_quiz,,mobile
1557159754350,enter,b5137,review_quiz,,mobile
1557159779715,respond,q6731,review_quiz,c,mobile
1557159785728,submit,b5137,review_quiz,,mobile
1557159800802,enter,b4056,review_quiz,,mobile
1557159810271,respond,q5524,review_quiz,a,mobile
1557159813484,submit,b4056,review_quiz,,mobile
1557159936494,enter,b5633,sprint,,mobile
1557159991502,submit,b5633,sprint,,mobile
1557160270829,enter,b5633,sprint,,mobile
1557160286049,submit,b5633,sprint,,mobile
1557160295260,enter,b5633,sprint,,mobile
1557160325415,respond,q8162,sprint,b,mobile
1557160329089,submit,b5633,sprint,,mobile
1557160356868,enter,b190,sprint,,mobile
1557160380006,respond,q190,sprint,a,mobile
1557160383697,submit,b190,sprint,,mobile
1557160406527,enter,b5643,sprint,,mobile
1557160429956,respond,q8172,sprint,a,mobile
1557160433768,submit,b5643,sprint,,mobile
1557160458208,enter,b8154,sprint,,mobile
1557160477100,respond,q11101,sprint,c,mobile
1557160482382,submit,b8154,sprint,,mobile
1557160495617,enter,b3,sprint,,mobile
1557160519466,respond,q3,sprint,c,mobile
1557160522733,submit,b3,sprint,,mobile
1557160546511,enter,b111,sprint,,mobile
1557160573649,respond,q111,sprint,c,mobile
1557160577201,submit,b111,sprint,,mobile
1557160600800,enter,b5652,sprint,,mobile
1557160625807,respond,q8181,sprint,c,mobile
1557160630250,submit,b5652,sprint,,mobile
1557160714785,enter,b3,adaptive_offer,,mobile
1557160719291,respond,q3,adaptive_offer,a,mobile
1557160727506,respond,q3,adaptive_offer,b,mobile
1557160740324,submit,b3,adaptive_offer,,mobile
1557160744641,enter,b5652,adaptive_offer,,mobile
1557160769709,respond,q8181,adaptive_offer,a,mobile
1557160774314,submit,b5652,adaptive_offer,,mobile
1557160808346,enter,b8048,sprint,,mobile
1557160828248,respond,q10995,sprint,c,mobile
1557160834348,respond,q10995,sprint,c,mobile
1557160838210,submit,b8048,sprint,,mobile
1557160848392,enter,b184,sprint,,mobile
1557160870876,respond,q184,sprint,b,mobile
1557160874047,submit,b184,sprint,,mobile
1557160891400,enter,b135,sprint,,mobile
1557160915007,respond,q135,sprint,c,mobile
1557160918504,submit,b135,sprint,,mobile
1557160963093,enter,b171,sprint,,mobile
1557160984929,respond,q171,sprint,d,mobile
1557160988964,submit,b171,sprint,,mobile
1557161000267,enter,b8294,sprint,,mobile
1557161013966,respond,q11241,sprint,b,mobile
1557161026857,submit,b8294,sprint,,mobile
1557161033653,enter,b13,sprint,,mobile
1557161052350,respond,q13,sprint,c,mobile
1557161060343,submit,b13,sprint,,mobile
1557161099077,enter,b59,sprint,,mobile
1557161122536,respond,q59,sprint,d,mobile
1557161126568,submit,b59,sprint,,mobile
1557161185184,enter,b5532,sprint,,mobile
1557161197978,respond,q8061,sprint,b,mobile
1557161201948,submit,b5532,sprint,,mobile
1557161211713,enter,b8099,sprint,,mobile
1557161224648,respond,q11046,sprint,b,mobile
1557161227652,submit,b8099,sprint,,mobile
1557161254947,enter,b40,sprint,,mobile
1557161280094,respond,q40,sprint,b,mobile
1557161284498,submit,b40,sprint,,mobile
1557161309209,enter,b5567,sprint,,mobile
1557161334247,respond,q8096,sprint,d,mobile
1557161337746,submit,b5567,sprint,,mobile
1557161345944,enter,b181,sprint,,mobile
1557161367420,respond,q181,sprint,b,mobile
1557161370702,submit,b181,sprint,,mobile
1557161401159,enter,b8115,sprint,,mobile
1557161423702,respond,q11062,sprint,a,mobile
1557161428977,submit,b8115,sprint,,mobile
1557161444685,enter,b131,sprint,,mobile
1557161463169,respond,q131,sprint,c,mobile
1557161471062,submit,b131,sprint,,mobile
1557161475690,enter,b89,sprint,,mobile
1557161502383,submit,b89,sprint,,mobile
1557161509075,enter,b5614,sprint,,mobile
1557161531062,respond,q8143,sprint,c,mobile
1557161534801,submit,b5614,sprint,,mobile
1557161552906,enter,b8078,sprint,,mobile
1557161572065,respond,q11025,sprint,c,mobile
1557161580512,submit,b8078,sprint,,mobile
1557161587116,enter,b10,sprint,,mobile
1557161611740,respond,q10,sprint,b,mobile
1557161615550,submit,b10,sprint,,mobile
1557161725996,enter,b10,adaptive_offer,,mobile
1557161727734,submit,b10,adaptive_offer,,mobile
1557161727802,enter,b10,adaptive_offer,,mobile
1557161740768,respond,q10,adaptive_offer,a,mobile
1557161747335,submit,b10,adaptive_offer,,mobile
1557162647617,enter,b59,adaptive_offer,,mobile
1557162671495,respond,q59,adaptive_offer,b,mobile
1557162675982,submit,b59,adaptive_offer,,mobile
1557209434030,enter,b444,sprint,,mobile
1557209457237,respond,q444,sprint,b,mobile
1557209460548,submit,b444,sprint,,mobile
1557209483317,enter,b8315,sprint,,mobile
1557209501183,respond,q11262,sprint,a,mobile
1557209504867,submit,b8315,sprint,,mobile
1557209553352,enter,b694,sprint,,mobile
1557209579024,respond,q694,sprint,b,mobile
1557209582289,submit,b694,sprint,,mobile
1557209611836,enter,b986,sprint,,mobile
1557209629888,respond,q986,sprint,a,mobile
1557209633289,submit,b986,sprint,,mobile
1557209652794,enter,b1347,sprint,,mobile
1557209671043,respond,q1347,sprint,a,mobile
1557209674460,submit,b1347,sprint,,mobile
1557209713714,enter,b8302,sprint,,mobile
1557209739315,respond,q11249,sprint,a,mobile
1557209743017,submit,b8302,sprint,,mobile
1557209795123,enter,b1026,sprint,,mobile
1557209812739,respond,q1026,sprint,a,mobile
1557209816492,submit,b1026,sprint,,mobile
1557209849001,enter,b1261,sprint,,mobile
1557209867174,respond,q1261,sprint,b,mobile
1557209870644,submit,b1261,sprint,,mobile
1557209892502,enter,b799,sprint,,mobile
1557209905334,respond,q799,sprint,b,mobile
1557209910289,submit,b799,sprint,,mobile
1557209929563,enter,b295,sprint,,mobile
1557209946497,respond,q295,sprint,c,mobile
1557209951864,submit,b295,sprint,,mobile
1557245829302,enter,b4720,sprint,,mobile
1557245839732,respond,q6188,sprint,b,mobile
1557245843712,submit,b4720,sprint,,mobile
1557245870254,enter,b4688,sprint,,mobile
1557245893178,respond,q6156,sprint,c,mobile
1557245896645,submit,b4688,sprint,,mobile
1557245961522,enter,b2229,sprint,,mobile
1557245992125,respond,q3697,sprint,a,mobile
1557245995557,submit,b2229,sprint,,mobile
1557287109602,enter,b918,sprint,,mobile
1557287115052,submit,b918,sprint,,mobile
1557287118687,enter,b918,sprint,,mobile
1557287141343,respond,q918,sprint,b,mobile
1557287142664,respond,q918,sprint,c,mobile
1557287143634,respond,q918,sprint,b,mobile
1557287147640,submit,b918,sprint,,mobile
1557287184226,enter,b1114,sprint,,mobile
1557287202663,respond,q1114,sprint,c,mobile
1557287206619,submit,b1114,sprint,,mobile
1557287285961,enter,b1400,sprint,,mobile
1557287303369,respond,q1400,sprint,a,mobile
1557287307675,submit,b1400,sprint,,mobile
1557287334211,enter,b8312,sprint,,mobile
1557287357898,respond,q11259,sprint,b,mobile
1557287362724,submit,b8312,sprint,,mobile
1557287393615,enter,b459,sprint,,mobile
1557287411568,respond,q459,sprint,a,mobile
1557287416812,submit,b459,sprint,,mobile
1557287490598,enter,b726,sprint,,mobile
1557287509104,respond,q726,sprint,c,mobile
1557287512536,submit,b726,sprint,,mobile
1557287560980,enter,b1238,sprint,,mobile
1557287580162,respond,q1238,sprint,c,mobile
1557287585415,submit,b1238,sprint,,mobile
1557287628253,enter,b1365,sprint,,mobile
1557287645001,respond,q1365,sprint,b,mobile
1557287648760,submit,b1365,sprint,,mobile
1557287683226,enter,b1358,sprint,,mobile
1557287704836,respond,q1358,sprint,b,mobile
1557287708547,submit,b1358,sprint,,mobile
1557287731990,enter,b766,sprint,,mobile
1557287747021,respond,q766,sprint,a,mobile
1557287750783,submit,b766,sprint,,mobile
1557331022789,enter,b8314,review_quiz,,mobile
1557331047463,submit,b8314,review_quiz,,mobile
1557331169989,enter,b799,review_quiz,,mobile
1557331181634,respond,q799,review_quiz,b,mobile
1557331187438,submit,b799,review_quiz,,mobile
1557331206829,enter,b8048,review_quiz,,mobile
1557331230332,respond,q10995,review_quiz,c,mobile
1557331233727,submit,b8048,review_quiz,,mobile
1557331245757,enter,b1114,review_quiz,,mobile
1557331265688,submit,b1114,review_quiz,,mobile
1557331287330,enter,b986,review_quiz,,mobile
1557331309760,respond,q986,review_quiz,b,mobile
1557331314316,submit,b986,review_quiz,,mobile
1557331643357,enter,b190,review_quiz,,mobile
1557331671621,respond,q190,review_quiz,b,mobile
1557331672785,respond,q190,review_quiz,a,mobile
1557331676316,submit,b190,review_quiz,,mobile
1557331729387,enter,b5633,review_quiz,,mobile
1557331756777,respond,q8162,review_quiz,d,mobile
1557331761405,submit,b5633,review_quiz,,mobile
1557370345182,enter,b96,sprint,,mobile
1557370369195,respond,q96,sprint,a,mobile
1557370373217,submit,b96,sprint,,mobile
1557370714884,enter,b186,sprint,,mobile
1557370741545,submit,b186,sprint,,mobile
1557370785862,enter,b8001,sprint,,mobile
1557370803756,respond,q10948,sprint,c,mobile
1557370811873,submit,b8001,sprint,,mobile
1557372186173,enter,b66,sprint,,mobile
1557372342882,submit,b66,sprint,,mobile
1557372471081,enter,b66,sprint,,mobile
1557372490524,respond,q66,sprint,d,mobile
1557372494664,submit,b66,sprint,,mobile
1557372744283,enter,b66,sprint,,mobile
1557372769603,submit,b66,sprint,,mobile
1557372769684,enter,b5549,sprint,,mobile
1557372791341,respond,q8078,sprint,a,mobile
1557372795394,submit,b5549,sprint,,mobile
1557372802815,enter,b5594,sprint,,mobile
1557372812324,respond,q8123,sprint,a,mobile
1557372826984,respond,q8123,sprint,a,mobile
1557372829170,respond,q8123,sprint,c,mobile
1557372832681,submit,b5594,sprint,,mobile
1557372853738,enter,b8224,sprint,,mobile
1557372872286,respond,q11171,sprint,c,mobile
1557372875894,respond,q11171,sprint,d,mobile
1557372879279,submit,b8224,sprint,,mobile
1557372884328,enter,b5585,sprint,,mobile
1557372904682,respond,q8114,sprint,a,mobile
1557372908243,submit,b5585,sprint,,mobile
1557372916185,enter,b5557,sprint,,mobile
1557372940971,respond,q8086,sprint,c,mobile
1557372944101,submit,b5557,sprint,,mobile
1557374153228,enter,b151,sprint,,mobile
1557374175779,submit,b151,sprint,,mobile
1557374177835,enter,b151,sprint,,mobile
1557374180670,respond,q151,sprint,a,mobile
1557374184283,submit,b151,sprint,,mobile
1557374234737,enter,b8225,sprint,,mobile
1557374260578,submit,b8225,sprint,,mobile
1557374273602,enter,b8225,sprint,,mobile
1557375010793,submit,b8225,sprint,,mobile
1557376807458,enter,b167,sprint,,mobile
1557376836148,respond,q167,sprint,a,mobile
1557376837482,respond,q167,sprint,d,mobile
1557376838237,respond,q167,sprint,a,mobile
1557376841929,submit,b167,sprint,,mobile
1557376965753,enter,b195,sprint,,mobile
1557376986517,respond,q195,sprint,c,mobile
1557376990606,submit,b195,sprint,,mobile
1557386064403,enter,b2808,sprint,,mobile
1557386067184,respond,q4276,sprint,c,mobile
1557386070865,submit,b2808,sprint,,mobile
1557386078831,enter,b2550,sprint,,mobile
1557386092192,respond,q4018,sprint,a,mobile
1557386096477,submit,b2550,sprint,,mobile
1557386129454,enter,b3096,sprint,,mobile
1557386148234,respond,q4564,sprint,a,mobile
1557386153941,submit,b3096,sprint,,mobile
1557386167742,enter,b2472,sprint,,mobile
1557386179697,respond,q3940,sprint,d,mobile
1557386184242,submit,b2472,sprint,,mobile
1557386213716,enter,b2306,sprint,,mobile
1557386235156,respond,q3774,sprint,c,mobile
1557386251931,submit,b2306,sprint,,mobile
1557399834969,enter,b4,sprint,,mobile
1557399835805,submit,b4,sprint,,mobile
1557399876691,enter,b4,sprint,,mobile
1557399890781,respond,q4,sprint,b,mobile
1557399900472,submit,b4,sprint,,mobile
1557399905440,enter,b8242,sprint,,mobile
1557399926826,respond,q11189,sprint,d,mobile
1557399931600,submit,b8242,sprint,,mobile
1557399969662,enter,b162,sprint,,mobile
1557399984232,respond,q162,sprint,b,mobile
1557399997347,submit,b162,sprint,,mobile
1557400029766,enter,b84,sprint,,mobile
1557400076279,respond,q84,sprint,c,mobile
1557400080007,submit,b84,sprint,,mobile
1557400116476,enter,b115,sprint,,mobile
1557400140739,respond,q115,sprint,b,mobile
1557400143930,submit,b115,sprint,,mobile
1557400190827,enter,b8018,sprint,,mobile
1557400212266,respond,q10965,sprint,d,mobile
1557400219165,submit,b8018,sprint,,mobile
1557400273664,enter,b1108,sprint,,mobile
1557400292132,respond,q1108,sprint,a,mobile
1557400296164,submit,b1108,sprint,,mobile
1557400341668,enter,b1314,sprint,,mobile
1557400361867,respond,q1314,sprint,c,mobile
1557400365780,submit,b1314,sprint,,mobile
1557400489842,enter,b696,sprint,,mobile
1557400511821,respond,q696,sprint,c,mobile
1557400515743,submit,b696,sprint,,mobile
1557400543214,enter,b393,sprint,,mobile
1557400561629,respond,q393,sprint,b,mobile
1557400564448,submit,b393,sprint,,mobile
1557400664477,enter,b955,sprint,,mobile
1557400682391,respond,q955,sprint,a,mobile
1557400686171,submit,b955,sprint,,mobile
1557400751158,enter,b1468,sprint,,mobile
1557400834404,respond,q1602,sprint,a,mobile
1557400840441,submit,b1468,sprint,,mobile
1557400961532,enter,b1792,sprint,,mobile
1557401048422,respond,q2574,sprint,a,mobile
1557401056911,submit,b1792,sprint,,mobile
1557401170415,enter,b1705,sprint,,mobile
1557401241098,respond,q2313,sprint,b,mobile
1557401250765,submit,b1705,sprint,,mobile
1557401325118,enter,b1635,sprint,,mobile
1557401410839,respond,q2103,sprint,d,mobile
1557401417376,submit,b1635,sprint,,mobile
1557401654342,enter,b1792,adaptive_offer,,mobile
1557401728434,respond,q2574,adaptive_offer,a,mobile
1557401733978,submit,b1792,adaptive_offer,,mobile
1557401866806,enter,b1798,sprint,,mobile
1557401963342,respond,q2592,sprint,c,mobile
1557401969109,submit,b1798,sprint,,mobile
1557402042927,enter,b2101,sprint,,mobile
1557402104891,respond,q3501,sprint,d,mobile
1557402111330,submit,b2101,sprint,,mobile
1557402128347,enter,b2114,sprint,,mobile
1557402204233,respond,q3540,sprint,c,mobile
1557402208602,submit,b2114,sprint,,mobile
1557402214500,enter,b1873,sprint,,mobile
1557402276196,respond,q2817,sprint,a,mobile
1557402282622,submit,b1873,sprint,,mobile
1557402346278,enter,b4596,sprint,,mobile
1557402384764,respond,q6064,sprint,d,mobile
1557402388303,submit,b4596,sprint,,mobile
1557402404078,enter,b3000,sprint,,mobile
1557402422511,respond,q4468,sprint,c,mobile
1557402426285,submit,b3000,sprint,,mobile
1557402439644,enter,b7082,sprint,,mobile
1557402471635,respond,q9731,sprint,b,mobile
1557402475660,submit,b7082,sprint,,mobile
1557402503239,enter,b2517,sprint,,mobile
1557402525937,respond,q3985,sprint,b,mobile
1557402529502,submit,b2517,sprint,,mobile
1557402574810,enter,b4922,sprint,,mobile
1557402604128,respond,q6390,sprint,c,mobile
1557402607437,submit,b4922,sprint,,mobile
1557402676705,enter,b2533,sprint,,mobile
1557402700749,respond,q4001,sprint,a,mobile
1557402704122,submit,b2533,sprint,,mobile
1557402770347,enter,b11637,sprint,,mobile
1557402793175,respond,q17400,sprint,a,mobile
1557402796872,submit,b11637,sprint,,mobile
1557402830100,enter,b4297,sprint,,mobile
1557402853347,respond,q5765,sprint,a,mobile
1557402856992,submit,b4297,sprint,,mobile
1557402879050,enter,b3093,sprint,,mobile
1557402922393,respond,q4561,sprint,d,mobile
1557402926427,submit,b3093,sprint,,mobile
1557402969964,enter,b3752,sprint,,mobile
1557403005947,respond,q5220,sprint,b,mobile
1557403016415,submit,b3752,sprint,,mobile
1557403098198,enter,b6127,sprint,,mobile
1557403106293,respond,q8776,sprint,a,mobile
1557403109709,submit,b6127,sprint,,mobile
1557403307208,enter,b5185,sprint,,mobile
1557403479145,respond,q6836,sprint,d,mobile
1557403485403,submit,b5185,sprint,,mobile
1557403897536,enter,b5177,sprint,,mobile
1557404067813,respond,q6804,sprint,c,mobile
1557404075676,submit,b5177,sprint,,mobile
1557404360997,enter,b5185,adaptive_offer,,mobile
1557404450221,respond,q6835,adaptive_offer,b,mobile
1557404455591,submit,b5185,adaptive_offer,,mobile
1557469568996,enter,b5260,sprint,,mobile
1557469734715,respond,q7123,sprint,b,mobile
1557469739955,submit,b5260,sprint,,mobile
1557469779502,enter,b5406,sprint,,mobile
1557469937665,respond,q7658,sprint,a,mobile
1557469942084,submit,b5406,sprint,,mobile
1557476476154,enter,b542,sprint,,mobile
1557476493452,respond,q542,sprint,b,mobile
1557476497603,submit,b542,sprint,,mobile
1557476667518,enter,b393,adaptive_offer,,mobile
1557476685952,respond,q393,adaptive_offer,c,mobile
1557476689125,submit,b393,adaptive_offer,,mobile
1557476710132,enter,b438,adaptive_offer,,mobile
1557476729883,respond,q438,adaptive_offer,b,mobile
1557476732981,submit,b438,adaptive_offer,,mobile
1557476778835,enter,b1339,sprint,,mobile
1557476798039,respond,q1339,sprint,b,mobile
1557476801016,submit,b1339,sprint,,mobile
1557476838339,enter,b790,sprint,,mobile
1557476859541,submit,b790,sprint,,mobile
1557506420348,enter,b4164,sprint,,mobile
1557506434721,respond,q5632,sprint,c,mobile
1557506438135,submit,b4164,sprint,,mobile
1557506478329,enter,b3008,sprint,,mobile
1557506493604,respond,q4476,sprint,c,mobile
1557506499079,submit,b3008,sprint,,mobile
1557506533011,enter,b3339,sprint,,mobile
1557506546322,respond,q4807,sprint,c,mobile
1557506550070,submit,b3339,sprint,,mobile
1557506561772,enter,b7634,sprint,,mobile
1557506577856,respond,q10283,sprint,b,mobile
1557506596351,submit,b7634,sprint,,mobile
1557506617792,enter,b2453,sprint,,mobile
1557506631600,respond,q3921,sprint,a,mobile
1557506635081,submit,b2453,sprint,,mobile
1557506643871,enter,b2962,sprint,,mobile
1557506658221,respond,q4430,sprint,a,mobile
1557506664555,submit,b2962,sprint,,mobile
1557506675033,enter,b6962,sprint,,mobile
1557506719533,respond,q9611,sprint,a,mobile
1557506723139,submit,b6962,sprint,,mobile
1557506755760,enter,b7642,sprint,,mobile
1557506769490,respond,q10291,sprint,d,mobile
1557506773410,submit,b7642,sprint,,mobile
1557506783392,enter,b4143,sprint,,mobile
1557506794424,respond,q5611,sprint,b,mobile
1557506797786,submit,b4143,sprint,,mobile
1557506848725,enter,b3635,sprint,,mobile
1557506861116,respond,q5103,sprint,b,mobile
1557506872263,respond,q5103,sprint,c,mobile
1557506876005,submit,b3635,sprint,,mobile
1557506891020,enter,b4644,sprint,,mobile
1557506928718,respond,q6112,sprint,a,mobile
1557506932233,submit,b4644,sprint,,mobile
1557506962072,enter,b6180,sprint,,mobile
1557506990776,respond,q8829,sprint,b,mobile
1557506995722,submit,b6180,sprint,,mobile
1557541413038,enter,b5561,sprint,,mobile
1557541437530,submit,b5561,sprint,,mobile
1557541455436,enter,b5540,sprint,,mobile
1557541479219,submit,b5540,sprint,,mobile
1557541527592,enter,b145,sprint,,mobile
1557541553336,submit,b145,sprint,,mobile
1557548808685,enter,b145,adaptive_offer,,mobile
1557548810051,submit,b145,adaptive_offer,,mobile
1557548810128,enter,b145,adaptive_offer,,mobile
1557548831692,respond,q145,adaptive_offer,a,mobile
1557548834859,submit,b145,adaptive_offer,,mobile
1557548863521,enter,b8161,sprint,,mobile
1557548886809,respond,q11108,sprint,d,mobile
1557548891952,submit,b8161,sprint,,mobile
1557549050590,enter,b104,sprint,,mobile
1557549093244,respond,q104,sprint,a,mobile
1557549100382,submit,b104,sprint,,mobile
1557549283103,enter,b104,adaptive_offer,,mobile
1557549297016,respond,q104,adaptive_offer,b,mobile
1557549300324,submit,b104,adaptive_offer,,mobile
1557549337590,enter,b96,adaptive_offer,,mobile
1557549355657,respond,q96,adaptive_offer,c,mobile
1557549361637,submit,b96,adaptive_offer,,mobile
1557549398253,enter,b65,sprint,,mobile
1557549424399,respond,q65,sprint,b,mobile
1557549428062,submit,b65,sprint,,mobile
1557549467455,enter,b182,sprint,,mobile
1557549470763,submit,b182,sprint,,mobile
1557550095171,enter,b182,sprint,,mobile
1557550127045,respond,q182,sprint,c,mobile
1557550132542,submit,b182,sprint,,mobile
1557550412509,enter,b135,adaptive_offer,,mobile
1557550431534,respond,q135,adaptive_offer,c,mobile
1557550439510,submit,b135,adaptive_offer,,mobile
1557583313939,enter,b182,adaptive_offer,,mobile
1557583327539,respond,q182,adaptive_offer,b,mobile
1557583337419,submit,b182,adaptive_offer,,mobile
1557583353547,enter,b8208,sprint,,mobile
1557583369231,respond,q11155,sprint,c,mobile
1557583373261,submit,b8208,sprint,,mobile
1557583381270,enter,b188,sprint,,mobile
1557583403291,respond,q188,sprint,d,mobile
1557583406949,submit,b188,sprint,,mobile
1557583451374,enter,b188,adaptive_offer,,mobile
1557583452781,submit,b188,adaptive_offer,,mobile
1557583452818,enter,b188,adaptive_offer,,mobile
1557583469367,respond,q188,adaptive_offer,c,mobile
1557583473153,submit,b188,adaptive_offer,,mobile
1557583487362,enter,b53,sprint,,mobile
1557583505790,respond,q53,sprint,c,mobile
1557583510989,submit,b53,sprint,,mobile
1557583582901,enter,b5532,review_quiz,,mobile
1557583593962,submit,b5532,review_quiz,,mobile
1557723325998,enter,b5570,sprint,,mobile
1557723456341,submit,b5570,sprint,,mobile
1557723506869,enter,b5570,sprint,,mobile
1557723524021,respond,q8099,sprint,a,mobile
1557723528004,submit,b5570,sprint,,mobile
1557723579548,enter,b8262,sprint,,mobile
1557723600926,respond,q11209,sprint,c,mobile
1557723604584,submit,b8262,sprint,,mobile
1557723626233,enter,b5579,sprint,,mobile
1557723647361,respond,q8108,sprint,a,mobile
1557723651080,submit,b5579,sprint,,mobile
1557723672123,enter,b154,sprint,,mobile
1557723687813,respond,q154,sprint,b,mobile
1557723698160,respond,q154,sprint,b,mobile
1557723702075,submit,b154,sprint,,mobile
1557723729874,enter,b11,sprint,,mobile
1557723743771,respond,q11,sprint,b,mobile
1557723747847,submit,b11,sprint,,mobile
1557723754867,enter,b8071,sprint,,mobile
1557723773800,respond,q11018,sprint,c,mobile
1557723780416,submit,b8071,sprint,,mobile
1557723785148,enter,b194,sprint,,mobile
1557723807010,respond,q194,sprint,d,mobile
1557723810932,submit,b194,sprint,,mobile
1557723825511,enter,b187,sprint,,mobile
1557723833949,respond,q187,sprint,a,mobile
1557723846998,respond,q187,sprint,a,mobile
1557723850142,submit,b187,sprint,,mobile
1557723853764,enter,b25,sprint,,mobile
1557723868382,respond,q25,sprint,b,mobile
1557723877703,submit,b25,sprint,,mobile
1557723901182,enter,b8191,sprint,,mobile
1557723915363,respond,q11138,sprint,b,mobile
1557723924815,submit,b8191,sprint,,mobile
1557723945617,enter,b5572,sprint,,mobile
1557723950167,submit,b5572,sprint,,mobile
1557795384322,enter,b895,sprint,,mobile
1557795405889,respond,q895,sprint,b,mobile
1557795409301,submit,b895,sprint,,mobile
1557795430454,enter,b997,sprint,,mobile
1557795451669,respond,q997,sprint,b,mobile
1557795455586,submit,b997,sprint,,mobile
1557795479175,enter,b722,sprint,,mobile
1557795495877,respond,q722,sprint,b,mobile
1557795499716,submit,b722,sprint,,mobile
1557795518494,enter,b338,sprint,,mobile
1557795540979,submit,b338,sprint,,mobile
1557795566118,enter,b950,sprint,,mobile
1557795581280,respond,q950,sprint,b,mobile
1557795584949,submit,b950,sprint,,mobile
1557795623500,enter,b455,sprint,,mobile
1557795632457,submit,b455,sprint,,mobile
1557795632669,enter,b455,sprint,,mobile
1557795643291,respond,q455,sprint,c,mobile
1557795646965,submit,b455,sprint,,mobile
1557795666677,enter,b1053,sprint,,mobile
1557795683000,respond,q1053,sprint,b,mobile
1557795686814,submit,b1053,sprint,,mobile
1557795711452,enter,b721,sprint,,mobile
1557795730695,respond,q721,sprint,b,mobile
1557795735242,submit,b721,sprint,,mobile
1557970018274,enter,b99,sprint,,mobile
1557970041156,respond,q99,sprint,a,mobile
1557970044289,submit,b99,sprint,,mobile
1557970069316,enter,b108,sprint,,mobile
1557970092633,respond,q108,sprint,d,mobile
1557970095795,submit,b108,sprint,,mobile
1557970145298,enter,b196,sprint,,mobile
1557970169981,respond,q196,sprint,a,mobile
1557970172912,submit,b196,sprint,,mobile
1557970217483,enter,b8109,sprint,,mobile
1557970235839,respond,q11056,sprint,c,mobile
1557970241731,submit,b8109,sprint,,mobile
1557970264594,enter,b5527,sprint,,mobile
1557970290588,respond,q8056,sprint,d,mobile
1557970293542,submit,b5527,sprint,,mobile
1557970316731,enter,b163,sprint,,mobile
1557970675904,respond,q163,sprint,a,mobile
1557970681325,submit,b163,sprint,,mobile
1557970706142,enter,b5602,sprint,,mobile
1557970731243,respond,q8131,sprint,b,mobile
1557970734667,submit,b5602,sprint,,mobile
1557970781560,enter,b8155,sprint,,mobile
1557970788084,submit,b8155,sprint,,mobile
1557972244065,enter,b8155,sprint,,mobile
1557972261280,respond,q11102,sprint,b,mobile
1557972271431,submit,b8155,sprint,,mobile
1557972296972,enter,b5646,sprint,,mobile
1557972307495,respond,q8175,sprint,a,mobile
1557972321584,submit,b5646,sprint,,mobile
1557972345477,enter,b64,sprint,,mobile
1557972372695,respond,q64,sprint,d,mobile
1557972375717,submit,b64,sprint,,mobile
1557972439781,enter,b5604,sprint,,mobile
1557972447182,submit,b5604,sprint,,mobile
1558254332104,enter,b946,sprint,,mobile
1558254334674,submit,b946,sprint,,mobile
1558254338745,enter,b946,sprint,,mobile
1558254353713,respond,q946,sprint,b,mobile
1558254360296,submit,b946,sprint,,mobile
1558254384804,enter,b979,sprint,,mobile
1558254401735,respond,q979,sprint,b,mobile
1558254405455,submit,b979,sprint,,mobile
1558254451687,enter,b565,sprint,,mobile
1558254453159,submit,b565,sprint,,mobile
1558254456599,enter,b565,sprint,,mobile
1558254472802,respond,q565,sprint,b,mobile
1558254477334,submit,b565,sprint,,mobile
1558254496945,enter,b1233,sprint,,mobile
1558254514970,respond,q1233,sprint,a,mobile
1558254518303,submit,b1233,sprint,,mobile
1558254537299,enter,b598,sprint,,mobile
1558254552760,respond,q598,sprint,c,mobile
1558254557825,submit,b598,sprint,,mobile
1558254585025,enter,b1043,sprint,,mobile
1558254600961,respond,q1043,sprint,b,mobile
1558254604654,submit,b1043,sprint,,mobile
1558254628142,enter,b511,sprint,,mobile
1558254645373,respond,q511,sprint,c,mobile
1558254648461,submit,b511,sprint,,mobile
1558254691501,enter,b442,sprint,,mobile
1558254710857,submit,b442,sprint,,mobile
1558254715822,enter,b442,sprint,,mobile
1558254732787,respond,q442,sprint,c,mobile
1558254735508,submit,b442,sprint,,mobile
1558255040217,enter,b1246,sprint,,mobile
1558255069809,respond,q1246,sprint,b,mobile
1558255073845,submit,b1246,sprint,,mobile
1558255099486,enter,b1246,sprint,,mobile
1558255132918,submit,b1246,sprint,,mobile
1558255132981,enter,b1334,sprint,,mobile
1558255150167,respond,q1334,sprint,a,mobile
1558255153601,submit,b1334,sprint,,mobile
1558255181812,enter,b1077,sprint,,mobile
1558255193279,respond,q1077,sprint,b,mobile
1558255206660,submit,b1077,sprint,,mobile
1558255245820,enter,b1296,sprint,,mobile
1558255248231,submit,b1296,sprint,,mobile
1558404539908,enter,b1296,sprint,,mobile
1558404582534,submit,b1296,sprint,,mobile
1558404586227,enter,b1296,sprint,,mobile
1558404600216,respond,q1296,sprint,c,mobile
1558404605539,submit,b1296,sprint,,mobile
1558404928293,enter,b398,sprint,,mobile
1558404944531,respond,q398,sprint,b,mobile
1558404950743,submit,b398,sprint,,mobile
1558404972710,enter,b591,sprint,,mobile
1558404987601,respond,q591,sprint,b,mobile
1558404994462,submit,b591,sprint,,mobile
1558405025240,enter,b1240,sprint,,mobile
1558405043039,respond,q1240,sprint,c,mobile
1558405046370,submit,b1240,sprint,,mobile
1558405103877,enter,b1240,adaptive_offer,,mobile
1558405123790,submit,b1240,adaptive_offer,,mobile
1558405238798,enter,b895,adaptive_offer,,mobile
1558405256366,respond,q895,adaptive_offer,b,mobile
1558405257584,respond,q895,adaptive_offer,c,mobile
1558405260528,submit,b895,adaptive_offer,,mobile
1558405288207,enter,b1011,sprint,,mobile
1558405304687,respond,q1011,sprint,b,mobile
1558405307784,submit,b1011,sprint,,mobile
1558405328332,enter,b1313,sprint,,mobile
1558405347675,respond,q1313,sprint,a,mobile
1558405348806,respond,q1313,sprint,c,mobile
1558405349620,respond,q1313,sprint,a,mobile
1558405353125,submit,b1313,sprint,,mobile
1558405423838,enter,b508,sprint,,mobile
1558405442418,respond,q508,sprint,b,mobile
1558405446302,submit,b508,sprint,,mobile
1558405483818,enter,b1334,adaptive_offer,,mobile
1558405501104,respond,q1334,adaptive_offer,c,mobile
1558405504112,submit,b1334,adaptive_offer,,mobile
1558405535052,enter,b508,adaptive_offer,,mobile
1558405550079,respond,q508,adaptive_offer,b,mobile
1558405553214,submit,b508,adaptive_offer,,mobile
1558405586298,enter,b1339,adaptive_offer,,mobile
1558405604722,respond,q1339,adaptive_offer,b,mobile
1558405607670,submit,b1339,adaptive_offer,,mobile
1558405659464,enter,b438,adaptive_offer,,mobile
1558405673324,respond,q438,adaptive_offer,b,mobile
1558405676424,submit,b438,adaptive_offer,,mobile
1558405684196,enter,b668,sprint,,mobile
1558405689444,submit,b668,sprint,,mobile
1558426994450,enter,b5641,sprint,,mobile
1558427018494,respond,q8170,sprint,d,mobile
1558427022228,submit,b5641,sprint,,mobile
1558427971719,enter,b5641,adaptive_offer,,mobile
1558427994391,respond,q8170,adaptive_offer,a,mobile
1558427997876,submit,b5641,adaptive_offer,,mobile
1558428020313,enter,b108,adaptive_offer,,mobile
1558428042857,respond,q108,adaptive_offer,d,mobile
1558428045850,submit,b108,adaptive_offer,,mobile
1558489817223,enter,b8217,sprint,,mobile
1558489841905,submit,b8217,sprint,,mobile
1558489869589,enter,b56,sprint,,mobile
1558489887266,respond,q56,sprint,c,mobile
1558489893091,submit,b56,sprint,,mobile
1558489966464,enter,b122,sprint,,mobile
1558489994065,respond,q122,sprint,d,mobile
1558489996931,submit,b122,sprint,,mobile
1558490013247,enter,b134,sprint,,mobile
1558490026975,respond,q134,sprint,b,mobile
1558490038102,submit,b134,sprint,,mobile
1558490467627,enter,b8025,sprint,,mobile
1558490492565,respond,q10972,sprint,a,mobile
1558490495816,submit,b8025,sprint,,mobile
1558801045147,enter,b5922,sprint,,mobile
1558801086138,respond,q8571,sprint,d,mobile
1558801089124,respond,q8571,sprint,b,mobile
1558801091667,submit,b5922,sprint,,mobile
1558801672882,enter,b4885,sprint,,mobile
1558801698408,respond,q6353,sprint,a,mobile
1558801702193,submit,b4885,sprint,,mobile
1558801714124,enter,b3067,sprint,,mobile
1558801728742,respond,q4535,sprint,c,mobile
1558801738037,submit,b3067,sprint,,mobile
1558801744307,enter,b2351,sprint,,mobile
1558801769496,respond,q3819,sprint,d,mobile
1558801772741,submit,b2351,sprint,,mobile
1558801785881,enter,b6878,sprint,,mobile
1558801799734,respond,q9527,sprint,b,mobile
1558801803564,submit,b6878,sprint,,mobile
1558801826556,enter,b3010,sprint,,mobile
1558801836311,respond,q4478,sprint,a,mobile
1558801840119,submit,b3010,sprint,,mobile
1558801852442,enter,b4638,sprint,,mobile
1558801883914,respond,q6106,sprint,d,mobile
1558801887065,submit,b4638,sprint,,mobile
1558801922904,enter,b4638,review_quiz,,mobile
1558801929413,respond,q6106,review_quiz,d,mobile
1558801932489,submit,b4638,review_quiz,,mobile
1558801943033,enter,b3010,review_quiz,,mobile
1558801946708,respond,q4478,review_quiz,a,mobile
1558801949389,submit,b3010,review_quiz,,mobile
1558801953141,enter,b6878,review_quiz,,mobile
1558801956265,respond,q9527,review_quiz,d,mobile
1558801959004,submit,b6878,review_quiz,,mobile
1558801963028,enter,b2351,review_quiz,,mobile
1558801969993,respond,q3819,review_quiz,d,mobile
1558801972924,submit,b2351,review_quiz,,mobile
1558801976355,enter,b3067,review_quiz,,mobile
1558801979570,respond,q4535,review_quiz,c,mobile
1558801982269,submit,b3067,review_quiz,,mobile
1558801985980,enter,b4885,review_quiz,,mobile
1558801993767,respond,q6353,review_quiz,a,mobile
1558801996800,submit,b4885,review_quiz,,mobile
1558802008422,enter,b5922,review_quiz,,mobile
1558802018334,respond,q8571,review_quiz,b,mobile
1558802021774,submit,b5922,review_quiz,,mobile
1558802026161,enter,b8025,review_quiz,,mobile
1558802052103,submit,b8025,review_quiz,,mobile
1558802061372,enter,b134,review_quiz,,mobile
1558802074765,respond,q134,review_quiz,b,mobile
1558802077800,submit,b134,review_quiz,,mobile
1558802082153,enter,b122,review_quiz,,mobile
1558802106934,respond,q122,review_quiz,c,mobile
1558802109744,submit,b122,review_quiz,,mobile
1558802132546,enter,b56,review_quiz,,mobile
1558802150392,respond,q56,review_quiz,c,mobile
1558802154497,submit,b56,review_quiz,,mobile
1558802158543,enter,b8217,review_quiz,,mobile
1558802168277,respond,q11164,review_quiz,a,mobile
1558802177380,respond,q11164,review_quiz,a,mobile
1558802180703,submit,b8217,review_quiz,,mobile
