timestamp,action_type,item_id,source,user_answer,platform
1557070022536,enter,b5143,diagnosis,,mobile
1557070040521,respond,q6737,diagnosis,d,mobile
1557070045571,submit,b5143,diagnosis,,mobile
1557070045657,enter,b4718,diagnosis,,mobile
1557070067018,respond,q6186,diagnosis,c,mobile
1557070071402,submit,b4718,diagnosis,,mobile
1557070071480,enter,b5128,diagnosis,,mobile
1557070116910,respond,q6722,diagnosis,c,mobile
1557070122442,submit,b5128,diagnosis,,mobile
1557070122507,enter,b4862,diagnosis,,mobile
1557070145328,respond,q6330,diagnosis,d,mobile
1557070149887,submit,b4862,diagnosis,,mobile
1557070149950,enter,b4234,diagnosis,,mobile
1557070171955,respond,q5702,diagnosis,b,mobile
1557070176690,submit,b4234,diagnosis,,mobile
1557070176754,enter,b3361,diagnosis,,mobile
1557070194064,respond,q4829,diagnosis,a,mobile
1557070199266,submit,b3361,diagnosis,,mobile
1557070199328,enter,b4529,diagnosis,,mobile
1557070215219,respond,q5997,diagnosis,c,mobile
1557070221673,submit,b4529,diagnosis,,mobile
