timestamp,action_type,item_id,source,user_answer,platform
1557992209869,enter,b3184,diagnosis,,web
1557992241351,respond,q4652,diagnosis,d,web
1557992242104,submit,b3184,diagnosis,,web
1557992244630,enter,b167,diagnosis,,web
1557992301732,respond,q167,diagnosis,d,web
1557992302625,submit,b167,diagnosis,,web
1557992304518,enter,b5128,diagnosis,,web
1557992332368,respond,q6722,diagnosis,c,web
1557992333110,submit,b5128,diagnosis,,web
1557992335460,enter,b2202,diagnosis,,web
1557992367604,respond,q3670,diagnosis,c,web
1557992368128,submit,b2202,diagnosis,,web
1557992370114,enter,b2646,diagnosis,,web
1557992415561,respond,q4114,diagnosis,d,web
1557992416340,submit,b2646,diagnosis,,web
1557992417977,enter,b3345,diagnosis,,web
1557992443420,respond,q4813,diagnosis,b,web
1557992444072,submit,b3345,diagnosis,,web
1557992445848,enter,b3864,diagnosis,,web
1557992477647,respond,q5332,diagnosis,b,web
1557992478516,submit,b3864,diagnosis,,web
1558077537748,enter,b11466,sprint,,mobile
1558077558358,respond,q17229,sprint,d,mobile
1558077563506,submit,b11466,sprint,,mobile
1558077603529,enter,b4199,sprint,,mobile
1558077647085,respond,q5667,sprint,b,mobile
1558077650283,submit,b4199,sprint,,mobile
1558077738548,enter,b4533,sprint,,mobile
1558077756504,respond,q6001,sprint,b,mobile
1558077758205,respond,q6001,sprint,a,mobile
1558077765252,submit,b4533,sprint,,mobile
1558077778462,enter,b5001,sprint,,mobile
1558077807931,respond,q6469,sprint,a,mobile
1558077810948,submit,b5001,sprint,,mobile
1558077833932,enter,b11424,sprint,,mobile
1558077843135,respond,q17187,sprint,a,mobile
1558077845990,submit,b11424,sprint,,mobile
1558077996485,enter,b4943,sprint,,mobile
1558078009017,respond,q6411,sprint,b,mobile
1558078012535,submit,b4943,sprint,,mobile
1558078029650,enter,b3995,sprint,,mobile
1558078049383,respond,q5463,sprint,b,mobile
1558078052022,submit,b3995,sprint,,mobile
1558078165693,enter,b4129,sprint,,mobile
1558078196689,respond,q5597,sprint,d,mobile
1558078199875,submit,b4129,sprint,,mobile
1558078239988,enter,b7130,sprint,,mobile
1558078264005,respond,q9779,sprint,a,mobile
1558078268381,submit,b7130,sprint,,mobile
1558078284385,enter,b4214,sprint,,mobile
1558078305457,respond,q5682,sprint,c,mobile
1558078316400,submit,b4214,sprint,,mobile
1558078342547,enter,b2221,sprint,,mobile
1558078363954,respond,q3689,sprint,d,mobile
1558078367511,submit,b2221,sprint,,mobile
1558078463189,enter,b3969,sprint,,mobile
1558078477520,respond,q5437,sprint,a,mobile
1558078484124,submit,b3969,sprint,,mobile
1558078495149,enter,b7328,sprint,,mobile
1558078517387,respond,q9977,sprint,b,mobile
1558078521265,submit,b7328,sprint,,mobile
1558078582449,enter,b4948,sprint,,mobile
1558078598369,respond,q6416,sprint,b,mobile
1558078602983,submit,b4948,sprint,,mobile
1558078630325,enter,b2848,sprint,,mobile
1558078662748,respond,q4316,sprint,c,mobile
1558078666524,submit,b2848,sprint,,mobile
1558078691036,enter,b4301,sprint,,mobile
1558078722281,respond,q5769,sprint,a,mobile
1558078725607,submit,b4301,sprint,,mobile
1558078776055,enter,b7165,sprint,,mobile
1558078806713,respond,q9814,sprint,d,mobile
1558078809249,submit,b7165,sprint,,mobile
1558078857921,enter,b3092,sprint,,mobile
1558078891043,respond,q4560,sprint,c,mobile
1558078894766,submit,b3092,sprint,,mobile
1558078904537,enter,b2774,sprint,,mobile
1558078941430,respond,q4242,sprint,b,mobile
1558078944439,submit,b2774,sprint,,mobile
1558078964666,enter,b2467,sprint,,mobile
1558078993846,respond,q3935,sprint,b,mobile
1558078997070,submit,b2467,sprint,,mobile
1558079075163,enter,b5896,sprint,,mobile
1558079157478,respond,q8545,sprint,b,mobile
1558079161118,submit,b5896,sprint,,mobile
1558079187991,enter,b2599,sprint,,mobile
1558079208905,respond,q4067,sprint,c,mobile
1558079215387,submit,b2599,sprint,,mobile
1558079276487,enter,b3492,sprint,,mobile
1558079301388,respond,q4960,sprint,b,mobile
1558079306212,submit,b3492,sprint,,mobile
1558079318005,enter,b2447,sprint,,mobile
1558079325093,respond,q3915,sprint,c,mobile
1558079327922,submit,b2447,sprint,,mobile
1558079370061,enter,b11545,sprint,,mobile
1558079414231,respond,q17308,sprint,c,mobile
1558079417647,submit,b11545,sprint,,mobile
1558079495501,enter,b3097,sprint,,mobile
1558079511961,respond,q4565,sprint,b,mobile
1558079516711,submit,b3097,sprint,,mobile
1558079552031,enter,b3585,sprint,,mobile
1558079561539,respond,q5053,sprint,a,mobile
1558079570774,submit,b3585,sprint,,mobile
1558079588935,enter,b4592,sprint,,mobile
1558079604209,respond,q6060,sprint,c,mobile
1558079610582,submit,b4592,sprint,,mobile
1558079622596,enter,b11599,sprint,,mobile
1558079655156,respond,q17362,sprint,d,mobile
1558079658065,submit,b11599,sprint,,mobile
1558079671065,enter,b2695,sprint,,mobile
1558079708375,respond,q4163,sprint,b,mobile
1558079710412,respond,q4163,sprint,d,mobile
1558079713572,submit,b2695,sprint,,mobile
1558082537384,enter,b154,sprint,,mobile
1558082556150,respond,q154,sprint,b,mobile
1558082564363,submit,b154,sprint,,mobile
1558082572239,enter,b95,sprint,,mobile
1558082595335,submit,b95,sprint,,mobile
1558082600468,enter,b89,sprint,,mobile
1558082625059,respond,q89,sprint,d,mobile
1558082629923,submit,b89,sprint,,mobile
1558082648042,enter,b8003,sprint,,mobile
1558082664772,respond,q10950,sprint,a,mobile
1558082670089,submit,b8003,sprint,,mobile
1558082683916,enter,b144,sprint,,mobile
1558082706141,respond,q144,sprint,d,mobile
1558082709611,submit,b144,sprint,,mobile
1558082719868,enter,b188,sprint,,mobile
1558082741361,respond,q188,sprint,c,mobile
1558082744428,submit,b188,sprint,,mobile
1558082752756,enter,b61,sprint,,mobile
1558082779260,respond,q61,sprint,d,mobile
1558082782391,submit,b61,sprint,,mobile
1558082796385,enter,b8078,sprint,,mobile
1558082818806,respond,q11025,sprint,c,mobile
1558082822038,submit,b8078,sprint,,mobile
1558082829444,enter,b5584,sprint,,mobile
1558082851840,respond,q8113,sprint,a,mobile
1558082854920,submit,b5584,sprint,,mobile
1558082865015,enter,b5580,sprint,,mobile
1558082878654,respond,q8109,sprint,b,mobile
1558082881405,submit,b5580,sprint,,mobile
1558082885909,enter,b87,sprint,,mobile
1558082906161,respond,q87,sprint,b,mobile
1558082910532,respond,q87,sprint,c,mobile
1558082913266,submit,b87,sprint,,mobile
1558082926699,enter,b8213,sprint,,mobile
1558082948867,respond,q11160,sprint,d,mobile
1558082951795,submit,b8213,sprint,,mobile
1558082958730,enter,b5523,sprint,,mobile
1558082977535,respond,q8052,sprint,c,mobile
1558082983597,submit,b5523,sprint,,mobile
1558082994651,enter,b5547,sprint,,mobile
1558083018247,submit,b5547,sprint,,mobile
1558083035999,enter,b49,sprint,,mobile
1558083057084,respond,q49,sprint,c,mobile
1558083061128,submit,b49,sprint,,mobile
1558083070889,enter,b8234,sprint,,mobile
1558083156469,respond,q11181,sprint,b,mobile
1558083161125,submit,b8234,sprint,,mobile
1558083178121,enter,b5576,sprint,,mobile
1558083202397,respond,q8105,sprint,a,mobile
1558083205755,submit,b5576,sprint,,mobile
1558083213113,enter,b5566,sprint,,mobile
1558083227427,respond,q8095,sprint,b,mobile
1558083230925,submit,b5566,sprint,,mobile
1558083235687,enter,b5614,sprint,,mobile
1558083256517,respond,q8143,sprint,c,mobile
1558083259400,submit,b5614,sprint,,mobile
1558083265088,enter,b8207,sprint,,mobile
1558083275451,respond,q11154,sprint,a,mobile
1558083278748,submit,b8207,sprint,,mobile
1558083284429,enter,b142,sprint,,mobile
1558083288974,submit,b142,sprint,,mobile
1558083444738,enter,b1181,sprint,,mobile
1558083456008,respond,q1181,sprint,b,mobile
1558083461326,submit,b1181,sprint,,mobile
1558083466608,enter,b1273,sprint,,mobile
1558083485800,submit,b1273,sprint,,mobile
1558083494362,enter,b805,sprint,,mobile
1558083507186,respond,q805,sprint,b,mobile
1558083514274,submit,b805,sprint,,mobile
1558083526417,enter,b8312,sprint,,mobile
1558083541437,respond,q11259,sprint,b,mobile
1558083546586,submit,b8312,sprint,,mobile
1558083559052,enter,b1138,sprint,,mobile
1558083577212,respond,q1138,sprint,b,mobile
1558083580526,submit,b1138,sprint,,mobile
1558083598096,enter,b647,sprint,,mobile
1558083616025,respond,q647,sprint,c,mobile
1558083619239,submit,b647,sprint,,mobile
1558083637425,enter,b553,sprint,,mobile
1558083655190,respond,q553,sprint,c,mobile
1558083659065,submit,b553,sprint,,mobile
1558083678830,enter,b8302,sprint,,mobile
1558083696199,respond,q11249,sprint,b,mobile
1558083702593,submit,b8302,sprint,,mobile
1558083779083,enter,b751,sprint,,mobile
1558083795845,respond,q751,sprint,b,mobile
1558083799357,submit,b751,sprint,,mobile
1558083813863,enter,b890,sprint,,mobile
1558083832969,submit,b890,sprint,,mobile
1558083960504,enter,b5209,sprint,,mobile
1558084104578,submit,b5209,sprint,,mobile
1558337796485,enter,b74,sprint,,mobile
1558337823185,submit,b74,sprint,,mobile
1558337832046,enter,b5641,sprint,,mobile
1558337857156,respond,q8170,sprint,a,mobile
1558337859901,submit,b5641,sprint,,mobile
1558337870452,enter,b53,sprint,,mobile
1558337891699,respond,q53,sprint,c,mobile
1558337895057,submit,b53,sprint,,mobile
1558337901985,enter,b8073,sprint,,mobile
1558337922530,respond,q11020,sprint,d,mobile
1558337927927,submit,b8073,sprint,,mobile
1558337949521,enter,b134,sprint,,mobile
1558337959738,respond,q134,sprint,a,mobile
1558337971319,respond,q134,sprint,b,mobile
1558337974545,submit,b134,sprint,,mobile
1558338054854,enter,b5564,sprint,,mobile
1558338074732,respond,q8093,sprint,c,mobile
1558338081594,submit,b5564,sprint,,mobile
1558338093350,enter,b38,sprint,,mobile
1558338103789,respond,q38,sprint,a,mobile
1558338118364,submit,b38,sprint,,mobile
1558338154147,enter,b8299,sprint,,mobile
1558338165821,respond,q11246,sprint,a,mobile
1558338176248,respond,q11246,sprint,a,mobile
1558338181340,submit,b8299,sprint,,mobile
1558338197408,enter,b25,sprint,,mobile
1558338223227,submit,b25,sprint,,mobile
1558338242751,enter,b5634,sprint,,mobile
1558338264050,respond,q8163,sprint,b,mobile
1558338267241,submit,b5634,sprint,,mobile
1558338313198,enter,b98,sprint,,mobile
1558338334893,respond,q98,sprint,a,mobile
1558338337717,submit,b98,sprint,,mobile
1558338366362,enter,b8120,sprint,,mobile
1558338377484,respond,q11067,sprint,a,mobile
1558338391902,submit,b8120,sprint,,mobile
1558338448832,enter,b195,sprint,,mobile
1558338472190,respond,q195,sprint,d,mobile
1558338475131,submit,b195,sprint,,mobile
1558338501192,enter,b5579,sprint,,mobile
1558338566271,submit,b5579,sprint,,mobile
1558338579852,enter,b5567,sprint,,mobile
1558338608195,respond,q8096,sprint,d,mobile
1558338610966,submit,b5567,sprint,,mobile
1558338656859,enter,b8298,sprint,,mobile
1558338683602,submit,b8298,sprint,,mobile
1558338720245,enter,b126,sprint,,mobile
1558338740498,respond,q126,sprint,b,mobile
1558338746601,submit,b126,sprint,,mobile
1558338802936,enter,b5534,sprint,,mobile
1558338818637,respond,q8063,sprint,b,mobile
1558338828710,submit,b5534,sprint,,mobile
1558338838033,enter,b5598,sprint,,mobile
1558338853126,respond,q8127,sprint,b,mobile
1558338863215,submit,b5598,sprint,,mobile
1558338872726,enter,b8291,sprint,,mobile
1558338897704,respond,q11238,sprint,c,mobile
1558338900492,submit,b8291,sprint,,mobile
1558339074842,enter,b142,sprint,,mobile
1558339095370,respond,q142,sprint,d,mobile
1558339098322,submit,b142,sprint,,mobile
1558339154097,enter,b20,sprint,,mobile
1558339175969,respond,q20,sprint,b,mobile
1558339178840,submit,b20,sprint,,mobile
1558339185833,enter,b31,sprint,,mobile
1558339208124,respond,q31,sprint,b,mobile
1558339216200,submit,b31,sprint,,mobile
1558339230172,enter,b8072,sprint,,mobile
1558339243843,respond,q11019,sprint,b,mobile
1558339251892,respond,q11019,sprint,b,mobile
1558339254698,submit,b8072,sprint,,mobile
1558339300023,enter,b5649,sprint,,mobile
1558339321317,respond,q8178,sprint,c,mobile
1558339324536,submit,b5649,sprint,,mobile
1558339536359,enter,b1149,sprint,,mobile
1558339549226,submit,b1149,sprint,,mobile
1558340117274,enter,b1149,sprint,,mobile
1558340134157,respond,q1149,sprint,a,mobile
1558340138919,submit,b1149,sprint,,mobile
1558340181408,enter,b8314,sprint,,mobile
1558340201142,respond,q11261,sprint,c,mobile
1558340204381,submit,b8314,sprint,,mobile
1558340244685,enter,b828,sprint,,mobile
1558340273401,respond,q828,sprint,c,mobile
1558340276752,submit,b828,sprint,,mobile
1558340465565,enter,b1319,sprint,,mobile
1558340483586,submit,b1319,sprint,,mobile
1558340581175,enter,b1038,sprint,,mobile
1558340593004,respond,q1038,sprint,a,mobile
1558340599108,submit,b1038,sprint,,mobile
1558340668005,enter,b8316,sprint,,mobile
1558340706506,respond,q11263,sprint,b,mobile
1558340711656,submit,b8316,sprint,,mobile
1558340728621,enter,b1391,sprint,,mobile
1558340745035,respond,q1391,sprint,a,mobile
1558340747598,submit,b1391,sprint,,mobile
1558340793837,enter,b323,sprint,,mobile
1558340813423,respond,q323,sprint,b,mobile
1558340815919,submit,b323,sprint,,mobile
1558340888450,enter,b997,sprint,,mobile
1558340908916,respond,q997,sprint,a,mobile
1558340913276,submit,b997,sprint,,mobile
1558340953138,enter,b8315,sprint,,mobile
1558340973795,respond,q11262,sprint,a,mobile
1558340978006,submit,b8315,sprint,,mobile
1558341005092,enter,b318,sprint,,mobile
1558341021916,respond,q318,sprint,b,mobile
1558341026913,submit,b318,sprint,,mobile
1558341047263,enter,b1275,sprint,,mobile
1558341064868,respond,q1275,sprint,c,mobile
1558341074217,submit,b1275,sprint,,mobile
1558341127356,enter,b801,sprint,,mobile
1558341144540,respond,q801,sprint,a,mobile
1558341147753,submit,b801,sprint,,mobile
1558341187268,enter,b295,sprint,,mobile
1558341202436,respond,q295,sprint,c,mobile
1558341205724,submit,b295,sprint,,mobile
1558341240899,enter,b1072,sprint,,mobile
1558341256532,respond,q1072,sprint,a,mobile
1558341259797,submit,b1072,sprint,,mobile
1558341283701,enter,b1132,sprint,,mobile
1558341301696,respond,q1132,sprint,a,mobile
1558341304856,submit,b1132,sprint,,mobile
1558341391184,enter,b1340,sprint,,mobile
1558341409668,respond,q1340,sprint,a,mobile
1558341412877,submit,b1340,sprint,,mobile
1558341440894,enter,b1058,sprint,,mobile
1558341455467,respond,q1058,sprint,b,mobile
1558341461101,submit,b1058,sprint,,mobile
1558341484396,enter,b1323,sprint,,mobile
1558341503271,respond,q1323,sprint,c,mobile
1558341581461,submit,b1323,sprint,,mobile
1558342972007,enter,b1323,sprint,,mobile
1558343010784,respond,q1323,sprint,b,mobile
1558343014492,submit,b1323,sprint,,mobile
1558343044459,enter,b351,sprint,,mobile
1558343085465,respond,q351,sprint,b,mobile
1558343089700,submit,b351,sprint,,mobile
1558343166791,enter,b1213,sprint,,mobile
1558343185483,respond,q1213,sprint,b,mobile
1558343189834,submit,b1213,sprint,,mobile
1558343203374,enter,b281,sprint,,mobile
1558343221524,respond,q281,sprint,c,mobile
1558343225003,submit,b281,sprint,,mobile
1558343242227,enter,b903,sprint,,mobile
1558343257864,respond,q903,sprint,b,mobile
1558343261094,submit,b903,sprint,,mobile
1558343280217,enter,b306,sprint,,mobile
1558343295558,respond,q306,sprint,b,mobile
1558343298902,submit,b306,sprint,,mobile
1558343318280,enter,b349,sprint,,mobile
1558343335779,respond,q349,sprint,c,mobile
1558343339152,submit,b349,sprint,,mobile
1558343353631,enter,b289,sprint,,mobile
1558343371383,respond,q289,sprint,a,mobile
1558343374595,submit,b289,sprint,,mobile
1558343783268,enter,b306,adaptive_offer,,mobile
1558343801779,respond,q306,adaptive_offer,c,mobile
1558343805591,submit,b306,adaptive_offer,,mobile
1558343811281,enter,b289,adaptive_offer,,mobile
1558343832726,respond,q289,adaptive_offer,a,mobile
1558343835871,submit,b289,adaptive_offer,,mobile
1558343851133,enter,b477,sprint,,mobile
1558343868647,respond,q477,sprint,b,mobile
1558343871377,submit,b477,sprint,,mobile
1558344012172,enter,b1291,sprint,,mobile
1558344033931,submit,b1291,sprint,,mobile
1558344045418,enter,b818,sprint,,mobile
1558344058438,respond,q818,sprint,a,mobile
1558344066692,submit,b818,sprint,,mobile
1558344090925,enter,b1366,sprint,,mobile
1558344107124,respond,q1366,sprint,c,mobile
1558344110075,submit,b1366,sprint,,mobile
1558344121222,enter,b1385,sprint,,mobile
1558344140950,submit,b1385,sprint,,mobile
1558344149659,enter,b478,sprint,,mobile
1558344165858,respond,q478,sprint,b,mobile
1558344168735,submit,b478,sprint,,mobile
1558344182386,enter,b795,sprint,,mobile
1558344199809,respond,q795,sprint,c,mobile
1558344203690,submit,b795,sprint,,mobile
1558344224346,enter,b321,sprint,,mobile
1558344239944,respond,q321,sprint,b,mobile
1558344247019,submit,b321,sprint,,mobile
1558344253628,enter,b644,sprint,,mobile
1558344267715,respond,q644,sprint,b,mobile
1558344271523,respond,q644,sprint,a,mobile
1558344275382,submit,b644,sprint,,mobile
1558344333308,enter,b840,sprint,,mobile
1558344352558,respond,q840,sprint,b,mobile
1558344355770,submit,b840,sprint,,mobile
1558344418391,enter,b600,sprint,,mobile
1558344438925,submit,b600,sprint,,mobile
1558344456879,enter,b1254,sprint,,mobile
1558344473277,respond,q1254,sprint,b,mobile
1558344476608,submit,b1254,sprint,,mobile
1558344867132,enter,b997,adaptive_offer,,mobile
1558344886365,respond,q997,adaptive_offer,b,mobile
1558344891737,submit,b997,adaptive_offer,,mobile
1558345179103,enter,b1515,sprint,,mobile
1558345287916,respond,q1743,sprint,d,mobile
1558345292723,submit,b1515,sprint,,mobile
1558345355589,enter,b1509,sprint,,mobile
1558345466992,respond,q1725,sprint,d,mobile
1558345472345,submit,b1509,sprint,,mobile
1558345520702,enter,b1436,sprint,,mobile
1558345602776,respond,q1506,sprint,a,mobile
1558345608059,submit,b1436,sprint,,mobile
1558345693817,enter,b1514,sprint,,mobile
1558345777817,respond,q1740,sprint,b,mobile
1558345783262,submit,b1514,sprint,,mobile
1558345976279,enter,b1543,sprint,,mobile
1558346052343,respond,q1827,sprint,d,mobile
1558346056258,submit,b1543,sprint,,mobile
1558346119746,enter,b1449,sprint,,mobile
1558346203720,respond,q1545,sprint,d,mobile
1558346208243,submit,b1449,sprint,,mobile
1558346429845,enter,b1449,adaptive_offer,,mobile
1558346513178,respond,q1545,adaptive_offer,d,mobile
1558346519656,submit,b1449,adaptive_offer,,mobile
1558346661810,enter,b1562,sprint,,mobile
1558346754077,respond,q1884,sprint,b,mobile
1558346757989,submit,b1562,sprint,,mobile
1558347221003,enter,b1449,adaptive_offer,,mobile
1558347239944,respond,q1545,adaptive_offer,d,mobile
1558347243622,submit,b1449,adaptive_offer,,mobile
1558434392600,enter,b194,sprint,,mobile
1558434415055,respond,q194,sprint,b,mobile
1558434418586,submit,b194,sprint,,mobile
1558434515213,enter,b5627,sprint,,mobile
1558434537983,respond,q8156,sprint,b,mobile
1558434541222,submit,b5627,sprint,,mobile
1558434555875,enter,b8077,sprint,,mobile
1558434572370,respond,q11024,sprint,a,mobile
1558434583301,submit,b8077,sprint,,mobile
1558434607041,enter,b5635,sprint,,mobile
1558434628150,submit,b5635,sprint,,mobile
1558434632956,enter,b94,sprint,,mobile
1558434652765,respond,q94,sprint,c,mobile
1558434655707,submit,b94,sprint,,mobile
1558434664682,enter,b5536,sprint,,mobile
1558434687875,respond,q8065,sprint,d,mobile
1558434692978,submit,b5536,sprint,,mobile
1558434701140,enter,b8134,sprint,,mobile
1558434724064,respond,q11081,sprint,d,mobile
1558434727179,submit,b8134,sprint,,mobile
1558434738006,enter,b133,sprint,,mobile
1558434753849,respond,q133,sprint,b,mobile
1558434757692,respond,q133,sprint,b,mobile
1558434762702,submit,b133,sprint,,mobile
1558434772138,enter,b192,sprint,,mobile
1558434789521,respond,q192,sprint,c,mobile
1558434796904,submit,b192,sprint,,mobile
1558434802760,enter,b5551,sprint,,mobile
1558434825478,submit,b5551,sprint,,mobile
1558434833071,enter,b8114,sprint,,mobile
1558434858662,respond,q11061,sprint,d,mobile
1558434861232,submit,b8114,sprint,,mobile
1558434877164,enter,b99,sprint,,mobile
1558434886913,respond,q99,sprint,a,mobile
1558434889422,submit,b99,sprint,,mobile
1558434933021,enter,b77,sprint,,mobile
1558434953950,respond,q77,sprint,c,mobile
1558434960700,submit,b77,sprint,,mobile
1558434970135,enter,b175,sprint,,mobile
1558434985625,respond,q175,sprint,b,mobile
1558434995354,submit,b175,sprint,,mobile
1558435003191,enter,b8018,sprint,,mobile
1558435024797,respond,q10965,sprint,d,mobile
1558435027750,submit,b8018,sprint,,mobile
1558435044127,enter,b184,sprint,,mobile
1558435065112,respond,q184,sprint,a,mobile
1558435068364,submit,b184,sprint,,mobile
1558435127504,enter,b5643,sprint,,mobile
1558435150174,respond,q8172,sprint,c,mobile
1558435152828,submit,b5643,sprint,,mobile
1558435166581,enter,b118,sprint,,mobile
1558435192475,submit,b118,sprint,,mobile
1558435257560,enter,b8175,sprint,,mobile
1558435270459,respond,q11122,sprint,b,mobile
1558435280747,submit,b8175,sprint,,mobile
1558435291268,enter,b166,sprint,,mobile
1558435309575,respond,q166,sprint,c,mobile
1558435315041,submit,b166,sprint,,mobile
1558435320849,enter,b5602,sprint,,mobile
1558435346969,respond,q8131,sprint,d,mobile
1558435350061,submit,b5602,sprint,,mobile
1558435401545,enter,b5636,sprint,,mobile
1558435424427,respond,q8165,sprint,d,mobile
1558435427270,submit,b5636,sprint,,mobile
1558435431737,enter,b8209,sprint,,mobile
1558435453787,respond,q11156,sprint,d,mobile
1558435458409,submit,b8209,sprint,,mobile
1558435485000,enter,b5540,sprint,,mobile
1558435510291,respond,q8069,sprint,a,mobile
1558435512881,submit,b5540,sprint,,mobile
1558435525740,enter,b5574,sprint,,mobile
1558435548924,submit,b5574,sprint,,mobile
1558435553793,enter,b121,sprint,,mobile
1558435572350,respond,q121,sprint,c,mobile
1558435579365,submit,b121,sprint,,mobile
1558435676848,enter,b8174,sprint,,mobile
1558435698046,respond,q11121,sprint,a,mobile
1558435701504,submit,b8174,sprint,,mobile
1558435705804,enter,b123,sprint,,mobile
1558435732428,submit,b123,sprint,,mobile
1558435742473,enter,b165,sprint,,mobile
1558435764132,respond,q165,sprint,a,mobile
1558435766884,submit,b165,sprint,,mobile
1558435851732,enter,b81,sprint,,mobile
1558435873520,respond,q81,sprint,b,mobile
1558435877014,submit,b81,sprint,,mobile
1558435946454,enter,b1225,sprint,,mobile
1558435959539,respond,q1225,sprint,a,mobile
1558435963380,respond,q1225,sprint,c,mobile
1558435967209,submit,b1225,sprint,,mobile
1558435976659,enter,b1111,sprint,,mobile
1558435993675,respond,q1111,sprint,a,mobile
1558435996866,submit,b1111,sprint,,mobile
1558436068205,enter,b1115,sprint,,mobile
1558436084374,respond,q1115,sprint,b,mobile
1558436089132,submit,b1115,sprint,,mobile
1558436132669,enter,b1241,sprint,,mobile
1558436147806,respond,q1241,sprint,b,mobile
1558436151165,submit,b1241,sprint,,mobile
1558436174227,enter,b928,sprint,,mobile
1558436192842,respond,q928,sprint,b,mobile
1558436196616,submit,b928,sprint,,mobile
1558436254692,enter,b1229,sprint,,mobile
1558436269866,respond,q1229,sprint,b,mobile
1558436272439,submit,b1229,sprint,,mobile
1558436303455,enter,b427,sprint,,mobile
1558436316608,respond,q427,sprint,a,mobile
1558436317152,respond,q427,sprint,b,mobile
1558436331281,submit,b427,sprint,,mobile
1558436353775,enter,b212,sprint,,mobile
1558436371983,respond,q212,sprint,b,mobile
1558436375514,submit,b212,sprint,,mobile
1558436385791,enter,b488,sprint,,mobile
1558436405200,respond,q488,sprint,a,mobile
1558436408360,submit,b488,sprint,,mobile
1558436831634,enter,b1229,adaptive_offer,,mobile
1558436845576,respond,q1229,adaptive_offer,a,mobile
1558436849016,submit,b1229,adaptive_offer,,mobile
1558436856572,enter,b488,adaptive_offer,,mobile
1558436870827,respond,q488,adaptive_offer,b,mobile
1558436873800,submit,b488,adaptive_offer,,mobile
1558436913084,enter,b1327,sprint,,mobile
1558436928904,respond,q1327,sprint,a,mobile
1558436932158,submit,b1327,sprint,,mobile
1558436948726,enter,b1085,sprint,,mobile
1558436964684,respond,q1085,sprint,b,mobile
1558436970272,submit,b1085,sprint,,mobile
1558436986419,enter,b495,sprint,,mobile
1558437003553,respond,q495,sprint,c,mobile
1558437007115,submit,b495,sprint,,mobile
1558437025269,enter,b1210,sprint,,mobile
1558437039772,respond,q1210,sprint,b,mobile
1558437043253,submit,b1210,sprint,,mobile
1558437056207,enter,b910,sprint,,mobile
1558437073559,respond,q910,sprint,c,mobile
1558437077669,submit,b910,sprint,,mobile
1558437089539,enter,b439,sprint,,mobile
1558437107059,respond,q439,sprint,c,mobile
1558437110840,submit,b439,sprint,,mobile
1558437115935,enter,b1155,sprint,,mobile
1558437132670,respond,q1155,sprint,b,mobile
1558437135620,submit,b1155,sprint,,mobile
1558437168976,enter,b1073,sprint,,mobile
1558437184853,respond,q1073,sprint,c,mobile
1558437188667,submit,b1073,sprint,,mobile
1558437201239,enter,b696,sprint,,mobile
1558437216117,respond,q696,sprint,a,mobile
1558437222168,submit,b696,sprint,,mobile
1558437247195,enter,b676,sprint,,mobile
1558437266829,respond,q676,sprint,c,mobile
1558437269970,submit,b676,sprint,,mobile
1558437399982,enter,b573,sprint,,mobile
1558437418957,respond,q573,sprint,b,mobile
1558437422338,submit,b573,sprint,,mobile
1558437475371,enter,b446,sprint,,mobile
1558437493376,respond,q446,sprint,b,mobile
1558437498006,submit,b446,sprint,,mobile
1558437523894,enter,b1206,sprint,,mobile
1558437539060,respond,q1206,sprint,c,mobile
1558437541955,submit,b1206,sprint,,mobile
1558437553133,enter,b671,sprint,,mobile
1558437564321,respond,q671,sprint,a,mobile
1558437575236,submit,b671,sprint,,mobile
1558437589888,enter,b1086,sprint,,mobile
1558437605424,respond,q1086,sprint,b,mobile
1558437608402,submit,b1086,sprint,,mobile
1558437629775,enter,b1008,sprint,,mobile
1558437642650,respond,q1008,sprint,b,mobile
1558437647572,submit,b1008,sprint,,mobile
1558437771959,enter,b1008,adaptive_offer,,mobile
1558437786846,respond,q1008,adaptive_offer,c,mobile
1558437789973,submit,b1008,adaptive_offer,,mobile
1558437795675,enter,b1155,adaptive_offer,,mobile
1558437814015,respond,q1155,adaptive_offer,a,mobile
1558437817812,submit,b1155,adaptive_offer,,mobile
1558437843793,enter,b661,sprint,,mobile
1558437864205,respond,q661,sprint,b,mobile
1558437867583,submit,b661,sprint,,mobile
1558437880656,enter,b1345,sprint,,mobile
1558437898762,respond,q1345,sprint,c,mobile
1558437902293,submit,b1345,sprint,,mobile
1558437931150,enter,b1146,sprint,,mobile
1558437946482,respond,q1146,sprint,c,mobile
1558437950426,submit,b1146,sprint,,mobile
1558437964678,enter,b668,sprint,,mobile
1558437983104,respond,q668,sprint,c,mobile
1558437987906,submit,b668,sprint,,mobile
1558438026470,enter,b722,sprint,,mobile
1558438041802,respond,q722,sprint,a,mobile
1558438045449,submit,b722,sprint,,mobile
1558440568337,enter,b1630,sprint,,mobile
1558440680789,respond,q2088,sprint,d,mobile
1558440686173,submit,b1630,sprint,,mobile
1558440763359,enter,b1486,sprint,,mobile
1558440852896,respond,q1656,sprint,b,mobile
1558440856665,submit,b1486,sprint,,mobile
1558440865437,enter,b1763,sprint,,mobile
1558440954017,respond,q2487,sprint,c,mobile
1558440960594,submit,b1763,sprint,,mobile
1558441047298,enter,b1559,sprint,,mobile
1558441130110,respond,q1875,sprint,b,mobile
1558441135419,submit,b1559,sprint,,mobile
1558441188813,enter,b1635,sprint,,mobile
1558441264331,respond,q2103,sprint,b,mobile
1558441267919,respond,q2103,sprint,c,mobile
1558441271732,respond,q2103,sprint,d,mobile
1558441276318,submit,b1635,sprint,,mobile
1558441327463,enter,b1764,sprint,,mobile
1558441427982,respond,q2490,sprint,b,mobile
1558441432259,submit,b1764,sprint,,mobile
1558441523785,enter,b1779,sprint,,mobile
1558441625088,respond,q2535,sprint,d,mobile
1558441631744,submit,b1779,sprint,,mobile
1558441696035,enter,b1557,sprint,,mobile
1558441777392,respond,q1869,sprint,c,mobile
1558441787797,submit,b1557,sprint,,mobile
1558441880650,enter,b1441,sprint,,mobile
1558441957235,respond,q1521,sprint,d,mobile
1558441982672,submit,b1441,sprint,,mobile
1558442066191,enter,b1495,sprint,,mobile
1558442156409,respond,q1683,sprint,b,mobile
1558442162081,submit,b1495,sprint,,mobile
1558530708793,enter,b4646,sprint,,mobile
1558530758743,respond,q6114,sprint,d,mobile
1558530762380,submit,b4646,sprint,,mobile
1558530814261,enter,b4225,sprint,,mobile
1558530834971,respond,q5693,sprint,d,mobile
1558530838457,submit,b4225,sprint,,mobile
1558530882478,enter,b6468,sprint,,mobile
1558530901270,respond,q9117,sprint,a,mobile
1558530905958,submit,b6468,sprint,,mobile
1558530916456,enter,b3010,sprint,,mobile
1558530943507,respond,q4478,sprint,b,mobile
1558530947927,submit,b3010,sprint,,mobile
1558531023017,enter,b2887,sprint,,mobile
1558531049770,respond,q4355,sprint,a,mobile
1558531052376,submit,b2887,sprint,,mobile
1558531235335,enter,b2731,sprint,,mobile
1558531262722,respond,q4199,sprint,b,mobile
1558531265898,submit,b2731,sprint,,mobile
1558531286741,enter,b6460,sprint,,mobile
1558531302938,respond,q9109,sprint,a,mobile
1558531306630,submit,b6460,sprint,,mobile
1558531320406,enter,b3751,sprint,,mobile
1558531368185,respond,q5219,sprint,a,mobile
1558531374116,submit,b3751,sprint,,mobile
1558531476484,enter,b5768,sprint,,mobile
1558531499179,respond,q8417,sprint,b,mobile
1558531503973,respond,q8417,sprint,d,mobile
1558531507738,submit,b5768,sprint,,mobile
1558531623420,enter,b3572,sprint,,mobile
1558531656509,respond,q5040,sprint,d,mobile
1558531660635,submit,b3572,sprint,,mobile
1558531815727,enter,b7560,sprint,,mobile
1558531836445,respond,q10209,sprint,b,mobile
1558531840552,submit,b7560,sprint,,mobile
1558531850665,enter,b4305,sprint,,mobile
1558531881926,respond,q5773,sprint,c,mobile
1558531889707,submit,b4305,sprint,,mobile
1558532309022,enter,b3002,adaptive_offer,,mobile
1558532321311,respond,q4470,adaptive_offer,a,mobile
1558532326538,submit,b3002,adaptive_offer,,mobile
1558532337618,enter,b4305,adaptive_offer,,mobile
1558532349613,respond,q5773,adaptive_offer,b,mobile
1558532368023,submit,b4305,adaptive_offer,,mobile
1558532383860,enter,b3855,sprint,,mobile
1558532409695,respond,q5323,sprint,b,mobile
1558532416648,submit,b3855,sprint,,mobile
1558532499755,enter,b5060,sprint,,mobile
1558532522175,respond,q6528,sprint,a,mobile
1558532526036,submit,b5060,sprint,,mobile
1558532795202,enter,b6791,sprint,,mobile
1558532845168,respond,q9440,sprint,d,mobile
1558532850010,respond,q9440,sprint,b,mobile
1558532853192,submit,b6791,sprint,,mobile
1558532916124,enter,b4603,sprint,,mobile
1558532945253,respond,q6071,sprint,c,mobile
1558532950065,submit,b4603,sprint,,mobile
1558533266555,enter,b4225,adaptive_offer,,mobile
1558533280863,respond,q5693,adaptive_offer,a,mobile
1558533333229,submit,b4225,adaptive_offer,,mobile
1558533356643,enter,b4603,adaptive_offer,,mobile
1558533372543,respond,q6071,adaptive_offer,b,mobile
1558533378290,submit,b4603,adaptive_offer,,mobile
1558533449328,enter,b3923,sprint,,mobile
1558533499558,respond,q5391,sprint,c,mobile
1558533503325,submit,b3923,sprint,,mobile
1558533563478,enter,b5146,sprint,,mobile
1558533603989,respond,q6740,sprint,b,mobile
1558533604785,respond,q6740,sprint,c,mobile
1558533613010,submit,b5146,sprint,,mobile
1558533681367,enter,b7020,sprint,,mobile
1558533722034,respond,q9669,sprint,a,mobile
1558533725743,submit,b7020,sprint,,mobile
1558533765211,enter,b2567,sprint,,mobile
1558533800181,respond,q4035,sprint,d,mobile
1558533805724,submit,b2567,sprint,,mobile
1558533899641,enter,b2419,sprint,,mobile
1558533918825,respond,q3887,sprint,b,mobile
1558533922471,submit,b2419,sprint,,mobile
1558533963770,enter,b4312,sprint,,mobile
1558533995103,respond,q5780,sprint,b,mobile
1558534005415,submit,b4312,sprint,,mobile
1558534056569,enter,b6145,sprint,,mobile
1558534077795,respond,q8794,sprint,b,mobile
1558534080402,submit,b6145,sprint,,mobile
1558534119959,enter,b2571,sprint,,mobile
1558534187237,respond,q4039,sprint,b,mobile
1558534192294,submit,b2571,sprint,,mobile
1558534221638,enter,b4293,sprint,,mobile
1558534228384,respond,q5761,sprint,c,mobile
1558534232779,submit,b4293,sprint,,mobile
1558534239219,enter,b3275,sprint,,mobile
1558534275894,respond,q4743,sprint,a,mobile
1558534281370,submit,b3275,sprint,,mobile
1558534302038,enter,b7536,sprint,,mobile
1558534389392,respond,q10185,sprint,c,mobile
1558534395956,submit,b7536,sprint,,mobile
1558534507030,enter,b2225,sprint,,mobile
1558534527485,respond,q3693,sprint,d,mobile
1558534527936,respond,q3693,sprint,c,mobile
1558534530810,submit,b2225,sprint,,mobile
1558534594683,enter,b2805,sprint,,mobile
1558534635558,respond,q4273,sprint,c,mobile
1558534639547,submit,b2805,sprint,,mobile
1558534834888,enter,b5028,sprint,,mobile
1558534887953,respond,q6496,sprint,d,mobile
1558534895979,submit,b5028,sprint,,mobile
1558679781459,enter,b11478,sprint,,mobile
1558679815161,respond,q17241,sprint,d,mobile
1558679818255,submit,b11478,sprint,,mobile
1558679870392,enter,b2197,sprint,,mobile
1558679890113,respond,q3665,sprint,d,mobile
1558679894130,submit,b2197,sprint,,mobile
1558679927711,enter,b2441,sprint,,mobile
1558679946104,respond,q3909,sprint,a,mobile
1558679949315,submit,b2441,sprint,,mobile
1558679997921,enter,b3924,sprint,,mobile
1558680031103,respond,q5392,sprint,a,mobile
1558680035174,submit,b3924,sprint,,mobile
1558680110460,enter,b5723,sprint,,mobile
1558680142047,respond,q8372,sprint,d,mobile
1558680148601,submit,b5723,sprint,,mobile
1558680286714,enter,b3605,sprint,,mobile
1558680310151,respond,q5073,sprint,a,mobile
1558680312949,submit,b3605,sprint,,mobile
1558680343311,enter,b5026,sprint,,mobile
1558680359304,respond,q6494,sprint,d,mobile
1558680363731,submit,b5026,sprint,,mobile
1558680417853,enter,b4306,sprint,,mobile
1558680481836,respond,q5774,sprint,b,mobile
1558680484636,submit,b4306,sprint,,mobile
1558680583454,enter,b6310,sprint,,mobile
1558680598273,respond,q8959,sprint,a,mobile
1558680600914,respond,q8959,sprint,d,mobile
1558680604395,submit,b6310,sprint,,mobile
1558680652991,enter,b4787,sprint,,mobile
1558680701282,respond,q6255,sprint,c,mobile
1558680707703,submit,b4787,sprint,,mobile
1558680855572,enter,b3433,sprint,,mobile
1558680890459,respond,q4901,sprint,a,mobile
1558680894848,submit,b3433,sprint,,mobile
1558681122057,enter,b4164,sprint,,mobile
1558681151422,respond,q5632,sprint,a,mobile
1558681155806,submit,b4164,sprint,,mobile
1558681288598,enter,b7146,sprint,,mobile
1558681307181,respond,q9795,sprint,d,mobile
1558681310841,submit,b7146,sprint,,mobile
1558681335888,enter,b3866,sprint,,mobile
1558681382405,respond,q5334,sprint,d,mobile
1558681385904,submit,b3866,sprint,,mobile
1558681445452,enter,b4309,sprint,,mobile
1558681487170,respond,q5777,sprint,c,mobile
1558681490759,submit,b4309,sprint,,mobile
1558681510993,enter,b3930,sprint,,mobile
1558681554654,respond,q5398,sprint,d,mobile
1558681555152,respond,q5398,sprint,c,mobile
1558681558451,submit,b3930,sprint,,mobile
1558681575205,enter,b6373,sprint,,mobile
1558681607137,respond,q9022,sprint,b,mobile
1558681609848,submit,b6373,sprint,,mobile
1558681697258,enter,b4979,sprint,,mobile
1558681738950,respond,q6447,sprint,d,mobile
1558681739547,respond,q6447,sprint,c,mobile
1558681742054,submit,b4979,sprint,,mobile
1558681846374,enter,b2693,sprint,,mobile
1558681869356,respond,q4161,sprint,c,mobile
1558681877028,respond,q4161,sprint,a,mobile
1558681883158,submit,b2693,sprint,,mobile
1558681927449,enter,b4112,sprint,,mobile
1558681970263,respond,q5580,sprint,c,mobile
1558681975427,submit,b4112,sprint,,mobile
1558682007520,enter,b7426,sprint,,mobile
1558682038868,respond,q10075,sprint,d,mobile
1558682042796,submit,b7426,sprint,,mobile
1558682054024,enter,b4707,sprint,,mobile
1558682075260,respond,q6175,sprint,d,mobile
1558682078435,submit,b4707,sprint,,mobile
1558682116585,enter,b4718,sprint,,mobile
1558682161762,respond,q6186,sprint,d,mobile
1558682164454,submit,b4718,sprint,,mobile
1558682279514,enter,b4591,sprint,,mobile
1558682309714,respond,q6059,sprint,d,mobile
1558682313138,submit,b4591,sprint,,mobile
1558682325170,enter,b7273,sprint,,mobile
1558682370416,respond,q9922,sprint,a,mobile
1558682373008,submit,b7273,sprint,,mobile
1558682502284,enter,b2517,sprint,,mobile
1558682539370,respond,q3985,sprint,b,mobile
1558682542182,submit,b2517,sprint,,mobile
1558682627253,enter,b4180,sprint,,mobile
1558682653362,respond,q5648,sprint,d,mobile
1558682656654,submit,b4180,sprint,,mobile
1558682665150,enter,b3868,sprint,,mobile
1558682687458,respond,q5336,sprint,b,mobile
1558682700614,submit,b3868,sprint,,mobile
1558682717063,enter,b6741,sprint,,mobile
1558682754693,respond,q9390,sprint,b,mobile
1558682757672,submit,b6741,sprint,,mobile
1558682773405,enter,b3014,sprint,,mobile
1558682790252,respond,q4482,sprint,a,mobile
1558682800059,submit,b3014,sprint,,mobile
1558686278631,enter,b5209,sprint,,mobile
1558686441180,respond,q6932,sprint,a,mobile
1558686446677,submit,b5209,sprint,,mobile
1558686461266,enter,b5219,sprint,,mobile
1558686631673,respond,q6972,sprint,b,mobile
1558686636087,submit,b5219,sprint,,mobile
1558686688745,enter,b5207,sprint,,mobile
1558686922898,respond,q6924,sprint,a,mobile
1558686929079,submit,b5207,sprint,,mobile
1558687062963,enter,b8525,sprint,,mobile
1558687171840,respond,q11770,sprint,c,mobile
1558687176780,submit,b8525,sprint,,mobile
1558687186585,enter,b5085,sprint,,mobile
1558687334400,respond,q6556,sprint,a,mobile
1558687378935,submit,b5085,sprint,,mobile
1558687426778,enter,b5212,sprint,,mobile
1558687556976,respond,q6944,sprint,a,mobile
1558687562578,submit,b5212,sprint,,mobile
1558688000696,enter,b5086,sprint,,mobile
1558688162344,respond,q6560,sprint,d,mobile
1558688162830,respond,q6560,sprint,c,mobile
1558688167205,submit,b5086,sprint,,mobile
1558688174003,enter,b8551,sprint,,mobile
1558688322965,respond,q11874,sprint,d,mobile
1558688329811,submit,b8551,sprint,,mobile
1558688413024,enter,b5124,sprint,,mobile
1558688537852,respond,q6712,sprint,c,mobile
1558688556837,submit,b5124,sprint,,mobile
1558688598464,enter,b5218,sprint,,mobile
1558688762800,respond,q6968,sprint,b,mobile
1558688769241,submit,b5218,sprint,,mobile
1558689529353,enter,b5124,adaptive_offer,,mobile
1558689595142,respond,q6712,adaptive_offer,a,mobile
1558689598454,submit,b5124,adaptive_offer,,mobile
1558689633890,enter,b5201,sprint,,mobile
1558689795690,respond,q6900,sprint,a,mobile
1558689808354,respond,q6900,sprint,a,mobile
1558689820159,submit,b5201,sprint,,mobile
1558689832097,enter,b8490,sprint,,mobile
1558689993854,respond,q11630,sprint,d,mobile
1558689998945,submit,b8490,sprint,,mobile
1558704409673,enter,b8084,sprint,,mobile
1558704432796,respond,q11031,sprint,d,mobile
1558704437261,submit,b8084,sprint,,mobile
1558704444479,enter,b92,sprint,,mobile
1558704464084,respond,q92,sprint,a,mobile
1558704466479,submit,b92,sprint,,mobile
1558704472270,enter,b191,sprint,,mobile
1558704486006,respond,q191,sprint,b,mobile
1558704497339,submit,b191,sprint,,mobile
1558704515437,enter,b170,sprint,,mobile
1558704538842,respond,q170,sprint,b,mobile
1558704541321,submit,b170,sprint,,mobile
1558704556751,enter,b8055,sprint,,mobile
1558704577133,respond,q11002,sprint,a,mobile
1558704579752,submit,b8055,sprint,,mobile
1558704584349,enter,b58,sprint,,mobile
1558704607560,respond,q58,sprint,b,mobile
1558704609428,respond,q58,sprint,a,mobile
1558704612170,submit,b58,sprint,,mobile
1558704622273,enter,b5608,sprint,,mobile
1558704642027,respond,q8137,sprint,a,mobile
1558704644814,submit,b5608,sprint,,mobile
1558704648564,enter,b26,sprint,,mobile
1558704658551,respond,q26,sprint,a,mobile
1558704669795,respond,q26,sprint,a,mobile
1558704674921,submit,b26,sprint,,mobile
1558704699977,enter,b8109,sprint,,mobile
1558704717232,respond,q11056,sprint,c,mobile
1558704724492,submit,b8109,sprint,,mobile
1558704744721,enter,b5541,sprint,,mobile
1558704761193,respond,q8070,sprint,c,mobile
1558704767876,submit,b5541,sprint,,mobile
1558704788451,enter,b5568,sprint,,mobile
1558704814509,respond,q8097,sprint,b,mobile
1558704821159,submit,b5568,sprint,,mobile
1558704838818,enter,b5570,sprint,,mobile
1558704852140,respond,q8099,sprint,a,mobile
1558704866820,submit,b5570,sprint,,mobile
1558704893993,enter,b8027,sprint,,mobile
1558704914300,respond,q10974,sprint,a,mobile
1558704917496,submit,b8027,sprint,,mobile
1558704955050,enter,b16,sprint,,mobile
1558704981026,respond,q16,sprint,b,mobile
1558704984275,submit,b16,sprint,,mobile
1558705569470,enter,b16,adaptive_offer,,mobile
1558705588733,respond,q16,adaptive_offer,c,mobile
1558705594276,submit,b16,adaptive_offer,,mobile
1558705605693,enter,b5643,adaptive_offer,,mobile
1558705615819,respond,q8172,adaptive_offer,a,mobile
1558705618587,submit,b5643,adaptive_offer,,mobile
1558705631856,enter,b70,sprint,,mobile
1558705654749,respond,q70,sprint,b,mobile
1558705658283,submit,b70,sprint,,mobile
1558705675433,enter,b52,sprint,,mobile
1558705689437,respond,q52,sprint,b,mobile
1558705695518,respond,q52,sprint,b,mobile
1558705699341,submit,b52,sprint,,mobile
1558705705847,enter,b8019,sprint,,mobile
1558705720585,respond,q10966,sprint,b,mobile
1558705727901,respond,q10966,sprint,b,mobile
1558705730791,submit,b8019,sprint,,mobile
1558705737793,enter,b5565,sprint,,mobile
1558705758174,respond,q8094,sprint,d,mobile
1558705761292,submit,b5565,sprint,,mobile
1558705767080,enter,b5587,sprint,,mobile
1558705789285,respond,q8116,sprint,b,mobile
1558705792321,submit,b5587,sprint,,mobile
1558705800768,enter,b136,sprint,,mobile
1558705818812,respond,q136,sprint,c,mobile
1558705824275,submit,b136,sprint,,mobile
1558705861603,enter,b954,sprint,,mobile
1558705880006,respond,q954,sprint,b,mobile
1558705883249,submit,b954,sprint,,mobile
1558705897120,enter,b1362,sprint,,mobile
1558705913958,respond,q1362,sprint,c,mobile
1558705917149,submit,b1362,sprint,,mobile
1558705996988,enter,b485,sprint,,mobile
1558706015311,respond,q485,sprint,c,mobile
1558706018870,submit,b485,sprint,,mobile
1558706050310,enter,b355,sprint,,mobile
1558706063034,respond,q355,sprint,b,mobile
1558706075145,submit,b355,sprint,,mobile
1558706101727,enter,b630,sprint,,mobile
1558706122584,respond,q630,sprint,c,mobile
1558706125228,submit,b630,sprint,,mobile
1558706154942,enter,b1173,sprint,,mobile
1558706172373,respond,q1173,sprint,b,mobile
1558706177139,submit,b1173,sprint,,mobile
1558706201520,enter,b1337,sprint,,mobile
1558706218371,respond,q1337,sprint,c,mobile
1558706222815,submit,b1337,sprint,,mobile
1558706241103,enter,b469,sprint,,mobile
1558706257603,respond,q469,sprint,c,mobile
1558706261417,submit,b469,sprint,,mobile
1558706272052,enter,b1400,sprint,,mobile
1558706292622,respond,q1400,sprint,b,mobile
1558706295516,submit,b1400,sprint,,mobile
1558706319875,enter,b1200,sprint,,mobile
1558706336549,respond,q1200,sprint,c,mobile
1558706339212,submit,b1200,sprint,,mobile
1558706347479,enter,b1375,sprint,,mobile
1558706366159,respond,q1375,sprint,c,mobile
1558706369038,submit,b1375,sprint,,mobile
1558706375132,enter,b1012,sprint,,mobile
1558706389499,respond,q1012,sprint,b,mobile
1558706392695,submit,b1012,sprint,,mobile
1558706402631,enter,b1182,sprint,,mobile
1558706421983,respond,q1182,sprint,a,mobile
1558706424854,submit,b1182,sprint,,mobile
1558706443507,enter,b1382,sprint,,mobile
1558706460868,respond,q1382,sprint,c,mobile
1558706463855,submit,b1382,sprint,,mobile
1558706497615,enter,b1031,sprint,,mobile
1558706510938,respond,q1031,sprint,a,mobile
1558706516501,submit,b1031,sprint,,mobile
1558706538579,enter,b227,sprint,,mobile
1558706554181,respond,q227,sprint,c,mobile
1558706558480,submit,b227,sprint,,mobile
1558706569701,enter,b268,sprint,,mobile
1558706584974,respond,q268,sprint,b,mobile
1558706587762,submit,b268,sprint,,mobile
1558706599599,enter,b1097,sprint,,mobile
1558706615458,respond,q1097,sprint,b,mobile
1558706618290,submit,b1097,sprint,,mobile
1558706627967,enter,b662,sprint,,mobile
1558706646964,submit,b662,sprint,,mobile
1558706653672,enter,b861,sprint,,mobile
1558706673750,respond,q861,sprint,c,mobile
1558706676754,submit,b861,sprint,,mobile
1558706755170,enter,b1229,adaptive_offer,,mobile
1558706764040,respond,q1229,adaptive_offer,a,mobile
1558706768608,submit,b1229,adaptive_offer,,mobile
1558706774900,enter,b355,adaptive_offer,,mobile
1558706789610,respond,q355,adaptive_offer,c,mobile
1558706792886,submit,b355,adaptive_offer,,mobile
1558706800621,enter,b1346,sprint,,mobile
1558706817216,submit,b1346,sprint,,mobile
1558706853470,enter,b1719,sprint,,mobile
1558706971467,respond,q2355,sprint,b,mobile
1558706974155,respond,q2355,sprint,b,mobile
1558706978862,submit,b1719,sprint,,mobile
1558707176552,enter,b1505,sprint,,mobile
1558707269363,respond,q1713,sprint,b,mobile
1558707275094,submit,b1505,sprint,,mobile
1558707371626,enter,b1427,sprint,,mobile
1558707450957,respond,q1479,sprint,c,mobile
1558707455126,submit,b1427,sprint,,mobile
1558707468095,enter,b1508,sprint,,mobile
1558707559001,respond,q1722,sprint,d,mobile
1558707567961,submit,b1508,sprint,,mobile
1558707657726,enter,b1576,sprint,,mobile
1558707749707,respond,q1926,sprint,c,mobile
1558707762017,submit,b1576,sprint,,mobile
1558707780093,enter,b1606,sprint,,mobile
1558707857182,respond,q2016,sprint,c,mobile
1558707861346,submit,b1606,sprint,,mobile
1558707890587,enter,b1627,sprint,,mobile
1558707958809,respond,q2079,sprint,b,mobile
1558707964039,submit,b1627,sprint,,mobile
1558707974055,enter,b1721,sprint,,mobile
1558708091055,respond,q2361,sprint,d,mobile
1558708096972,submit,b1721,sprint,,mobile
1558708122424,enter,b1621,sprint,,mobile
1558708206436,respond,q2061,sprint,c,mobile
1558708211351,submit,b1621,sprint,,mobile
1558708253482,enter,b1541,sprint,,mobile
1558708368547,respond,q1821,sprint,d,mobile
1558708372738,submit,b1541,sprint,,mobile
1558708620806,enter,b1562,adaptive_offer,,mobile
1558708703272,respond,q1884,adaptive_offer,b,mobile
1558708709591,respond,q1884,adaptive_offer,b,mobile
1558708713629,submit,b1562,adaptive_offer,,mobile
1558708808402,enter,b1410,sprint,,mobile
1558708899306,respond,q1428,sprint,b,mobile
1558708904582,submit,b1410,sprint,,mobile
1558708919663,enter,b1698,sprint,,mobile
1558709009710,respond,q2292,sprint,d,mobile
1558709017785,submit,b1698,sprint,,mobile
1558709040722,enter,b1734,sprint,,mobile
1558709112894,respond,q2400,sprint,d,mobile
1558709118231,submit,b1734,sprint,,mobile
1558834766424,enter,b8267,sprint,,mobile
1558834787598,respond,q11214,sprint,a,mobile
1558834790658,submit,b8267,sprint,,mobile
1558834914940,enter,b47,sprint,,mobile
1558834935728,respond,q47,sprint,d,mobile
1558834939941,submit,b47,sprint,,mobile
1558834952621,enter,b149,sprint,,mobile
1558834966172,respond,q149,sprint,b,mobile
1558834974125,respond,q149,sprint,b,mobile
1558834977883,submit,b149,sprint,,mobile
1558834995227,enter,b139,sprint,,mobile
1558835005149,respond,q139,sprint,a,mobile
1558835022217,submit,b139,sprint,,mobile
1558835028599,enter,b8280,sprint,,mobile
1558835041282,respond,q11227,sprint,b,mobile
1558835052921,submit,b8280,sprint,,mobile
1558835106097,enter,b5637,sprint,,mobile
1558835130524,respond,q8166,sprint,a,mobile
1558835135732,submit,b5637,sprint,,mobile
1558835146139,enter,b5543,sprint,,mobile
1558835158642,respond,q8072,sprint,a,mobile
1558835162003,respond,q8072,sprint,a,mobile
1558835164049,respond,q8072,sprint,a,mobile
1558835169735,submit,b5543,sprint,,mobile
1558835174178,enter,b5646,sprint,,mobile
1558835195220,respond,q8175,sprint,c,mobile
1558835198097,submit,b5646,sprint,,mobile
1558835208757,enter,b8112,sprint,,mobile
1558835233303,respond,q11059,sprint,a,mobile
1558835236817,submit,b8112,sprint,,mobile
1558835253185,enter,b5520,sprint,,mobile
1558835268982,respond,q8049,sprint,c,mobile
1558835275042,submit,b5520,sprint,,mobile
1558835303431,enter,b173,sprint,,mobile
1558835329930,submit,b173,sprint,,mobile
1558835338456,enter,b176,sprint,,mobile
1558835364805,respond,q176,sprint,d,mobile
1558835369967,submit,b176,sprint,,mobile
1558835419149,enter,b8028,sprint,,mobile
1558835433629,respond,q10975,sprint,b,mobile
1558835445357,submit,b8028,sprint,,mobile
1558835455886,enter,b143,sprint,,mobile
1558835477436,respond,q143,sprint,c,mobile
1558835480522,submit,b143,sprint,,mobile
1558835515383,enter,b5652,sprint,,mobile
1558835539310,respond,q8181,sprint,d,mobile
1558835541747,respond,q8181,sprint,b,mobile
1558835546537,submit,b5652,sprint,,mobile
1558835574984,enter,b11,sprint,,mobile
1558835596986,respond,q11,sprint,b,mobile
1558835599943,submit,b11,sprint,,mobile
1558835623094,enter,b8178,sprint,,mobile
1558835641028,respond,q11125,sprint,c,mobile
1558835648700,submit,b8178,sprint,,mobile
1558835685563,enter,b5620,sprint,,mobile
1558835706580,respond,q8149,sprint,d,mobile
1558835710102,submit,b5620,sprint,,mobile
1558835752483,enter,b15,sprint,,mobile
1558835775918,submit,b15,sprint,,mobile
1558835780620,enter,b78,sprint,,mobile
1558835800621,respond,q78,sprint,d,mobile
1558835804092,submit,b78,sprint,,mobile
1558835875173,enter,b1346,sprint,,mobile
1558835893707,respond,q1346,sprint,c,mobile
1558835896904,submit,b1346,sprint,,mobile
1558835919888,enter,b1130,sprint,,mobile
1558835937160,respond,q1130,sprint,c,mobile
1558835941880,submit,b1130,sprint,,mobile
1558836005391,enter,b569,sprint,,mobile
1558836026353,respond,q569,sprint,c,mobile
1558836029324,submit,b569,sprint,,mobile
1558836637838,enter,b1149,adaptive_offer,,mobile
1558836640734,submit,b1149,adaptive_offer,,mobile
1558836640799,enter,b1149,adaptive_offer,,mobile
1558836653757,respond,q1149,adaptive_offer,b,mobile
1558836658796,submit,b1149,adaptive_offer,,mobile
1558836668628,enter,b569,adaptive_offer,,mobile
1558836677666,respond,q569,adaptive_offer,a,mobile
1558836686815,submit,b569,adaptive_offer,,mobile
1558836709485,enter,b1159,sprint,,mobile
1558836727232,respond,q1159,sprint,c,mobile
1558836730598,submit,b1159,sprint,,mobile
1558836781562,enter,b1040,sprint,,mobile
1558836798177,respond,q1040,sprint,a,mobile
1558836800568,submit,b1040,sprint,,mobile
1558836812423,enter,b339,sprint,,mobile
1558836834567,submit,b339,sprint,,mobile
1558836870274,enter,b359,sprint,,mobile
1558836882489,respond,q359,sprint,a,mobile
1558836890460,submit,b359,sprint,,mobile
1558836964733,enter,b359,adaptive_offer,,mobile
1558836977902,respond,q359,adaptive_offer,b,mobile
1558836980787,submit,b359,adaptive_offer,,mobile
1558836985222,enter,b355,adaptive_offer,,mobile
1558836999783,respond,q355,adaptive_offer,c,mobile
1558837002610,submit,b355,adaptive_offer,,mobile
1558837057681,enter,b895,sprint,,mobile
1558837077026,respond,q895,sprint,c,mobile
1558837081491,submit,b895,sprint,,mobile
1558837252104,enter,b338,sprint,,mobile
1558837273950,respond,q338,sprint,c,mobile
1558837274468,respond,q338,sprint,b,mobile
1558837277544,submit,b338,sprint,,mobile
1558837309982,enter,b764,sprint,,mobile
1558837329623,respond,q764,sprint,b,mobile
1558837333152,submit,b764,sprint,,mobile
1558837369442,enter,b431,sprint,,mobile
1558837386045,respond,q431,sprint,b,mobile
1558837388960,submit,b431,sprint,,mobile
1558837427813,enter,b731,sprint,,mobile
1558837459834,respond,q731,sprint,a,mobile
1558837463008,submit,b731,sprint,,mobile
1558837483206,enter,b1118,sprint,,mobile
1558837500624,respond,q1118,sprint,a,mobile
1558837503997,submit,b1118,sprint,,mobile
1558837518615,enter,b729,sprint,,mobile
1558837540986,respond,q729,sprint,b,mobile
1558837544205,submit,b729,sprint,,mobile
1558837621975,enter,b1313,sprint,,mobile
1558837636864,respond,q1313,sprint,b,mobile
1558837643077,submit,b1313,sprint,,mobile
1558837653919,enter,b673,sprint,,mobile
1558837671503,respond,q673,sprint,a,mobile
1558837674029,submit,b673,sprint,,mobile
1558837885700,enter,b1395,sprint,,mobile
1558837904753,respond,q1395,sprint,a,mobile
1558837908024,submit,b1395,sprint,,mobile
1558837939702,enter,b1129,sprint,,mobile
1558837958118,respond,q1129,sprint,c,mobile
1558837962648,submit,b1129,sprint,,mobile
1558837974225,enter,b1201,sprint,,mobile
1558837995386,submit,b1201,sprint,,mobile
1558838063936,enter,b1051,sprint,,mobile
1558838080223,respond,q1051,sprint,a,mobile
1558838083732,submit,b1051,sprint,,mobile
1558838102131,enter,b237,sprint,,mobile
1558838104995,submit,b237,sprint,,mobile
1558838254897,enter,b861,adaptive_offer,,mobile
1558838271219,respond,q861,adaptive_offer,b,mobile
1558838273913,submit,b861,adaptive_offer,,mobile
1558838297495,enter,b1051,adaptive_offer,,mobile
1558838310988,respond,q1051,adaptive_offer,c,mobile
1558838315045,submit,b1051,adaptive_offer,,mobile
1558840639366,enter,b1682,sprint,,mobile
1558840744886,respond,q2244,sprint,c,mobile
1558840747549,respond,q2244,sprint,c,mobile
1558840755191,submit,b1682,sprint,,mobile
1558840884710,enter,b1443,sprint,,mobile
1558840960822,respond,q1527,sprint,b,mobile
1558840980486,submit,b1443,sprint,,mobile
1558841518849,enter,b1741,sprint,,mobile
1558841611324,respond,q2421,sprint,a,mobile
1558841615744,submit,b1741,sprint,,mobile
1558841744648,enter,b1733,sprint,,mobile
1558841858840,respond,q2397,sprint,b,mobile
1558841867856,submit,b1733,sprint,,mobile
1558841898342,enter,b1546,sprint,,mobile
1558841999212,respond,q1836,sprint,b,mobile
1558842003999,submit,b1546,sprint,,mobile
1558842063311,enter,b1602,sprint,,mobile
1558842146750,respond,q2004,sprint,c,mobile
1558842152185,submit,b1602,sprint,,mobile
1558842247517,enter,b1735,sprint,,mobile
1558842389485,respond,q2403,sprint,a,mobile
1558842393574,submit,b1735,sprint,,mobile
1558842422412,enter,b1454,sprint,,mobile
1558842538023,respond,q1560,sprint,a,mobile
1558842542677,submit,b1454,sprint,,mobile
1558842594459,enter,b1445,sprint,,mobile
1558842694501,respond,q1533,sprint,c,mobile
1558842701963,submit,b1445,sprint,,mobile
1558842764437,enter,b1604,sprint,,mobile
1558842865724,respond,q2010,sprint,a,mobile
1558842869622,submit,b1604,sprint,,mobile
1558842957941,enter,b1887,sprint,,mobile
1558843028622,respond,q2859,sprint,a,mobile
1558843033793,submit,b1887,sprint,,mobile
1558843058423,enter,b2009,sprint,,mobile
1558843139438,respond,q3225,sprint,c,mobile
1558843146041,submit,b2009,sprint,,mobile
1558843435918,enter,b2009,adaptive_offer,,mobile
1558843632374,respond,q3225,adaptive_offer,a,mobile
1558843642337,submit,b2009,adaptive_offer,,mobile
1558844163235,enter,b8328,sprint,,mobile
1558844255620,respond,q11290,sprint,c,mobile
1558844260092,submit,b8328,sprint,,mobile
1558844315759,enter,b2044,sprint,,mobile
1558844402487,respond,q3330,sprint,b,mobile
1558844407313,submit,b2044,sprint,,mobile
1558844464808,enter,b1841,sprint,,mobile
1558844557039,respond,q2721,sprint,a,mobile
1558844558343,respond,q2721,sprint,a,mobile
1558844564672,submit,b1841,sprint,,mobile
1558932224030,enter,b8143,sprint,,mobile
1558932246718,respond,q11090,sprint,a,mobile
1558932250285,submit,b8143,sprint,,mobile
1558932280965,enter,b60,sprint,,mobile
1558932293469,respond,q60,sprint,a,mobile
1558932295641,respond,q60,sprint,a,mobile
1558932301800,respond,q60,sprint,a,mobile
1558932304389,submit,b60,sprint,,mobile
1558932309650,enter,b5606,sprint,,mobile
1558932322594,respond,q8135,sprint,a,mobile
1558932332798,respond,q8135,sprint,a,mobile
1558932337122,submit,b5606,sprint,,mobile
1558932343830,enter,b141,sprint,,mobile
1558932357645,respond,q141,sprint,b,mobile
1558932369471,submit,b141,sprint,,mobile
1558932375162,enter,b8199,sprint,,mobile
1558932398573,respond,q11146,sprint,a,mobile
1558932403385,submit,b8199,sprint,,mobile
1558932411202,enter,b59,sprint,,mobile
1558932438913,respond,q59,sprint,b,mobile
1558932441869,submit,b59,sprint,,mobile
1558932506546,enter,b5647,sprint,,mobile
1558932527327,respond,q8176,sprint,a,mobile
1558932530572,submit,b5647,sprint,,mobile
1558932540738,enter,b33,sprint,,mobile
1558932559218,respond,q33,sprint,c,mobile
1558932564210,submit,b33,sprint,,mobile
1558932586974,enter,b8188,sprint,,mobile
1558932605447,respond,q11135,sprint,c,mobile
1558932608202,submit,b8188,sprint,,mobile
1558932617773,enter,b5645,sprint,,mobile
1558932638517,respond,q8174,sprint,a,mobile
1558932641920,submit,b5645,sprint,,mobile
1558932975774,enter,b58,adaptive_offer,,mobile
1558932990364,respond,q58,adaptive_offer,b,mobile
1558932992784,submit,b58,adaptive_offer,,mobile
1558932997677,enter,b5645,adaptive_offer,,mobile
1558933013909,respond,q8174,adaptive_offer,c,mobile
1558933020990,respond,q8174,adaptive_offer,d,mobile
1558933023710,submit,b5645,adaptive_offer,,mobile
1558933048013,enter,b48,sprint,,mobile
1558933055708,submit,b48,sprint,,mobile
1558933126677,enter,b669,sprint,,mobile
1558933142404,respond,q669,sprint,b,mobile
1558933151098,submit,b669,sprint,,mobile
1558933172884,enter,b578,sprint,,mobile
1558933193079,submit,b578,sprint,,mobile
1558933203623,enter,b891,sprint,,mobile
1558933222237,respond,q891,sprint,c,mobile
1558933225551,submit,b891,sprint,,mobile
1558933233580,enter,b237,sprint,,mobile
1558933252564,respond,q237,sprint,c,mobile
1558933256280,submit,b237,sprint,,mobile
1558933270958,enter,b278,sprint,,mobile
1558933283992,respond,q278,sprint,a,mobile
1558933292188,submit,b278,sprint,,mobile
1558933312019,enter,b994,sprint,,mobile
1558933330244,respond,q994,sprint,c,mobile
1558933335223,submit,b994,sprint,,mobile
1558933369299,enter,b507,sprint,,mobile
1558933391245,respond,q507,sprint,c,mobile
1558933394577,submit,b507,sprint,,mobile
1558933420988,enter,b814,sprint,,mobile
1558933443061,respond,q814,sprint,c,mobile
1558933446620,submit,b814,sprint,,mobile
1558933472013,enter,b648,sprint,,mobile
1558933489780,respond,q648,sprint,c,mobile
1558933492901,submit,b648,sprint,,mobile
1558933514563,enter,b1193,sprint,,mobile
1558933535923,respond,q1193,sprint,a,mobile
1558933539818,submit,b1193,sprint,,mobile
1558933553545,enter,b623,sprint,,mobile
1558933576340,respond,q623,sprint,a,mobile
1558933579751,submit,b623,sprint,,mobile
1558933612701,enter,b585,sprint,,mobile
1558933629861,respond,q585,sprint,b,mobile
1558933633602,submit,b585,sprint,,mobile
1558933863623,enter,b306,adaptive_offer,,mobile
1558933880321,respond,q306,adaptive_offer,c,mobile
1558933883464,submit,b306,adaptive_offer,,mobile
1558933914656,enter,b585,adaptive_offer,,mobile
1558933931632,respond,q585,adaptive_offer,c,mobile
1558933935196,submit,b585,adaptive_offer,,mobile
1558933951926,enter,b803,sprint,,mobile
1558933969743,respond,q803,sprint,a,mobile
1558933973489,submit,b803,sprint,,mobile
1558934041227,enter,b500,sprint,,mobile
1558934055460,respond,q500,sprint,b,mobile
1558934061849,submit,b500,sprint,,mobile
1558934109525,enter,b955,sprint,,mobile
1558934126070,respond,q955,sprint,a,mobile
1558934129317,submit,b955,sprint,,mobile
1558934137377,enter,b645,sprint,,mobile
1558934157467,respond,q645,sprint,a,mobile
1558934160592,submit,b645,sprint,,mobile
1558934179672,enter,b985,sprint,,mobile
1558934196413,respond,q985,sprint,b,mobile
1558934200495,submit,b985,sprint,,mobile
1558934220035,enter,b596,sprint,,mobile
1558934237916,respond,q596,sprint,b,mobile
1558934240942,submit,b596,sprint,,mobile
1558934391131,enter,b622,sprint,,mobile
1558934411840,submit,b622,sprint,,mobile
1558934421428,enter,b1377,sprint,,mobile
1558934438168,respond,q1377,sprint,b,mobile
1558934442666,submit,b1377,sprint,,mobile
1558934453888,enter,b894,sprint,,mobile
1558934458723,submit,b894,sprint,,mobile
1558935098829,enter,b1575,sprint,,mobile
1558935195973,respond,q1923,sprint,b,mobile
1558935200560,submit,b1575,sprint,,mobile
1558935333639,enter,b1408,sprint,,mobile
1558935420037,respond,q1422,sprint,c,mobile
1558935425940,submit,b1408,sprint,,mobile
1558935485423,enter,b1468,sprint,,mobile
1558935565503,respond,q1602,sprint,c,mobile
1558935570421,submit,b1468,sprint,,mobile
1558935766206,enter,b1511,sprint,,mobile
1558935850823,respond,q1731,sprint,a,mobile
1558935854694,submit,b1511,sprint,,mobile
1558936000847,enter,b1761,sprint,,mobile
1558936098372,respond,q2481,sprint,b,mobile
1558936104528,submit,b1761,sprint,,mobile
1558936180809,enter,b1585,sprint,,mobile
1558936244131,respond,q1953,sprint,a,mobile
1558936250043,submit,b1585,sprint,,mobile
1558936310225,enter,b1547,sprint,,mobile
1558936426534,respond,q1839,sprint,d,mobile
1558936430073,submit,b1547,sprint,,mobile
1558936620849,enter,b1518,sprint,,mobile
1558936704188,respond,q1752,sprint,b,mobile
1558936711598,submit,b1518,sprint,,mobile
1558936754766,enter,b1470,sprint,,mobile
1558936833372,respond,q1608,sprint,a,mobile
1558936843310,submit,b1470,sprint,,mobile
1558936982816,enter,b1748,sprint,,mobile
1558937060362,respond,q2442,sprint,b,mobile
1558937064968,submit,b1748,sprint,,mobile
1558937224544,enter,b2072,sprint,,mobile
1558937299342,respond,q3414,sprint,b,mobile
1558937304066,submit,b2072,sprint,,mobile
1558937466015,enter,b1988,sprint,,mobile
1558937546817,respond,q3162,sprint,a,mobile
1558937561293,submit,b1988,sprint,,mobile
1558937680361,enter,b1944,sprint,,mobile
1558937743192,respond,q3030,sprint,a,mobile
1558937748165,submit,b1944,sprint,,mobile
1558937782622,enter,b2108,sprint,,mobile
1558937860498,respond,q3522,sprint,a,mobile
1558937871342,submit,b2108,sprint,,mobile
1558938009563,enter,b1827,sprint,,mobile
1558938073737,respond,q2679,sprint,d,mobile
1558938080761,submit,b1827,sprint,,mobile
1558938221424,enter,b1979,sprint,,mobile
1558938310037,respond,q3135,sprint,b,mobile
1558938315272,submit,b1979,sprint,,mobile
1558938376986,enter,b1864,sprint,,mobile
1558938466983,respond,q2790,sprint,d,mobile
1558938473879,submit,b1864,sprint,,mobile
1558938617819,enter,b1881,sprint,,mobile
1558938690980,respond,q2841,sprint,b,mobile
1558938692438,respond,q2841,sprint,a,mobile
1558938699254,respond,q2841,sprint,b,mobile
1558938700821,respond,q2841,sprint,a,mobile
1558938707037,submit,b1881,sprint,,mobile
1558938806741,enter,b1915,sprint,,mobile
1558938867628,respond,q2943,sprint,a,mobile
1558938869074,respond,q2943,sprint,a,mobile
1558938879069,submit,b1915,sprint,,mobile
1558938981343,enter,b1868,sprint,,mobile
1558939060608,respond,q2802,sprint,d,mobile
1558939066266,submit,b1868,sprint,,mobile
1558939635223,enter,b2072,adaptive_offer,,mobile
1558939698227,respond,q3414,adaptive_offer,b,mobile
1558939702482,submit,b2072,adaptive_offer,,mobile
1559021205058,enter,b54,sprint,,mobile
1559021226492,respond,q54,sprint,b,mobile
1559021232556,submit,b54,sprint,,mobile
1559021243766,enter,b5545,sprint,,mobile
1559021266154,respond,q8074,sprint,c,mobile
1559021270244,submit,b5545,sprint,,mobile
1559021279731,enter,b8059,sprint,,mobile
1559021301821,respond,q11006,sprint,a,mobile
1559021305065,submit,b8059,sprint,,mobile
1559021310955,enter,b137,sprint,,mobile
1559021336012,respond,q137,sprint,b,mobile
1559021340169,submit,b137,sprint,,mobile
1559021356430,enter,b40,sprint,,mobile
1559021379976,respond,q40,sprint,a,mobile
1559021383197,submit,b40,sprint,,mobile
1559021460985,enter,b115,sprint,,mobile
1559021484407,respond,q115,sprint,a,mobile
1559021487116,submit,b115,sprint,,mobile
1559021506028,enter,b8121,sprint,,mobile
1559021518717,respond,q11068,sprint,a,mobile
1559021530964,submit,b8121,sprint,,mobile
1559021591026,enter,b48,sprint,,mobile
1559021613660,respond,q48,sprint,d,mobile
1559021616743,submit,b48,sprint,,mobile
1559021643752,enter,b5573,sprint,,mobile
1559021670537,respond,q8102,sprint,d,mobile
1559021673805,submit,b5573,sprint,,mobile
1559021851228,enter,b22,sprint,,mobile
1559021872394,respond,q22,sprint,c,mobile
1559021875309,submit,b22,sprint,,mobile
1559022066126,enter,b1328,sprint,,mobile
1559022068592,submit,b1328,sprint,,mobile
1559023617610,enter,b1328,sprint,,mobile
1559023636735,respond,q1328,sprint,b,mobile
1559023641416,submit,b1328,sprint,,mobile
1559023684613,enter,b678,sprint,,mobile
1559023705942,respond,q678,sprint,b,mobile
1559023708803,submit,b678,sprint,,mobile
1559023731201,enter,b823,sprint,,mobile
1559023748080,respond,q823,sprint,b,mobile
1559023750992,submit,b823,sprint,,mobile
1559023766003,enter,b442,sprint,,mobile
1559023789638,respond,q442,sprint,a,mobile
1559023792900,submit,b442,sprint,,mobile
1559023819267,enter,b1161,sprint,,mobile
1559023833630,respond,q1161,sprint,b,mobile
1559023837988,submit,b1161,sprint,,mobile
1559023892468,enter,b274,sprint,,mobile
1559023909724,respond,q274,sprint,b,mobile
1559023912867,submit,b274,sprint,,mobile
1559023989665,enter,b1270,sprint,,mobile
1559024009544,submit,b1270,sprint,,mobile
1559024039721,enter,b1154,sprint,,mobile
1559024060027,respond,q1154,sprint,a,mobile
1559024064131,submit,b1154,sprint,,mobile
1559024091664,enter,b238,sprint,,mobile
1559024109523,respond,q238,sprint,a,mobile
1559024112668,submit,b238,sprint,,mobile
1559024193019,enter,b1162,sprint,,mobile
1559024212144,respond,q1162,sprint,a,mobile
1559024215595,submit,b1162,sprint,,mobile
1559024229989,enter,b436,sprint,,mobile
1559024250356,respond,q436,sprint,c,mobile
1559024255520,submit,b436,sprint,,mobile
1559024364910,enter,b200,sprint,,mobile
1559024384442,respond,q200,sprint,b,mobile
1559024388642,submit,b200,sprint,,mobile
1559024411561,enter,b1193,adaptive_offer,,mobile
1559024434909,respond,q1193,adaptive_offer,c,mobile
1559024441794,submit,b1193,adaptive_offer,,mobile
1559024467458,enter,b289,adaptive_offer,,mobile
1559024482579,respond,q289,adaptive_offer,a,mobile
1559024483105,respond,q289,adaptive_offer,b,mobile
1559024486436,submit,b289,adaptive_offer,,mobile
1559024496859,enter,b270,sprint,,mobile
1559024512680,respond,q270,sprint,a,mobile
1559024516650,submit,b270,sprint,,mobile
1559024525209,enter,b1117,sprint,,mobile
1559024543090,respond,q1117,sprint,c,mobile
1559024546535,submit,b1117,sprint,,mobile
1559024594710,enter,b847,sprint,,mobile
1559024610362,respond,q847,sprint,a,mobile
1559024613508,submit,b847,sprint,,mobile
1559024633848,enter,b386,sprint,,mobile
1559024652363,respond,q386,sprint,a,mobile
1559024656108,submit,b386,sprint,,mobile
1559024684336,enter,b457,sprint,,mobile
1559024699370,respond,q457,sprint,a,mobile
1559024702612,submit,b457,sprint,,mobile
1559024715328,enter,b555,sprint,,mobile
1559024740187,submit,b555,sprint,,mobile
1559024767570,enter,b1289,sprint,,mobile
1559024784429,respond,q1289,sprint,c,mobile
1559024789433,submit,b1289,sprint,,mobile
1559024885045,enter,b521,sprint,,mobile
1559024902810,respond,q521,sprint,b,mobile
1559024906067,submit,b521,sprint,,mobile
1559025145702,enter,b274,adaptive_offer,,mobile
1559025163281,respond,q274,adaptive_offer,c,mobile
1559025166771,submit,b274,adaptive_offer,,mobile
1559025174119,enter,b521,adaptive_offer,,mobile
1559025191883,respond,q521,adaptive_offer,c,mobile
1559025195012,submit,b521,adaptive_offer,,mobile
1559025323267,enter,b1632,sprint,,mobile
1559025410973,respond,q2094,sprint,c,mobile
1559025415113,submit,b1632,sprint,,mobile
1559025496682,enter,b1403,sprint,,mobile
1559025547267,respond,q1407,sprint,d,mobile
1559025550807,submit,b1403,sprint,,mobile
1559025578146,enter,b1750,sprint,,mobile
1559025646437,respond,q2448,sprint,d,mobile
1559025658654,submit,b1750,sprint,,mobile
1559025708487,enter,b1706,sprint,,mobile
1559025778133,respond,q2316,sprint,c,mobile
1559025782426,submit,b1706,sprint,,mobile
1559025813332,enter,b1766,sprint,,mobile
1559025904533,respond,q2496,sprint,c,mobile
1559025908470,submit,b1766,sprint,,mobile
1559026202978,enter,b1421,sprint,,mobile
1559026277269,respond,q1461,sprint,d,mobile
1559026278773,respond,q1461,sprint,d,mobile
1559026283799,submit,b1421,sprint,,mobile
1559026312805,enter,b1645,sprint,,mobile
1559026389272,respond,q2133,sprint,d,mobile
1559026394385,submit,b1645,sprint,,mobile
1559026914015,enter,b1774,sprint,,mobile
1559026984024,respond,q2520,sprint,a,mobile
1559026990242,submit,b1774,sprint,,mobile
1559027097403,enter,b1637,sprint,,mobile
1559027156689,respond,q2109,sprint,d,mobile
1559027162074,submit,b1637,sprint,,mobile
1559027186803,enter,b1481,sprint,,mobile
1559027313092,respond,q1641,sprint,c,mobile
1559027320189,submit,b1481,sprint,,mobile
1559027434612,enter,b2032,sprint,,mobile
1559027516053,respond,q3294,sprint,a,mobile
1559027523350,submit,b2032,sprint,,mobile
1559027563554,enter,b1834,sprint,,mobile
1559027661294,respond,q2700,sprint,b,mobile
1559027669763,submit,b1834,sprint,,mobile
1559027799089,enter,b2039,sprint,,mobile
1559027900814,respond,q3315,sprint,b,mobile
1559027905826,submit,b2039,sprint,,mobile
1559028033078,enter,b8333,sprint,,mobile
1559028125046,respond,q11305,sprint,b,mobile
1559028130161,submit,b8333,sprint,,mobile
1559028307707,enter,b1874,sprint,,mobile
1559028370831,respond,q2820,sprint,d,mobile
1559028375099,submit,b1874,sprint,,mobile
1559028406199,enter,b2046,sprint,,mobile
1559028476731,respond,q3336,sprint,a,mobile
1559028481145,respond,q3336,sprint,a,mobile
1559028491140,submit,b2046,sprint,,mobile
1559028594637,enter,b2075,sprint,,mobile
1559028697124,respond,q3423,sprint,b,mobile
1559028701486,submit,b2075,sprint,,mobile
1559028794511,enter,b8324,sprint,,mobile
1559028903478,respond,q11278,sprint,d,mobile
1559028907701,submit,b8324,sprint,,mobile
1559029132323,enter,b2042,sprint,,mobile
1559029201851,respond,q3324,sprint,a,mobile
1559029218584,submit,b2042,sprint,,mobile
1559029319833,enter,b1976,sprint,,mobile
1559029412757,respond,q3126,sprint,c,mobile
1559029416331,submit,b1976,sprint,,mobile
1559029755801,enter,b1915,adaptive_offer,,mobile
1559029803226,respond,q2943,adaptive_offer,d,mobile
1559029810913,respond,q2943,adaptive_offer,d,mobile
1559029811879,respond,q2943,adaptive_offer,d,mobile
1559029815376,submit,b1915,adaptive_offer,,mobile
1559032501573,enter,b4295,sprint,,mobile
1559032533233,respond,q5763,sprint,b,mobile
1559032536415,submit,b4295,sprint,,mobile
1559032568570,enter,b3404,sprint,,mobile
1559032590925,respond,q4872,sprint,d,mobile
1559032594143,submit,b3404,sprint,,mobile
1559032631887,enter,b6754,sprint,,mobile
1559032665292,respond,q9403,sprint,d,mobile
1559032668535,submit,b6754,sprint,,mobile
1559032913207,enter,b4546,sprint,,mobile
1559032946766,respond,q6014,sprint,b,mobile
1559032954164,submit,b4546,sprint,,mobile
1559033275943,enter,b5133,adaptive_offer,,mobile
1559033313336,respond,q6727,adaptive_offer,c,mobile
1559033316259,submit,b5133,adaptive_offer,,mobile
1559033329236,enter,b4546,adaptive_offer,,mobile
1559033351598,respond,q6014,adaptive_offer,b,mobile
1559033354758,submit,b4546,adaptive_offer,,mobile
1559033428675,enter,b3933,sprint,,mobile
1559033492301,respond,q5401,sprint,a,mobile
1559033495789,submit,b3933,sprint,,mobile
1559033654254,enter,b3438,sprint,,mobile
1559033673852,respond,q4906,sprint,c,mobile
1559033678098,submit,b3438,sprint,,mobile
1559033696739,enter,b7533,sprint,,mobile
1559033712920,respond,q10182,sprint,c,mobile
1559033718245,submit,b7533,sprint,,mobile
1559033753925,enter,b4543,sprint,,mobile
1559033790299,respond,q6011,sprint,a,mobile
1559033798351,submit,b4543,sprint,,mobile
1559033843453,enter,b6958,sprint,,mobile
1559033905852,respond,q9607,sprint,b,mobile
1559033910027,submit,b6958,sprint,,mobile
1559033975672,enter,b3276,sprint,,mobile
1559034044617,respond,q4744,sprint,c,mobile
1559034048778,submit,b3276,sprint,,mobile
1559034099019,enter,b11358,sprint,,mobile
1559034116577,respond,q17121,sprint,c,mobile
1559034122663,submit,b11358,sprint,,mobile
1559034132234,enter,b3755,sprint,,mobile
1559034148324,respond,q5223,sprint,a,mobile
1559034154076,submit,b3755,sprint,,mobile
1559034182514,enter,b2372,sprint,,mobile
1559034237303,respond,q3840,sprint,b,mobile
1559034241443,submit,b2372,sprint,,mobile
1559034253331,enter,b4009,sprint,,mobile
1559034270485,respond,q5477,sprint,a,mobile
1559034273743,submit,b4009,sprint,,mobile
1559034283319,enter,b5945,sprint,,mobile
1559034314208,respond,q8594,sprint,a,mobile
1559034318049,submit,b5945,sprint,,mobile
1559034396715,enter,b3845,sprint,,mobile
1559034414826,respond,q5313,sprint,c,mobile
1559034417782,submit,b3845,sprint,,mobile
1559034480253,enter,b4154,sprint,,mobile
1559034521818,respond,q5622,sprint,a,mobile
1559034525236,submit,b4154,sprint,,mobile
1559034535610,enter,b2215,sprint,,mobile
1559034567594,respond,q3683,sprint,a,mobile
1559034570852,submit,b2215,sprint,,mobile
1559034582390,enter,b6491,sprint,,mobile
1559034598272,respond,q9140,sprint,a,mobile
1559034620362,submit,b6491,sprint,,mobile
1559034644579,enter,b4099,sprint,,mobile
1559034656704,respond,q5567,sprint,a,mobile
1559034659760,submit,b4099,sprint,,mobile
1559034672186,enter,b3937,sprint,,mobile
1559034681678,respond,q5405,sprint,d,mobile
1559034685150,submit,b3937,sprint,,mobile
1559034709075,enter,b4144,sprint,,mobile
1559034741244,respond,q5612,sprint,a,mobile
1559034745971,submit,b4144,sprint,,mobile
1559034763667,enter,b6717,sprint,,mobile
1559034773695,respond,q9366,sprint,b,mobile
1559034776905,submit,b6717,sprint,,mobile
1559034783604,enter,b2569,sprint,,mobile
1559034832993,respond,q4037,sprint,b,mobile
1559034842754,submit,b2569,sprint,,mobile
1559034883659,enter,b4297,sprint,,mobile
1559034927899,respond,q5765,sprint,c,mobile
1559034930835,submit,b4297,sprint,,mobile
1559034987221,enter,b4785,sprint,,mobile
1559035010001,respond,q6253,sprint,b,mobile
1559035013315,submit,b4785,sprint,,mobile
1559035127851,enter,b4785,adaptive_offer,,mobile
1559035142751,respond,q6253,adaptive_offer,c,mobile
1559035146009,submit,b4785,adaptive_offer,,mobile
1559035155943,enter,b3275,adaptive_offer,,mobile
1559035169286,respond,q4743,adaptive_offer,c,mobile
1559035175438,submit,b3275,adaptive_offer,,mobile
1559111755492,enter,b8260,sprint,,mobile
1559111773717,respond,q11207,sprint,c,mobile
1559111779446,submit,b8260,sprint,,mobile
1559111787266,enter,b63,sprint,,mobile
1559111809958,respond,q63,sprint,d,mobile
1559111812118,submit,b63,sprint,,mobile
1559111904986,enter,b56,sprint,,mobile
1559111925917,respond,q56,sprint,c,mobile
1559111932076,respond,q56,sprint,a,mobile
1559111934781,submit,b56,sprint,,mobile
1559111994640,enter,b24,sprint,,mobile
1559112005629,respond,q24,sprint,a,mobile
1559112010862,respond,q24,sprint,a,mobile
1559112013584,respond,q24,sprint,a,mobile
1559112020530,submit,b24,sprint,,mobile
1559112027288,enter,b8224,sprint,,mobile
1559112049706,respond,q11171,sprint,d,mobile
1559112052840,submit,b8224,sprint,,mobile
1559112069988,enter,b13,sprint,,mobile
1559112090594,respond,q13,sprint,a,mobile
1559112093909,submit,b13,sprint,,mobile
1559112101132,enter,b122,sprint,,mobile
1559112126410,submit,b122,sprint,,mobile
1559112133836,enter,b5604,sprint,,mobile
1559112157275,respond,q8133,sprint,c,mobile
1559112160378,submit,b5604,sprint,,mobile
1559112204289,enter,b8097,sprint,,mobile
1559112217579,respond,q11044,sprint,b,mobile
1559112228478,submit,b8097,sprint,,mobile
1559112256809,enter,b5639,sprint,,mobile
1559112278063,respond,q8168,sprint,b,mobile
1559112281300,submit,b5639,sprint,,mobile
1559112294052,enter,b10,sprint,,mobile
1559112298468,submit,b10,sprint,,mobile
1559112322305,enter,b397,sprint,,mobile
1559112340192,respond,q397,sprint,b,mobile
1559112343381,submit,b397,sprint,,mobile
1559112364074,enter,b752,sprint,,mobile
1559112373207,respond,q752,sprint,a,mobile
1559112381746,respond,q752,sprint,c,mobile
1559112384678,submit,b752,sprint,,mobile
1559112431984,enter,b1384,sprint,,mobile
1559112460899,respond,q1384,sprint,c,mobile
1559112464507,submit,b1384,sprint,,mobile
1559112709751,enter,b521,adaptive_offer,,mobile
1559112727500,respond,q521,adaptive_offer,c,mobile
1559112732184,submit,b521,adaptive_offer,,mobile
1559112741743,enter,b485,adaptive_offer,,mobile
1559112768449,respond,q485,adaptive_offer,b,mobile
1559112771694,submit,b485,adaptive_offer,,mobile
1559112790792,enter,b1218,sprint,,mobile
1559112808148,respond,q1218,sprint,a,mobile
1559112817060,submit,b1218,sprint,,mobile
1559112834830,enter,b1297,sprint,,mobile
1559112854248,respond,q1297,sprint,b,mobile
1559112857422,submit,b1297,sprint,,mobile
1559112883375,enter,b1266,sprint,,mobile
1559112899314,respond,q1266,sprint,b,mobile
1559112902273,submit,b1266,sprint,,mobile
1559112979322,enter,b1224,sprint,,mobile
1559112997658,respond,q1224,sprint,c,mobile
1559113001273,submit,b1224,sprint,,mobile
1559113043123,enter,b878,sprint,,mobile
1559113061651,respond,q878,sprint,b,mobile
1559113064677,submit,b878,sprint,,mobile
1559113109760,enter,b594,sprint,,mobile
1559113127783,respond,q594,sprint,b,mobile
1559113130464,submit,b594,sprint,,mobile
1559113166209,enter,b740,sprint,,mobile
1559113185846,respond,q740,sprint,b,mobile
1559113189805,submit,b740,sprint,,mobile
1559113238826,enter,b435,sprint,,mobile
1559113255670,respond,q435,sprint,b,mobile
1559113259049,submit,b435,sprint,,mobile
1559113287959,enter,b825,sprint,,mobile
1559113310492,respond,q825,sprint,c,mobile
1559113315856,submit,b825,sprint,,mobile
1559113354319,enter,b774,sprint,,mobile
1559113375287,respond,q774,sprint,c,mobile
1559113378431,submit,b774,sprint,,mobile
1559113432659,enter,b217,sprint,,mobile
1559113451380,respond,q217,sprint,a,mobile
1559113454502,submit,b217,sprint,,mobile
1559113509969,enter,b280,sprint,,mobile
1559113530176,respond,q280,sprint,b,mobile
1559113533166,submit,b280,sprint,,mobile
1559113608581,enter,b854,sprint,,mobile
1559113626334,respond,q854,sprint,a,mobile
1559113629397,submit,b854,sprint,,mobile
1559113720702,enter,b1175,sprint,,mobile
1559113738516,respond,q1175,sprint,a,mobile
1559113740720,respond,q1175,sprint,c,mobile
1559113743413,submit,b1175,sprint,,mobile
1559113773040,enter,b561,sprint,,mobile
1559113800254,respond,q561,sprint,b,mobile
1559113804481,submit,b561,sprint,,mobile
1559113850027,enter,b413,sprint,,mobile
1559113868424,respond,q413,sprint,b,mobile
1559113871585,submit,b413,sprint,,mobile
1559113939439,enter,b750,sprint,,mobile
1559113957916,respond,q750,sprint,b,mobile
1559113958634,respond,q750,sprint,a,mobile
1559113961799,submit,b750,sprint,,mobile
1559114524049,enter,b1694,sprint,,mobile
1559114606007,respond,q2280,sprint,a,mobile
1559114614829,submit,b1694,sprint,,mobile
1559114703808,enter,b1540,sprint,,mobile
1559114786627,respond,q1818,sprint,b,mobile
1559114790646,submit,b1540,sprint,,mobile
1559114852152,enter,b1616,sprint,,mobile
1559114941558,respond,q2046,sprint,b,mobile
1559114945788,submit,b1616,sprint,,mobile
1559115036857,enter,b1426,sprint,,mobile
1559115096603,respond,q1476,sprint,b,mobile
1559115102229,submit,b1426,sprint,,mobile
1559115178476,enter,b1723,sprint,,mobile
1559115234400,respond,q2367,sprint,b,mobile
1559115247130,submit,b1723,sprint,,mobile
1559115282298,enter,b1459,sprint,,mobile
1559115383440,respond,q1575,sprint,d,mobile
1559115388369,submit,b1459,sprint,,mobile
1559115558282,enter,b1540,adaptive_offer,,mobile
1559115600065,respond,q1818,adaptive_offer,c,mobile
1559115603023,submit,b1540,adaptive_offer,,mobile
1559115759826,enter,b1675,sprint,,mobile
1559115816861,respond,q2223,sprint,d,mobile
1559115821731,submit,b1675,sprint,,mobile
1559115853116,enter,b1649,sprint,,mobile
1559115931256,respond,q2145,sprint,c,mobile
1559115940193,submit,b1649,sprint,,mobile
1559115986000,enter,b1625,sprint,,mobile
1559116073999,respond,q2073,sprint,d,mobile
1559116078343,submit,b1625,sprint,,mobile
1559116169727,enter,b1644,sprint,,mobile
1559116234445,respond,q2130,sprint,a,mobile
1559116242475,submit,b1644,sprint,,mobile
1559116401347,enter,b1941,sprint,,mobile
1559116465892,respond,q3021,sprint,d,mobile
1559116471364,submit,b1941,sprint,,mobile
1559116568662,enter,b1978,sprint,,mobile
1559116628781,respond,q3132,sprint,b,mobile
1559116633537,submit,b1978,sprint,,mobile
1559116680093,enter,b1966,sprint,,mobile
1559116756848,respond,q3096,sprint,c,mobile
1559116763008,submit,b1966,sprint,,mobile
1559116815872,enter,b1951,sprint,,mobile
1559116879420,respond,q3051,sprint,c,mobile
1559116884530,submit,b1951,sprint,,mobile
1559116966102,enter,b2017,sprint,,mobile
1559117047874,respond,q3249,sprint,c,mobile
1559117054191,submit,b2017,sprint,,mobile
1559117131778,enter,b1845,sprint,,mobile
1559117213911,respond,q2733,sprint,b,mobile
1559117217854,submit,b1845,sprint,,mobile
1559117401858,enter,b1852,sprint,,mobile
1559117489655,respond,q2754,sprint,b,mobile
1559117501475,submit,b1852,sprint,,mobile
1559117577836,enter,b2052,sprint,,mobile
1559117662697,respond,q3354,sprint,b,mobile
1559117667779,submit,b2052,sprint,,mobile
1559117812119,enter,b1860,sprint,,mobile
1559117879782,respond,q2778,sprint,a,mobile
1559117884871,submit,b1860,sprint,,mobile
1559118030770,enter,b8330,sprint,,mobile
1559118122957,respond,q11296,sprint,b,mobile
1559118129417,submit,b8330,sprint,,mobile
1559118248439,enter,b11412,sprint,,mobile
1559118283187,respond,q17175,sprint,b,mobile
1559118287014,submit,b11412,sprint,,mobile
1559118331573,enter,b4048,sprint,,mobile
1559118340762,respond,q5516,sprint,c,mobile
1559118344738,submit,b4048,sprint,,mobile
1559118352847,enter,b4188,sprint,,mobile
1559118389854,respond,q5656,sprint,a,mobile
1559118394301,submit,b4188,sprint,,mobile
1559118427740,enter,b3627,sprint,,mobile
1559118463590,respond,q5095,sprint,c,mobile
1559118468636,submit,b3627,sprint,,mobile
1559118618419,enter,b3002,adaptive_offer,,mobile
1559118631877,respond,q4470,adaptive_offer,a,mobile
1559118635269,submit,b3002,adaptive_offer,,mobile
1559118642194,enter,b4305,adaptive_offer,,mobile
1559118665327,respond,q5773,adaptive_offer,b,mobile
1559118668535,submit,b4305,adaptive_offer,,mobile
1559118741378,enter,b11476,sprint,,mobile
1559118770558,respond,q17239,sprint,b,mobile
1559118778308,respond,q17239,sprint,a,mobile
1559118782922,submit,b11476,sprint,,mobile
1559118807931,enter,b3938,sprint,,mobile
1559118856208,respond,q5406,sprint,b,mobile
1559118858475,respond,q5406,sprint,a,mobile
1559118862773,submit,b3938,sprint,,mobile
1559118888657,enter,b3268,sprint,,mobile
1559118899014,respond,q4736,sprint,c,mobile
1559118909274,submit,b3268,sprint,,mobile
1559118925903,enter,b4396,sprint,,mobile
1559118930758,respond,q5864,sprint,c,mobile
1559118934052,submit,b4396,sprint,,mobile
1559118945986,enter,b7337,sprint,,mobile
1559118963594,respond,q9986,sprint,d,mobile
1559118973166,submit,b7337,sprint,,mobile
1559119013156,enter,b3071,sprint,,mobile
1559119031009,respond,q4539,sprint,d,mobile
1559119041753,respond,q4539,sprint,b,mobile
1559119045583,submit,b3071,sprint,,mobile
1559119170137,enter,b4854,sprint,,mobile
1559119186216,respond,q6322,sprint,c,mobile
1559119193749,submit,b4854,sprint,,mobile
1559119233304,enter,b3062,sprint,,mobile
1559119255455,respond,q4530,sprint,d,mobile
1559119258498,submit,b3062,sprint,,mobile
1559119385064,enter,b11336,sprint,,mobile
1559119408672,respond,q17099,sprint,b,mobile
1559119411229,submit,b11336,sprint,,mobile
1559119429632,enter,b4085,sprint,,mobile
1559119479805,respond,q5553,sprint,b,mobile
1559119485064,submit,b4085,sprint,,mobile
1559119616295,enter,b3573,sprint,,mobile
1559119665102,respond,q5041,sprint,c,mobile
1559119665816,respond,q5041,sprint,b,mobile
1559119666318,respond,q5041,sprint,c,mobile
1559119670919,submit,b3573,sprint,,mobile
1559120124725,enter,b3065,sprint,,mobile
1559120158788,respond,q4533,sprint,c,mobile
1559120161844,submit,b3065,sprint,,mobile
1559120801601,enter,b5847,sprint,,mobile
1559120829613,respond,q8496,sprint,c,mobile
1559120834741,submit,b5847,sprint,,mobile
1559120926610,enter,b4867,sprint,,mobile
1559121005642,respond,q6335,sprint,c,mobile
1559121009100,submit,b4867,sprint,,mobile
1559121048875,enter,b2958,sprint,,mobile
1559121089884,respond,q4426,sprint,c,mobile
1559121093397,submit,b2958,sprint,,mobile
1559121106937,enter,b2736,sprint,,mobile
1559121116917,respond,q4204,sprint,b,mobile
1559121134445,submit,b2736,sprint,,mobile
1559121160916,enter,b7075,sprint,,mobile
1559121212354,respond,q9724,sprint,d,mobile
1559121216717,submit,b7075,sprint,,mobile
1559121235399,enter,b5139,sprint,,mobile
1559121259356,respond,q6733,sprint,c,mobile
1559121262433,submit,b5139,sprint,,mobile
1559121320977,enter,b3761,sprint,,mobile
1559121342582,respond,q5229,sprint,a,mobile
1559121345897,submit,b3761,sprint,,mobile
1559121364370,enter,b3023,sprint,,mobile
1559121395029,respond,q4491,sprint,d,mobile
1559121398071,submit,b3023,sprint,,mobile
1559121414046,enter,b5966,sprint,,mobile
1559121436734,respond,q8615,sprint,a,mobile
1559121444092,submit,b5966,sprint,,mobile
1559121459632,enter,b3796,sprint,,mobile
1559121482202,respond,q5264,sprint,a,mobile
1559121492527,submit,b3796,sprint,,mobile
1559121502053,enter,b2223,sprint,,mobile
1559121532075,respond,q3691,sprint,a,mobile
1559121532573,respond,q3691,sprint,b,mobile
1559121541279,submit,b2223,sprint,,mobile
1559121848581,enter,b2223,adaptive_offer,,mobile
1559121857575,respond,q3691,adaptive_offer,a,mobile
1559121860166,submit,b2223,adaptive_offer,,mobile
1559121865930,enter,b5139,adaptive_offer,,mobile
1559121887989,respond,q6733,adaptive_offer,d,mobile
1559121892198,submit,b5139,adaptive_offer,,mobile
1559121908334,enter,b2306,sprint,,mobile
1559121928417,respond,q3774,sprint,a,mobile
1559121935520,submit,b2306,sprint,,mobile
1559121948989,enter,b7463,sprint,,mobile
1559121975490,respond,q10112,sprint,b,mobile
1559121979799,submit,b7463,sprint,,mobile
1559121997599,enter,b3412,sprint,,mobile
1559122032879,respond,q4880,sprint,d,mobile
1559122033564,respond,q4880,sprint,c,mobile
1559122036590,submit,b3412,sprint,,mobile
1559122052251,enter,b4719,sprint,,mobile
1559122102019,respond,q6187,sprint,a,mobile
1559122105594,submit,b4719,sprint,,mobile
1559122135046,enter,b3752,sprint,,mobile
1559122168069,respond,q5220,sprint,c,mobile
1559122170925,submit,b3752,sprint,,mobile
1559122199953,enter,b11548,sprint,,mobile
1559122215954,respond,q17311,sprint,a,mobile
1559122219260,submit,b11548,sprint,,mobile
1559122226495,enter,b7013,sprint,,mobile
1559122272783,respond,q9662,sprint,a,mobile
1559122276270,submit,b7013,sprint,,mobile
1559122291837,enter,b2620,sprint,,mobile
1559122321406,respond,q4088,sprint,b,mobile
1559122327001,submit,b2620,sprint,,mobile
1559122337384,enter,b4103,sprint,,mobile
1559122381824,respond,q5571,sprint,b,mobile
1559122384649,submit,b4103,sprint,,mobile
1559122395956,enter,b6148,sprint,,mobile
1559122441503,respond,q8797,sprint,d,mobile
1559122442505,respond,q8797,sprint,b,mobile
1559122446085,submit,b6148,sprint,,mobile
1559122492443,enter,b2999,sprint,,mobile
1559122552415,respond,q4467,sprint,a,mobile
1559122556061,submit,b2999,sprint,,mobile
1559122582956,enter,b2563,sprint,,mobile
1559122599917,respond,q4031,sprint,b,mobile
1559122603844,submit,b2563,sprint,,mobile
1559122624639,enter,b3096,sprint,,mobile
1559122653168,respond,q4564,sprint,a,mobile
1559122656094,submit,b3096,sprint,,mobile
1559122667670,enter,b6255,sprint,,mobile
1559122701423,respond,q8904,sprint,d,mobile
1559122703731,submit,b6255,sprint,,mobile
1559122721649,enter,b3307,sprint,,mobile
1559122788828,respond,q4775,sprint,c,mobile
1559122792822,submit,b3307,sprint,,mobile
1559122861780,enter,b2197,adaptive_offer,,mobile
1559122911053,respond,q3665,adaptive_offer,b,mobile
1559122914089,submit,b2197,adaptive_offer,,mobile
1559122919236,enter,b3307,adaptive_offer,,mobile
1559122931051,respond,q4775,adaptive_offer,b,mobile
1559122933639,submit,b3307,adaptive_offer,,mobile
1559122965825,enter,b5833,sprint,,mobile
1559122975826,respond,q8482,sprint,a,mobile
1559122981427,submit,b5833,sprint,,mobile
1559122991975,enter,b4980,sprint,,mobile
1559123017804,respond,q6448,sprint,b,mobile
1559123021993,submit,b4980,sprint,,mobile
1559123031990,enter,b6076,sprint,,mobile
1559123065452,respond,q8725,sprint,c,mobile
1559123068275,submit,b6076,sprint,,mobile
1559123165225,enter,b3592,sprint,,mobile
1559123191719,respond,q5060,sprint,c,mobile
1559123195861,submit,b3592,sprint,,mobile
1559123203819,enter,b4721,sprint,,mobile
1559123279439,respond,q6189,sprint,c,mobile
1559123283323,submit,b4721,sprint,,mobile
1559123305574,enter,b4223,sprint,,mobile
1559123334810,respond,q5691,sprint,c,mobile
1559123337887,submit,b4223,sprint,,mobile
1559123347679,enter,b7642,sprint,,mobile
1559123368980,respond,q10291,sprint,d,mobile
1559123374031,submit,b7642,sprint,,mobile
1559123388724,enter,b3577,sprint,,mobile
1559123401109,respond,q5045,sprint,c,mobile
1559123404488,submit,b3577,sprint,,mobile
1559125123756,enter,b4866,sprint,,mobile
1559125156211,respond,q6334,sprint,b,mobile
1559125158972,submit,b4866,sprint,,mobile
1559125169283,enter,b5055,sprint,,mobile
1559125185667,respond,q6523,sprint,a,mobile
1559125188408,respond,q6523,sprint,b,mobile
1559125191932,submit,b5055,sprint,,mobile
1559125199808,enter,b5738,sprint,,mobile
1559125222327,respond,q8387,sprint,c,mobile
1559125230768,submit,b5738,sprint,,mobile
1559125258488,enter,b5049,sprint,,mobile
1559125279356,respond,q6517,sprint,c,mobile
1559125282276,submit,b5049,sprint,,mobile
1559125292051,enter,b2969,sprint,,mobile
1559125310649,respond,q4437,sprint,d,mobile
1559125313907,submit,b2969,sprint,,mobile
1559125330083,enter,b4754,sprint,,mobile
1559125355828,respond,q6222,sprint,d,mobile
1559125358871,submit,b4754,sprint,,mobile
1559125415350,enter,b6802,sprint,,mobile
1559125432020,respond,q9451,sprint,b,mobile
1559125437520,submit,b6802,sprint,,mobile
1559125464387,enter,b3048,sprint,,mobile
1559125478167,respond,q4516,sprint,c,mobile
1559125498954,submit,b3048,sprint,,mobile
1559125517324,enter,b2498,sprint,,mobile
1559125532440,respond,q3966,sprint,a,mobile
1559125535466,submit,b2498,sprint,,mobile
1559125548986,enter,b2791,sprint,,mobile
1559125577888,respond,q4259,sprint,c,mobile
1559125581375,submit,b2791,sprint,,mobile
1559125596736,enter,b7586,sprint,,mobile
1559125624702,respond,q10235,sprint,d,mobile
1559125627860,submit,b7586,sprint,,mobile
1559125644295,enter,b4826,sprint,,mobile
1559125680793,respond,q6294,sprint,b,mobile
1559125685923,submit,b4826,sprint,,mobile
1559125705649,enter,b2594,sprint,,mobile
1559125721161,respond,q4062,sprint,c,mobile
1559125727699,submit,b2594,sprint,,mobile
1559125740876,enter,b3024,sprint,,mobile
1559125762334,respond,q4492,sprint,b,mobile
1559125779221,submit,b3024,sprint,,mobile
1559125816954,enter,b6525,sprint,,mobile
1559125852509,respond,q9174,sprint,c,mobile
1559125855615,submit,b6525,sprint,,mobile
1559125870719,enter,b2808,sprint,,mobile
1559125875147,respond,q4276,sprint,c,mobile
1559125878377,submit,b2808,sprint,,mobile
1559125887411,enter,b2350,sprint,,mobile
1559125907728,respond,q3818,sprint,a,mobile
1559125915417,submit,b2350,sprint,,mobile
1559125949385,enter,b2934,sprint,,mobile
1559126003301,respond,q4402,sprint,b,mobile
1559126006310,submit,b2934,sprint,,mobile
1559126049001,enter,b5659,sprint,,mobile
1559126107282,respond,q8188,sprint,b,mobile
1559126110588,submit,b5659,sprint,,mobile
1559126135798,enter,b3261,sprint,,mobile
1559126157626,respond,q4729,sprint,b,mobile
1559126161183,submit,b3261,sprint,,mobile
1559126337952,enter,b4297,adaptive_offer,,mobile
1559126387885,respond,q5765,adaptive_offer,a,mobile
1559126390773,submit,b4297,adaptive_offer,,mobile
1559126414474,enter,b3261,adaptive_offer,,mobile
1559126435506,respond,q4729,adaptive_offer,c,mobile
1559126439711,submit,b3261,adaptive_offer,,mobile
1559126455022,enter,b3852,sprint,,mobile
1559126494718,respond,q5320,sprint,c,mobile
1559126499512,submit,b3852,sprint,,mobile
1559126530281,enter,b3782,sprint,,mobile
1559126581951,respond,q5250,sprint,c,mobile
1559126584813,submit,b3782,sprint,,mobile
1559126602468,enter,b5744,sprint,,mobile
1559126633311,respond,q8393,sprint,d,mobile
1559126637124,submit,b5744,sprint,,mobile
1559126651543,enter,b4940,sprint,,mobile
1559126661637,respond,q6408,sprint,b,mobile
1559126664981,submit,b4940,sprint,,mobile
1559126671552,enter,b2850,sprint,,mobile
1559126719084,respond,q4318,sprint,d,mobile
1559126723460,submit,b2850,sprint,,mobile
1559126736413,enter,b5029,sprint,,mobile
1559126798227,respond,q6497,sprint,d,mobile
1559126802356,submit,b5029,sprint,,mobile
1559126841255,enter,b6198,sprint,,mobile
1559126859934,respond,q8847,sprint,d,mobile
1559126863743,submit,b6198,sprint,,mobile
1559126888620,enter,b4434,sprint,,mobile
1559126918428,respond,q5902,sprint,a,mobile
1559126922526,submit,b4434,sprint,,mobile
1559126937126,enter,b3021,sprint,,mobile
1559126964094,respond,q4489,sprint,c,mobile
1559126975509,submit,b3021,sprint,,mobile
1559127865710,enter,b3852,adaptive_offer,,mobile
1559127883222,respond,q5320,adaptive_offer,b,mobile
1559127886141,submit,b3852,adaptive_offer,,mobile
1559127903156,enter,b3021,adaptive_offer,,mobile
1559127913312,respond,q4489,adaptive_offer,b,mobile
1559127917452,submit,b3021,adaptive_offer,,mobile
1559127936737,enter,b5033,sprint,,mobile
1559127949936,respond,q6501,sprint,d,mobile
1559127954116,submit,b5033,sprint,,mobile
1559128797262,enter,b6485,sprint,,mobile
1559128834641,respond,q9134,sprint,b,mobile
1559128842325,submit,b6485,sprint,,mobile
1559128857246,enter,b2442,sprint,,mobile
1559128883561,respond,q3910,sprint,a,mobile
1559128886478,submit,b2442,sprint,,mobile
1559128929376,enter,b2698,sprint,,mobile
1559128948006,respond,q4166,sprint,c,mobile
1559128954167,submit,b2698,sprint,,mobile
1559129193595,enter,b3071,adaptive_offer,,mobile
1559129212238,respond,q4539,adaptive_offer,b,mobile
1559129215377,submit,b3071,adaptive_offer,,mobile
1559129224517,enter,b2698,adaptive_offer,,mobile
1559129249664,respond,q4166,adaptive_offer,c,mobile
1559129250148,respond,q4166,adaptive_offer,b,mobile
1559129252590,submit,b2698,adaptive_offer,,mobile
1559129264325,enter,b4995,sprint,,mobile
1559129314992,respond,q6463,sprint,b,mobile
1559129320655,respond,q6463,sprint,d,mobile
1559129332407,submit,b4995,sprint,,mobile
1559129349468,enter,b6488,sprint,,mobile
1559129367257,respond,q9137,sprint,b,mobile
1559129371220,submit,b6488,sprint,,mobile
1559129391244,enter,b2461,sprint,,mobile
1559129446239,respond,q3929,sprint,d,mobile
1559129449745,submit,b2461,sprint,,mobile
1559129490153,enter,b3291,sprint,,mobile
1559129509596,respond,q4759,sprint,a,mobile
1559129514275,submit,b3291,sprint,,mobile
1559129525789,enter,b3085,sprint,,mobile
1559129585745,respond,q4553,sprint,a,mobile
1559129589283,submit,b3085,sprint,,mobile
1559129608850,enter,b7033,sprint,,mobile
1559129651274,respond,q9682,sprint,c,mobile
1559129654364,submit,b7033,sprint,,mobile
1559129676331,enter,b3020,sprint,,mobile
1559129711571,respond,q4488,sprint,a,mobile
1559129718038,submit,b3020,sprint,,mobile
1559129728146,enter,b3854,sprint,,mobile
1559129746724,respond,q5322,sprint,d,mobile
1559129765693,submit,b3854,sprint,,mobile
1559129780846,enter,b4922,sprint,,mobile
1559129823434,respond,q6390,sprint,c,mobile
1559129823985,respond,q6390,sprint,b,mobile
1559129827030,submit,b4922,sprint,,mobile
1559129848868,enter,b11324,sprint,,mobile
1559129874026,respond,q17087,sprint,d,mobile
1559129877488,submit,b11324,sprint,,mobile
1559129891574,enter,b2533,sprint,,mobile
1559129923889,respond,q4001,sprint,b,mobile
1559129926962,submit,b2533,sprint,,mobile
1559129944656,enter,b2453,sprint,,mobile
1559130016237,respond,q3921,sprint,c,mobile
1559130020547,submit,b2453,sprint,,mobile
1559130310390,enter,b2517,adaptive_offer,,mobile
1559130342725,respond,q3985,adaptive_offer,d,mobile
1559130345562,submit,b2517,adaptive_offer,,mobile
1559130352414,enter,b2453,adaptive_offer,,mobile
1559130358862,respond,q3921,adaptive_offer,a,mobile
1559130363441,submit,b2453,adaptive_offer,,mobile
1559130377977,enter,b4810,sprint,,mobile
1559130413630,respond,q6278,sprint,c,mobile
1559130418780,submit,b4810,sprint,,mobile
1559130433280,enter,b6904,sprint,,mobile
1559130455884,respond,q9553,sprint,c,mobile
1559130465043,respond,q9553,sprint,a,mobile
1559130470175,submit,b6904,sprint,,mobile
1559130478383,enter,b4853,sprint,,mobile
1559130499249,respond,q6321,sprint,d,mobile
1559130502320,submit,b4853,sprint,,mobile
1559130517031,enter,b2836,sprint,,mobile
1559130562521,respond,q4304,sprint,a,mobile
1559130566235,submit,b2836,sprint,,mobile
1559130581781,enter,b2836,adaptive_offer,,mobile
1559130585762,respond,q4304,adaptive_offer,c,mobile
1559130591476,submit,b2836,adaptive_offer,,mobile
1559130613507,enter,b5033,adaptive_offer,,mobile
1559130670691,respond,q6501,adaptive_offer,c,mobile
1559130679400,submit,b5033,adaptive_offer,,mobile
1559130791146,enter,b4688,sprint,,mobile
1559130812815,respond,q6156,sprint,b,mobile
1559130817314,submit,b4688,sprint,,mobile
1559130828287,enter,b7305,sprint,,mobile
1559130902760,respond,q9954,sprint,c,mobile
1559130906201,submit,b7305,sprint,,mobile
1559130922038,enter,b4462,sprint,,mobile
1559130939617,respond,q5930,sprint,a,mobile
1559130944392,submit,b4462,sprint,,mobile
1559130957797,enter,b3135,sprint,,mobile
1559130995224,respond,q4603,sprint,d,mobile
1559131001024,submit,b3135,sprint,,mobile
1559131012986,enter,b2730,sprint,,mobile
1559131047324,respond,q4198,sprint,c,mobile
1559131051214,submit,b2730,sprint,,mobile
1559131067440,enter,b11433,sprint,,mobile
1559131086918,respond,q17196,sprint,a,mobile
1559131090315,submit,b11433,sprint,,mobile
1559131098370,enter,b3308,sprint,,mobile
1559131108555,respond,q4776,sprint,c,mobile
1559131115524,submit,b3308,sprint,,mobile
1559131125863,enter,b4314,sprint,,mobile
1559131134857,respond,q5782,sprint,c,mobile
1559131137594,submit,b4314,sprint,,mobile
1559131149665,enter,b4226,sprint,,mobile
1559131182091,respond,q5694,sprint,a,mobile
1559131216410,respond,q5694,sprint,a,mobile
1559131219621,submit,b4226,sprint,,mobile
1559131242414,enter,b2705,sprint,,mobile
1559131270013,respond,q4173,sprint,b,mobile
1559131272902,submit,b2705,sprint,,mobile
1559131292367,enter,b3039,sprint,,mobile
1559131343749,respond,q4507,sprint,a,mobile
1559131347971,respond,q4507,sprint,c,mobile
1559131353073,submit,b3039,sprint,,mobile
1559131366341,enter,b3602,sprint,,mobile
1559131398116,respond,q5070,sprint,d,mobile
1559131401006,submit,b3602,sprint,,mobile
1559131431268,enter,b2229,sprint,,mobile
1559131470318,respond,q3697,sprint,d,mobile
1559131473838,submit,b2229,sprint,,mobile
1559131485402,enter,b6826,sprint,,mobile
1559131508317,respond,q9475,sprint,d,mobile
1559131513419,submit,b6826,sprint,,mobile
1559131523931,enter,b3015,sprint,,mobile
1559131571568,respond,q4483,sprint,b,mobile
1559131586260,submit,b3015,sprint,,mobile
1559131615764,enter,b4973,sprint,,mobile
1559131644403,respond,q6441,sprint,d,mobile
1559131647343,submit,b4973,sprint,,mobile
1559131689309,enter,b2284,sprint,,mobile
1559131714178,respond,q3752,sprint,a,mobile
1559131717168,submit,b2284,sprint,,mobile
1559131726474,enter,b7647,sprint,,mobile
1559131744769,respond,q10296,sprint,b,mobile
1559131747580,submit,b7647,sprint,,mobile
1559131757119,enter,b3844,sprint,,mobile
1559131783566,respond,q5312,sprint,c,mobile
1559131786223,submit,b3844,sprint,,mobile
1559131813644,enter,b2446,sprint,,mobile
1559131832441,respond,q3914,sprint,a,mobile
1559131835296,submit,b2446,sprint,,mobile
1559131842820,enter,b3439,sprint,,mobile
1559131870802,respond,q4907,sprint,b,mobile
1559131873481,submit,b3439,sprint,,mobile
1559131883568,enter,b7100,sprint,,mobile
1559131906190,respond,q9749,sprint,d,mobile
1559131911952,submit,b7100,sprint,,mobile
1559131927079,enter,b3762,sprint,,mobile
1559131951423,respond,q5230,sprint,a,mobile
1559131954981,submit,b3762,sprint,,mobile
1559131970811,enter,b2555,sprint,,mobile
1559132013012,respond,q4023,sprint,a,mobile
1559132018271,submit,b2555,sprint,,mobile
1559132307501,enter,b4290,sprint,,mobile
1559132317754,respond,q5758,sprint,a,mobile
1559132320746,submit,b4290,sprint,,mobile
1559132351617,enter,b7507,sprint,,mobile
1559132362404,respond,q10156,sprint,a,mobile
1559132371705,respond,q10156,sprint,d,mobile
1559132375549,submit,b7507,sprint,,mobile
1559132382055,enter,b2820,sprint,,mobile
1559132406577,respond,q4288,sprint,a,mobile
1559132413996,respond,q4288,sprint,d,mobile
1559132418157,submit,b2820,sprint,,mobile
1559132424960,enter,b3753,sprint,,mobile
1559132504392,respond,q5221,sprint,b,mobile
1559132511760,submit,b3753,sprint,,mobile
1559132524410,enter,b3934,sprint,,mobile
1559132553212,respond,q5402,sprint,a,mobile
1559132558249,submit,b3934,sprint,,mobile
1559132567913,enter,b6888,sprint,,mobile
1559132588834,respond,q9537,sprint,b,mobile
1559132592330,submit,b6888,sprint,,mobile
1559132599325,enter,b4215,sprint,,mobile
1559132618614,respond,q5683,sprint,c,mobile
1559132620467,respond,q5683,sprint,a,mobile
1559132651109,submit,b4215,sprint,,mobile
1559132673998,enter,b3598,sprint,,mobile
1559132687217,respond,q5066,sprint,a,mobile
1559132692596,submit,b3598,sprint,,mobile
1559205156957,enter,b4865,sprint,,mobile
1559205174351,respond,q6333,sprint,b,mobile
1559205178298,submit,b4865,sprint,,mobile
1559205495681,enter,b4290,adaptive_offer,,mobile
1559205528156,respond,q5758,adaptive_offer,b,mobile
1559205533317,submit,b4290,adaptive_offer,,mobile
1559205557368,enter,b4865,adaptive_offer,,mobile
1559205565534,respond,q6333,adaptive_offer,a,mobile
1559205569359,submit,b4865,adaptive_offer,,mobile
1559206629274,enter,b11501,sprint,,mobile
1559206657336,respond,q17264,sprint,a,mobile
1559206661164,submit,b11501,sprint,,mobile
1559206683637,enter,b6930,sprint,,mobile
1559206723585,respond,q9579,sprint,c,mobile
1559206726297,submit,b6930,sprint,,mobile
1559206882407,enter,b3056,sprint,,mobile
1559206915918,respond,q4524,sprint,d,mobile
1559206919412,submit,b3056,sprint,,mobile
1559206929193,enter,b2481,sprint,,mobile
1559206961398,respond,q3949,sprint,b,mobile
1559206965478,submit,b2481,sprint,,mobile
1559207507891,enter,b6537,sprint,,mobile
1559207526748,respond,q9186,sprint,c,mobile
1559207530126,submit,b6537,sprint,,mobile
1559207569875,enter,b3813,sprint,,mobile
1559207587533,respond,q5281,sprint,b,mobile
1559207592912,submit,b3813,sprint,,mobile
1559207621734,enter,b3041,sprint,,mobile
1559207668334,respond,q4509,sprint,b,mobile
1559207671763,submit,b3041,sprint,,mobile
1559207735088,enter,b3979,sprint,,mobile
1559207754250,respond,q5447,sprint,a,mobile
1559207757573,submit,b3979,sprint,,mobile
1559207787628,enter,b6289,sprint,,mobile
1559207819179,respond,q8938,sprint,d,mobile
1559207823823,submit,b6289,sprint,,mobile
1559207859098,enter,b4219,sprint,,mobile
1559207883575,respond,q5687,sprint,a,mobile
1559207892446,respond,q5687,sprint,b,mobile
1559207900982,respond,q5687,sprint,d,mobile
1559207904480,respond,q5687,sprint,b,mobile
1559207916606,submit,b4219,sprint,,mobile
1559207954125,enter,b3900,sprint,,mobile
1559207976224,respond,q5368,sprint,a,mobile
1559207979245,submit,b3900,sprint,,mobile
1559208002904,enter,b5151,sprint,,mobile
1559208062911,respond,q6745,sprint,c,mobile
1559208066414,submit,b5151,sprint,,mobile
1559208101165,enter,b6290,sprint,,mobile
1559208132029,respond,q8939,sprint,c,mobile
1559208136658,submit,b6290,sprint,,mobile
1559208199490,enter,b4751,sprint,,mobile
1559208215672,respond,q6219,sprint,d,mobile
1559208219601,submit,b4751,sprint,,mobile
1559208228358,enter,b2765,sprint,,mobile
1559208256107,respond,q4233,sprint,c,mobile
1559208259014,respond,q4233,sprint,b,mobile
1559208265580,submit,b2765,sprint,,mobile
1559208338325,enter,b4862,sprint,,mobile
1559208373956,respond,q6330,sprint,b,mobile
1559208379969,submit,b4862,sprint,,mobile
1559208389940,enter,b11405,sprint,,mobile
1559208414856,respond,q17168,sprint,b,mobile
1559208422141,submit,b11405,sprint,,mobile
1559208448142,enter,b3538,sprint,,mobile
1559208465299,respond,q5006,sprint,c,mobile
1559208468222,submit,b3538,sprint,,mobile
1559208475762,enter,b3008,sprint,,mobile
1559208505068,respond,q4476,sprint,d,mobile
1559208505766,respond,q4476,sprint,c,mobile
1559208510514,submit,b3008,sprint,,mobile
1559208545720,enter,b3787,sprint,,mobile
1559208570178,respond,q5255,sprint,c,mobile
1559208575073,respond,q5255,sprint,d,mobile
1559208578654,submit,b3787,sprint,,mobile
1559208620668,enter,b6678,sprint,,mobile
1559208698499,respond,q9327,sprint,d,mobile
1559208701394,submit,b6678,sprint,,mobile
1559208734734,enter,b4635,sprint,,mobile
1559208765889,respond,q6103,sprint,d,mobile
1559208768291,respond,q6103,sprint,c,mobile
1559208772870,submit,b4635,sprint,,mobile
1559209306197,enter,b4635,adaptive_offer,,mobile
1559209321816,respond,q6103,adaptive_offer,d,mobile
1559209324809,submit,b4635,adaptive_offer,,mobile
1559209331307,enter,b3761,adaptive_offer,,mobile
1559209336919,respond,q5229,adaptive_offer,c,mobile
1559209343350,submit,b3761,adaptive_offer,,mobile
1559209355783,enter,b3811,sprint,,mobile
1559209413258,respond,q5279,sprint,c,mobile
1559209445029,submit,b3811,sprint,,mobile
1559209466213,enter,b3925,sprint,,mobile
1559209509850,respond,q5393,sprint,d,mobile
1559209516717,submit,b3925,sprint,,mobile
1559209570528,enter,b6771,sprint,,mobile
1559209644593,respond,q9420,sprint,b,mobile
1559209647786,submit,b6771,sprint,,mobile
1559209669324,enter,b4184,sprint,,mobile
1559209721920,respond,q5652,sprint,c,mobile
1559209724995,submit,b4184,sprint,,mobile
1559209822745,enter,b4864,sprint,,mobile
1559209853064,respond,q6332,sprint,c,mobile
1559209857622,submit,b4864,sprint,,mobile
1559209876072,enter,b3765,sprint,,mobile
1559209962422,respond,q5233,sprint,a,mobile
1559209965848,submit,b3765,sprint,,mobile
1559209987414,enter,b6924,sprint,,mobile
1559210020783,respond,q9573,sprint,a,mobile
1559210023907,submit,b6924,sprint,,mobile
1559210083564,enter,b3882,sprint,,mobile
1559210141471,respond,q5350,sprint,d,mobile
1559210142185,respond,q5350,sprint,c,mobile
1559210145147,submit,b3882,sprint,,mobile
1559211063163,enter,b2227,sprint,,mobile
1559211092566,respond,q3695,sprint,d,mobile
1559211096808,respond,q3695,sprint,b,mobile
1559211104746,submit,b2227,sprint,,mobile
1559211119957,enter,b4279,sprint,,mobile
1559211144861,respond,q5747,sprint,d,mobile
1559211149607,submit,b4279,sprint,,mobile
1559211160808,enter,b6126,sprint,,mobile
1559211184629,respond,q8775,sprint,b,mobile
1559211189125,submit,b6126,sprint,,mobile
1559211235169,enter,b3957,sprint,,mobile
1559211275775,respond,q5425,sprint,d,mobile
1559211279537,submit,b3957,sprint,,mobile
1559211359070,enter,b4181,sprint,,mobile
1559211402676,respond,q5649,sprint,d,mobile
1559211405804,submit,b4181,sprint,,mobile
1559211431047,enter,b3744,sprint,,mobile
1559211453855,respond,q5212,sprint,a,mobile
1559211476981,submit,b3744,sprint,,mobile
1559211542150,enter,b7628,sprint,,mobile
1559211564390,respond,q10277,sprint,a,mobile
1559211569647,submit,b7628,sprint,,mobile
1559211581900,enter,b2230,sprint,,mobile
1559211635397,respond,q3698,sprint,a,mobile
1559211639791,submit,b2230,sprint,,mobile
1559211762116,enter,b3022,sprint,,mobile
1559211777620,respond,q4490,sprint,b,mobile
1559211780693,submit,b3022,sprint,,mobile
1559211800099,enter,b4461,sprint,,mobile
1559211816932,respond,q5929,sprint,d,mobile
1559211822684,submit,b4461,sprint,,mobile
1559211834105,enter,b6188,sprint,,mobile
1559211875663,respond,q8837,sprint,a,mobile
1559211879306,submit,b6188,sprint,,mobile
1559211902603,enter,b3821,sprint,,mobile
1559211941928,respond,q5289,sprint,c,mobile
1559211946378,submit,b3821,sprint,,mobile
1559211955650,enter,b4730,sprint,,mobile
1559212036502,respond,q6198,sprint,d,mobile
1559212048882,submit,b4730,sprint,,mobile
1559212155834,enter,b3591,sprint,,mobile
1559212167478,respond,q5059,sprint,c,mobile
1559212192494,respond,q5059,sprint,a,mobile
1559212195734,submit,b3591,sprint,,mobile
1559212283157,enter,b11570,sprint,,mobile
1559212339260,respond,q17333,sprint,a,mobile
1559212347781,submit,b11570,sprint,,mobile
1559212400387,enter,b2926,sprint,,mobile
1559212451823,respond,q4394,sprint,c,mobile
1559212455821,submit,b2926,sprint,,mobile
1559212464328,enter,b4120,sprint,,mobile
1559212502349,respond,q5588,sprint,a,mobile
1559212508455,submit,b4120,sprint,,mobile
1559212532181,enter,b3576,sprint,,mobile
1559212567998,respond,q5044,sprint,d,mobile
1559212571540,submit,b3576,sprint,,mobile
1559212592080,enter,b6272,sprint,,mobile
1559212670110,respond,q8921,sprint,c,mobile
1559212675688,submit,b6272,sprint,,mobile
1559212719141,enter,b2214,sprint,,mobile
1559212748203,respond,q3682,sprint,c,mobile
1559212755453,submit,b2214,sprint,,mobile
1559212762053,enter,b2678,sprint,,mobile
1559212840068,respond,q4146,sprint,d,mobile
1559212843826,submit,b2678,sprint,,mobile
1559212893030,enter,b2663,sprint,,mobile
1559212927884,respond,q4131,sprint,c,mobile
1559212949223,respond,q4131,sprint,d,mobile
1559212953747,respond,q4131,sprint,c,mobile
1559212965945,respond,q4131,sprint,d,mobile
1559212970908,submit,b2663,sprint,,mobile
1559212992767,enter,b11439,sprint,,mobile
1559213036577,respond,q17202,sprint,a,mobile
1559213040118,submit,b11439,sprint,,mobile
1559213332023,enter,b2659,sprint,,mobile
1559213356023,respond,q4127,sprint,a,mobile
1559213359616,submit,b2659,sprint,,mobile
1559213366423,enter,b4741,sprint,,mobile
1559213440372,respond,q6209,sprint,b,mobile
1559213444299,submit,b4741,sprint,,mobile
1559213455378,enter,b5053,sprint,,mobile
1559213486101,respond,q6521,sprint,a,mobile
1559213489761,submit,b5053,sprint,,mobile
1559213826664,enter,b3024,adaptive_offer,,mobile
1559213845151,respond,q4492,adaptive_offer,b,mobile
1559213845885,respond,q4492,adaptive_offer,c,mobile
1559213853595,submit,b3024,adaptive_offer,,mobile
1559213861336,enter,b3866,adaptive_offer,,mobile
1559213897169,respond,q5334,adaptive_offer,c,mobile
1559213899373,submit,b3866,adaptive_offer,,mobile
1559213913965,enter,b2472,sprint,,mobile
1559213966408,respond,q3940,sprint,d,mobile
1559213969719,submit,b2472,sprint,,mobile
1559278895686,enter,b3934,adaptive_offer,,mobile
1559278936405,respond,q5402,adaptive_offer,c,mobile
1559278939194,submit,b3934,adaptive_offer,,mobile
1559278946948,enter,b5060,adaptive_offer,,mobile
1559279021865,respond,q6528,adaptive_offer,d,mobile
1559279025053,submit,b5060,adaptive_offer,,mobile
1559279053782,enter,b4062,sprint,,mobile
1559279094614,respond,q5530,sprint,a,mobile
1559279097830,submit,b4062,sprint,,mobile
1559279127409,enter,b3777,sprint,,mobile
1559279161849,respond,q5245,sprint,a,mobile
1559279165016,submit,b3777,sprint,,mobile
1559279179357,enter,b3299,sprint,,mobile
1559279195684,respond,q4767,sprint,a,mobile
1559279199204,submit,b3299,sprint,,mobile
1559279210989,enter,b6192,sprint,,mobile
1559279246246,respond,q8841,sprint,a,mobile
1559279251017,submit,b6192,sprint,,mobile
1559279477302,enter,b3600,sprint,,mobile
1559279490170,respond,q5068,sprint,a,mobile
1559279493791,submit,b3600,sprint,,mobile
1559279515602,enter,b4484,sprint,,mobile
1559279543505,respond,q5952,sprint,a,mobile
1559279546963,submit,b4484,sprint,,mobile
1559279605096,enter,b4569,sprint,,mobile
1559279623640,respond,q6037,sprint,c,mobile
1559279627688,submit,b4569,sprint,,mobile
1559279641348,enter,b6773,sprint,,mobile
1559279666010,respond,q9422,sprint,c,mobile
1559279669336,submit,b6773,sprint,,mobile
1559279712282,enter,b3091,sprint,,mobile
1559279750741,respond,q4559,sprint,d,mobile
1559279754026,submit,b3091,sprint,,mobile
1559279788404,enter,b4695,sprint,,mobile
1559279848770,respond,q6163,sprint,b,mobile
1559279851654,submit,b4695,sprint,,mobile
1559279933700,enter,b4092,sprint,,mobile
1559279967485,respond,q5560,sprint,c,mobile
1559279970599,submit,b4092,sprint,,mobile
1559280009109,enter,b6551,sprint,,mobile
1559280037056,respond,q9200,sprint,b,mobile
1559280051185,submit,b6551,sprint,,mobile
1559280180392,enter,b4876,sprint,,mobile
1559280195932,respond,q6344,sprint,d,mobile
1559280200181,submit,b4876,sprint,,mobile
1559280227884,enter,b2783,sprint,,mobile
1559280239809,respond,q4251,sprint,d,mobile
1559280244222,submit,b2783,sprint,,mobile
1559280252044,enter,b5034,sprint,,mobile
1559280275168,respond,q6502,sprint,d,mobile
1559280278106,submit,b5034,sprint,,mobile
1559280312280,enter,b7684,sprint,,mobile
1559280396006,respond,q10333,sprint,b,mobile
1559280404273,submit,b7684,sprint,,mobile
1559280647329,enter,b4709,sprint,,mobile
1559280661984,respond,q6177,sprint,d,mobile
1559280664980,submit,b4709,sprint,,mobile
1559280674363,enter,b3774,sprint,,mobile
1559280730945,respond,q5242,sprint,c,mobile
1559280735123,submit,b3774,sprint,,mobile
1559280880284,enter,b4717,sprint,,mobile
1559280907586,respond,q6185,sprint,c,mobile
1559280911261,submit,b4717,sprint,,mobile
1559280928541,enter,b11579,sprint,,mobile
1559280978116,respond,q17342,sprint,b,mobile
1559280993045,respond,q17342,sprint,d,mobile
1559280998464,submit,b11579,sprint,,mobile
1559281070341,enter,b4033,sprint,,mobile
1559281088004,respond,q5501,sprint,b,mobile
1559281091201,submit,b4033,sprint,,mobile
1559281101270,enter,b6043,sprint,,mobile
1559281176323,respond,q8692,sprint,b,mobile
1559281179957,submit,b6043,sprint,,mobile
1559281585895,enter,b3751,adaptive_offer,,mobile
1559281596097,respond,q5219,adaptive_offer,c,mobile
1559281596614,respond,q5219,adaptive_offer,b,mobile
1559281599803,submit,b3751,adaptive_offer,,mobile
1559281605083,enter,b3753,adaptive_offer,,mobile
1559281630001,respond,q5221,adaptive_offer,a,mobile
1559281633089,submit,b3753,adaptive_offer,,mobile
1559281648514,enter,b3859,sprint,,mobile
1559281684854,respond,q5327,sprint,b,mobile
1559281688377,submit,b3859,sprint,,mobile
1559281928561,enter,b7047,sprint,,mobile
1559281986376,respond,q9696,sprint,b,mobile
1559281989830,submit,b7047,sprint,,mobile
1559282326612,enter,b4720,sprint,,mobile
1559282372243,respond,q6188,sprint,d,mobile
1559282372738,respond,q6188,sprint,c,mobile
1559282376307,submit,b4720,sprint,,mobile
1559282394699,enter,b4256,sprint,,mobile
1559282413128,respond,q5724,sprint,b,mobile
1559282416435,submit,b4256,sprint,,mobile
1559282459732,enter,b2478,sprint,,mobile
1559282489869,respond,q3946,sprint,a,mobile
1559282493044,submit,b2478,sprint,,mobile
1559282519965,enter,b5720,sprint,,mobile
1559282539010,respond,q8369,sprint,d,mobile
1559282542181,submit,b5720,sprint,,mobile
1559282547249,enter,b3604,sprint,,mobile
1559282579594,respond,q5072,sprint,b,mobile
1559282586222,submit,b3604,sprint,,mobile
1559282624485,enter,b2521,sprint,,mobile
1559282669656,respond,q3989,sprint,b,mobile
1559282670518,respond,q3989,sprint,a,mobile
1559282673943,submit,b2521,sprint,,mobile
1559282683605,enter,b2654,sprint,,mobile
1559282750924,respond,q4122,sprint,d,mobile
1559282753952,submit,b2654,sprint,,mobile
1559282767027,enter,b6496,sprint,,mobile
1559282806315,respond,q9145,sprint,b,mobile
1559282817471,submit,b6496,sprint,,mobile
1559282824318,enter,b3139,sprint,,mobile
1559282839393,respond,q4607,sprint,a,mobile
1559282846865,submit,b3139,sprint,,mobile
1559282859850,enter,b2704,sprint,,mobile
1559282907548,respond,q4172,sprint,b,mobile
1559282920383,submit,b2704,sprint,,mobile
1559282934158,enter,b5056,sprint,,mobile
1559282950921,respond,q6524,sprint,d,mobile
1559282951378,respond,q6524,sprint,b,mobile
1559282955784,submit,b5056,sprint,,mobile
1559282962980,enter,b11338,sprint,,mobile
1559282994134,respond,q17101,sprint,b,mobile
1559282996891,submit,b11338,sprint,,mobile
1559283042317,enter,b3848,sprint,,mobile
1559283081972,respond,q5316,sprint,a,mobile
1559283084791,submit,b3848,sprint,,mobile
1559283132311,enter,b2294,sprint,,mobile
1559283148369,respond,q3762,sprint,d,mobile
1559283151475,submit,b2294,sprint,,mobile
1559283162210,enter,b3601,sprint,,mobile
1559283204610,respond,q5069,sprint,a,mobile
1559283207387,submit,b3601,sprint,,mobile
1559283225845,enter,b6480,sprint,,mobile
1559283256178,respond,q9129,sprint,c,mobile
1559283260637,submit,b6480,sprint,,mobile
1559283272213,enter,b3783,sprint,,mobile
1559283355788,respond,q5251,sprint,c,mobile
1559283358796,submit,b3783,sprint,,mobile
1559283390123,enter,b4608,sprint,,mobile
1559283472896,respond,q6076,sprint,b,mobile
1559283477181,submit,b4608,sprint,,mobile
1559283487863,enter,b3589,sprint,,mobile
1559283520605,respond,q5057,sprint,d,mobile
1559283524515,submit,b3589,sprint,,mobile
1559283536350,enter,b7551,sprint,,mobile
1559283569692,respond,q10200,sprint,d,mobile
1559283572082,submit,b7551,sprint,,mobile
1559283580896,enter,b2829,sprint,,mobile
1559283734956,respond,q4297,sprint,c,mobile
1559283742330,submit,b2829,sprint,,mobile
1559283760083,enter,b4170,sprint,,mobile
1559283797079,respond,q5638,sprint,d,mobile
1559283799754,submit,b4170,sprint,,mobile
1559283816521,enter,b2301,sprint,,mobile
1559283843024,respond,q3769,sprint,a,mobile
1559283847174,submit,b2301,sprint,,mobile
1559283860960,enter,b11344,sprint,,mobile
1559283925835,respond,q17107,sprint,a,mobile
1559283926382,respond,q17107,sprint,b,mobile
1559283930333,submit,b11344,sprint,,mobile
1559283967449,enter,b3059,sprint,,mobile
1559284007657,respond,q4527,sprint,b,mobile
1559284015122,submit,b3059,sprint,,mobile
1559284043562,enter,b3289,sprint,,mobile
1559284075511,respond,q4757,sprint,c,mobile
1559284079218,submit,b3289,sprint,,mobile
1559284460786,enter,b3589,adaptive_offer,,mobile
1559284467158,respond,q5057,adaptive_offer,b,mobile
1559284470447,submit,b3589,adaptive_offer,,mobile
1559284478554,enter,b2704,adaptive_offer,,mobile
1559284495963,respond,q4172,adaptive_offer,d,mobile
1559284501844,submit,b2704,adaptive_offer,,mobile
1559362828335,enter,b146,sprint,,mobile
1559362846947,respond,q146,sprint,b,mobile
1559362857591,submit,b146,sprint,,mobile
1559362871794,enter,b5638,sprint,,mobile
1559362896261,respond,q8167,sprint,c,mobile
1559362900390,submit,b5638,sprint,,mobile
1559362924706,enter,b8259,sprint,,mobile
1559362944556,respond,q11206,sprint,d,mobile
1559362948576,submit,b8259,sprint,,mobile
1559362958097,enter,b189,sprint,,mobile
1559362984207,respond,q189,sprint,b,mobile
1559362989763,submit,b189,sprint,,mobile
1559363045524,enter,b76,sprint,,mobile
1559363066792,respond,q76,sprint,a,mobile
1559363070082,submit,b76,sprint,,mobile
1559363689763,enter,b4,sprint,,mobile
1559363710980,respond,q4,sprint,b,mobile
1559363714465,submit,b4,sprint,,mobile
1559363720973,enter,b8266,sprint,,mobile
1559363739276,respond,q11213,sprint,c,mobile
1559363740014,respond,q11213,sprint,b,mobile
1559363741181,respond,q11213,sprint,c,mobile
1559363744773,submit,b8266,sprint,,mobile
1559363750869,enter,b5595,sprint,,mobile
1559363761363,respond,q8124,sprint,a,mobile
1559363775483,submit,b5595,sprint,,mobile
1559363787645,enter,b27,sprint,,mobile
1559363797293,respond,q27,sprint,a,mobile
1559363801615,respond,q27,sprint,a,mobile
1559363807613,respond,q27,sprint,a,mobile
1559363813369,submit,b27,sprint,,mobile
1559363861946,enter,b5527,sprint,,mobile
1559363884828,respond,q8056,sprint,d,mobile
1559363888842,submit,b5527,sprint,,mobile
1559363975109,enter,b8191,sprint,,mobile
1559363988931,respond,q11138,sprint,b,mobile
1559363998317,submit,b8191,sprint,,mobile
1559364002257,enter,b28,sprint,,mobile
1559364025044,respond,q28,sprint,a,mobile
1559364027995,submit,b28,sprint,,mobile
1559364050596,enter,b37,sprint,,mobile
1559364067631,respond,q37,sprint,c,mobile
1559364073560,submit,b37,sprint,,mobile
1559364078448,enter,b5,sprint,,mobile
1559364100261,respond,q5,sprint,c,mobile
1559364104589,submit,b5,sprint,,mobile
1559364140289,enter,b8136,sprint,,mobile
1559364169735,submit,b8136,sprint,,mobile
1559364469753,enter,b424,sprint,,mobile
1559364495944,respond,q424,sprint,b,mobile
1559364499343,submit,b424,sprint,,mobile
1559364810633,enter,b1175,adaptive_offer,,mobile
1559364830003,respond,q1175,adaptive_offer,a,mobile
1559364833077,submit,b1175,adaptive_offer,,mobile
1559364842044,enter,b696,adaptive_offer,,mobile
1559364861912,respond,q696,adaptive_offer,c,mobile
1559364865847,submit,b696,adaptive_offer,,mobile
1559364878797,enter,b666,sprint,,mobile
1559364900140,respond,q666,sprint,c,mobile
1559364904842,submit,b666,sprint,,mobile
1559364969122,enter,b292,sprint,,mobile
1559364989340,submit,b292,sprint,,mobile
1559365022497,enter,b835,sprint,,mobile
1559365041226,respond,q835,sprint,b,mobile
1559365045556,submit,b835,sprint,,mobile
1559365103286,enter,b973,sprint,,mobile
1559365123050,respond,q973,sprint,c,mobile
1559365128503,submit,b973,sprint,,mobile
1559365148445,enter,b488,adaptive_offer,,mobile
1559365155810,submit,b488,adaptive_offer,,mobile
1559365162527,enter,b488,adaptive_offer,,mobile
1559365180120,submit,b488,adaptive_offer,,mobile
1559365199131,enter,b973,adaptive_offer,,mobile
1559365213039,respond,q973,adaptive_offer,b,mobile
1559365216068,submit,b973,adaptive_offer,,mobile
1559365259966,enter,b1154,adaptive_offer,,mobile
1559365279558,respond,q1154,adaptive_offer,c,mobile
1559365282507,submit,b1154,adaptive_offer,,mobile
1559365290751,enter,b323,adaptive_offer,,mobile
1559365313526,respond,q323,adaptive_offer,a,mobile
1559365316006,submit,b323,adaptive_offer,,mobile
1559365350774,enter,b372,sprint,,mobile
1559365368866,respond,q372,sprint,c,mobile
1559365372028,submit,b372,sprint,,mobile
1559365386806,enter,b763,sprint,,mobile
1559365407663,respond,q763,sprint,c,mobile
1559365410626,submit,b763,sprint,,mobile
1559365474151,enter,b788,sprint,,mobile
1559365490689,respond,q788,sprint,c,mobile
1559365493985,submit,b788,sprint,,mobile
1559365500580,enter,b406,sprint,,mobile
1559365521666,respond,q406,sprint,b,mobile
1559365524791,submit,b406,sprint,,mobile
1559365546969,enter,b825,adaptive_offer,,mobile
1559365564457,respond,q825,adaptive_offer,a,mobile
1559365567501,submit,b825,adaptive_offer,,mobile
1559365596526,enter,b573,adaptive_offer,,mobile
1559365612277,respond,q573,adaptive_offer,c,mobile
1559365615320,submit,b573,adaptive_offer,,mobile
1559365645466,enter,b803,adaptive_offer,,mobile
1559365667138,submit,b803,adaptive_offer,,mobile
1559365676426,enter,b406,adaptive_offer,,mobile
1559365687714,respond,q406,adaptive_offer,a,mobile
1559365691441,submit,b406,adaptive_offer,,mobile
1559365702981,enter,b1400,adaptive_offer,,mobile
1559365720180,respond,q1400,adaptive_offer,a,mobile
1559365723343,submit,b1400,adaptive_offer,,mobile
1559365737828,enter,b1314,sprint,,mobile
1559365757122,respond,q1314,sprint,b,mobile
1559365759779,submit,b1314,sprint,,mobile
1559365773505,enter,b1374,sprint,,mobile
1559365791877,respond,q1374,sprint,b,mobile
1559365795019,submit,b1374,sprint,,mobile
1559365955890,enter,b1323,adaptive_offer,,mobile
1559365964879,respond,q1323,adaptive_offer,a,mobile
1559365970927,respond,q1323,adaptive_offer,b,mobile
1559365974523,submit,b1323,adaptive_offer,,mobile
1559365993868,enter,b594,adaptive_offer,,mobile
1559366009574,respond,q594,adaptive_offer,b,mobile
1559366011950,submit,b594,adaptive_offer,,mobile
1559366059704,enter,b285,sprint,,mobile
1559366085344,respond,q285,sprint,a,mobile
1559366087827,submit,b285,sprint,,mobile
1559366107214,enter,b902,sprint,,mobile
1559366117410,respond,q902,sprint,a,mobile
1559366131410,respond,q902,sprint,a,mobile
1559366134377,submit,b902,sprint,,mobile
1559366149908,enter,b447,sprint,,mobile
1559366167119,respond,q447,sprint,a,mobile
1559366170630,submit,b447,sprint,,mobile
1559366182887,enter,b1370,sprint,,mobile
1559366199755,respond,q1370,sprint,c,mobile
1559366207807,submit,b1370,sprint,,mobile
1559366222307,enter,b655,sprint,,mobile
1559366238746,respond,q655,sprint,a,mobile
1559366244964,submit,b655,sprint,,mobile
1559366300745,enter,b590,sprint,,mobile
1559366318306,respond,q590,sprint,c,mobile
1559366321777,submit,b590,sprint,,mobile
1559366370869,enter,b404,sprint,,mobile
1559366387387,respond,q404,sprint,c,mobile
1559366390986,submit,b404,sprint,,mobile
1559366450050,enter,b1011,sprint,,mobile
1559366466970,respond,q1011,sprint,b,mobile
1559366470765,submit,b1011,sprint,,mobile
1559366477100,enter,b774,adaptive_offer,,mobile
1559366495224,respond,q774,adaptive_offer,b,mobile
1559366498018,submit,b774,adaptive_offer,,mobile
1559366504344,enter,b1130,adaptive_offer,,mobile
1559366513603,respond,q1130,adaptive_offer,a,mobile
1559366516332,submit,b1130,adaptive_offer,,mobile
1559366520995,enter,b442,adaptive_offer,,mobile
1559366537967,respond,q442,adaptive_offer,c,mobile
1559366540143,submit,b442,adaptive_offer,,mobile
1559366549828,enter,b413,adaptive_offer,,mobile
1559366567405,respond,q413,adaptive_offer,c,mobile
1559366569881,submit,b413,adaptive_offer,,mobile
1559366574867,enter,b1011,adaptive_offer,,mobile
1559366584031,respond,q1011,adaptive_offer,a,mobile
1559366586888,submit,b1011,adaptive_offer,,mobile
1559366601486,enter,b1240,sprint,,mobile
1559366619050,respond,q1240,sprint,b,mobile
1559366619050,respond,q1240,sprint,b,mobile
1559366622125,submit,b1240,sprint,,mobile
1559366773893,enter,b274,adaptive_offer,,mobile
1559366791651,respond,q274,adaptive_offer,c,mobile
1559366795527,submit,b274,adaptive_offer,,mobile
1559366805260,enter,b521,adaptive_offer,,mobile
1559366824285,submit,b521,adaptive_offer,,mobile
1559369364166,enter,b3085,adaptive_offer,,mobile
1559369381109,respond,q4553,adaptive_offer,d,mobile
1559369387176,respond,q4553,adaptive_offer,b,mobile
1559369387176,respond,q4553,adaptive_offer,b,mobile
1559369397612,respond,q4553,adaptive_offer,d,mobile
1559369400766,submit,b3085,adaptive_offer,,mobile
1559369420677,enter,b2555,adaptive_offer,,mobile
1559369462809,respond,q4023,adaptive_offer,d,mobile
1559369465784,submit,b2555,adaptive_offer,,mobile
1559369477098,enter,b4503,sprint,,mobile
1559369504300,respond,q5971,sprint,a,mobile
1559369507669,submit,b4503,sprint,,mobile
1559369523497,enter,b5968,sprint,,mobile
1559369546215,respond,q8617,sprint,c,mobile
1559369549352,submit,b5968,sprint,,mobile
1559369556677,enter,b3794,sprint,,mobile
1559369583561,respond,q5262,sprint,b,mobile
1559369587338,submit,b3794,sprint,,mobile
1559369601725,enter,b3763,sprint,,mobile
1559369631248,respond,q5231,sprint,a,mobile
1559369634919,submit,b3763,sprint,,mobile
1559369643194,enter,b2851,sprint,,mobile
1559369731582,respond,q4319,sprint,a,mobile
1559369735257,submit,b2851,sprint,,mobile
1559369749588,enter,b6730,sprint,,mobile
1559369768592,respond,q9379,sprint,a,mobile
1559369772167,submit,b6730,sprint,,mobile
1559369780162,enter,b4692,sprint,,mobile
1559369802640,respond,q6160,sprint,a,mobile
1559369805545,submit,b4692,sprint,,mobile
1559369825707,enter,b3000,sprint,,mobile
1559369836492,respond,q4468,sprint,c,mobile
1559369846613,submit,b3000,sprint,,mobile
1559369858345,enter,b3317,sprint,,mobile
1559369879971,respond,q4785,sprint,d,mobile
1559369883465,submit,b3317,sprint,,mobile
1559369895309,enter,b6261,sprint,,mobile
1559369911496,respond,q8910,sprint,b,mobile
1559369914703,submit,b6261,sprint,,mobile
1559369967407,enter,b2638,sprint,,mobile
1559370006802,submit,b2638,sprint,,mobile
1559370015838,enter,b4316,sprint,,mobile
1559370025835,respond,q5784,sprint,d,mobile
1559370031036,submit,b4316,sprint,,mobile
1559370039491,enter,b3989,sprint,,mobile
1559370057932,respond,q5457,sprint,d,mobile
1559370068193,submit,b3989,sprint,,mobile
1559370081784,enter,b6751,sprint,,mobile
1559370096025,respond,q9400,sprint,b,mobile
1559370114440,respond,q9400,sprint,d,mobile
1559370119801,submit,b6751,sprint,,mobile
1559370167213,enter,b3814,sprint,,mobile
1559370184080,respond,q5282,sprint,d,mobile
1559370187090,submit,b3814,sprint,,mobile
1559370207192,enter,b2475,sprint,,mobile
1559370241192,respond,q3943,sprint,d,mobile
1559370244352,submit,b2475,sprint,,mobile
1559370284960,enter,b6092,sprint,,mobile
1559370321676,respond,q8741,sprint,a,mobile
1559370324597,submit,b6092,sprint,,mobile
1559370342389,enter,b4272,sprint,,mobile
1559370371268,respond,q5740,sprint,d,mobile
1559370375272,submit,b4272,sprint,,mobile
1559650262609,enter,b5528,sprint,,mobile
1559650285626,respond,q8057,sprint,c,mobile
1559650288808,submit,b5528,sprint,,mobile
1559650333580,enter,b104,sprint,,mobile
1559650355001,respond,q104,sprint,b,mobile
1559650357976,submit,b104,sprint,,mobile
1559650367488,enter,b125,sprint,,mobile
1559650391346,respond,q125,sprint,a,mobile
1559650394439,submit,b125,sprint,,mobile
1559650433394,enter,b8273,sprint,,mobile
1559650448129,respond,q11220,sprint,b,mobile
1559650451490,respond,q11220,sprint,b,mobile
1559650459217,submit,b8273,sprint,,mobile
1559650467687,enter,b181,sprint,,mobile
1559650518757,respond,q181,sprint,d,mobile
1559650522325,submit,b181,sprint,,mobile
1559719254861,enter,b5583,sprint,,mobile
1559719275981,respond,q8112,sprint,d,mobile
1559719279487,submit,b5583,sprint,,mobile
1559719292647,enter,b18,sprint,,mobile
1559719319252,respond,q18,sprint,d,mobile
1559719324642,submit,b18,sprint,,mobile
1559719354022,enter,b8022,sprint,,mobile
1559719370682,respond,q10969,sprint,c,mobile
1559719374994,respond,q10969,sprint,a,mobile
1559719380449,submit,b8022,sprint,,mobile
1559719400753,enter,b5562,sprint,,mobile
1559719428795,respond,q8091,sprint,a,mobile
1559719432167,submit,b5562,sprint,,mobile
1559719465291,enter,b5561,sprint,,mobile
1559719493389,respond,q8090,sprint,d,mobile
1559719495958,submit,b5561,sprint,,mobile
1559719516185,enter,b158,sprint,,mobile
1559719538553,respond,q158,sprint,a,mobile
1559719541974,submit,b158,sprint,,mobile
1559719576394,enter,b8197,sprint,,mobile
1559719597650,respond,q11144,sprint,d,mobile
1559719600706,submit,b8197,sprint,,mobile
1559719612034,enter,b5648,sprint,,mobile
1559719625138,respond,q8177,sprint,b,mobile
1559719635738,submit,b5648,sprint,,mobile
1559719664868,enter,b73,sprint,,mobile
1559719686511,respond,q73,sprint,b,mobile
1559719690210,submit,b73,sprint,,mobile
1559719699279,enter,b34,sprint,,mobile
1559719712958,respond,q34,sprint,b,mobile
1559719724099,submit,b34,sprint,,mobile
1559719732044,enter,b8088,sprint,,mobile
1559719738402,submit,b8088,sprint,,mobile
1559719791255,enter,b158,adaptive_offer,,mobile
1559719807932,respond,q158,adaptive_offer,c,mobile
1559719811250,submit,b158,adaptive_offer,,mobile
1559719819038,enter,b5528,adaptive_offer,,mobile
1559719828048,respond,q8057,adaptive_offer,a,mobile
1559719832758,respond,q8057,adaptive_offer,a,mobile
1559719837317,respond,q8057,adaptive_offer,a,mobile
1559719843993,submit,b5528,adaptive_offer,,mobile
1559719996745,enter,b312,sprint,,mobile
1559720012816,submit,b312,sprint,,mobile
1559720022346,enter,b279,sprint,,mobile
1559720040403,respond,q279,sprint,a,mobile
1559720044101,submit,b279,sprint,,mobile
1559720089118,enter,b260,sprint,,mobile
1559720115674,respond,q260,sprint,a,mobile
1559720119173,submit,b260,sprint,,mobile
1559720190491,enter,b787,sprint,,mobile
1559720206172,respond,q787,sprint,a,mobile
1559720209278,submit,b787,sprint,,mobile
1559720224292,enter,b1268,sprint,,mobile
1559720242124,respond,q1268,sprint,b,mobile
1559720245216,submit,b1268,sprint,,mobile
1559720257047,enter,b434,sprint,,mobile
1559720274356,respond,q434,sprint,a,mobile
1559720278805,submit,b434,sprint,,mobile
1559720283678,enter,b1370,adaptive_offer,,mobile
1559720299250,respond,q1370,adaptive_offer,c,mobile
1559720302364,submit,b1370,adaptive_offer,,mobile
1559720316031,enter,b1229,adaptive_offer,,mobile
1559720330663,respond,q1229,adaptive_offer,a,mobile
1559720333806,submit,b1229,adaptive_offer,,mobile
1559720344295,enter,b434,adaptive_offer,,mobile
1559720362960,respond,q434,adaptive_offer,c,mobile
1559720365490,submit,b434,adaptive_offer,,mobile
1559720388429,enter,b1138,adaptive_offer,,mobile
1559720407194,respond,q1138,adaptive_offer,c,mobile
1559720408408,respond,q1138,adaptive_offer,b,mobile
1559720411107,submit,b1138,adaptive_offer,,mobile
1559720587194,enter,b953,sprint,,mobile
1559720602045,respond,q953,sprint,c,mobile
1559720607208,submit,b953,sprint,,mobile
1559720625498,enter,b580,sprint,,mobile
1559720646004,respond,q580,sprint,c,mobile
1559720659740,submit,b580,sprint,,mobile
1559720675145,enter,b924,sprint,,mobile
1559720696102,respond,q924,sprint,c,mobile
1559720699473,submit,b924,sprint,,mobile
1559720726574,enter,b948,sprint,,mobile
1559720744801,respond,q948,sprint,a,mobile
1559720747993,submit,b948,sprint,,mobile
1559720765367,enter,b925,sprint,,mobile
1559720782931,respond,q925,sprint,c,mobile
1559720786208,submit,b925,sprint,,mobile
1559720855737,enter,b874,sprint,,mobile
1559720875763,respond,q874,sprint,b,mobile
1559720878871,submit,b874,sprint,,mobile
1559720938729,enter,b776,sprint,,mobile
1559720955681,respond,q776,sprint,b,mobile
1559720959074,submit,b776,sprint,,mobile
1559720976428,enter,b373,sprint,,mobile
1559721001867,respond,q373,sprint,b,mobile
1559721004790,submit,b373,sprint,,mobile
1559721059971,enter,b1084,sprint,,mobile
1559721074145,respond,q1084,sprint,b,mobile
1559721076556,submit,b1084,sprint,,mobile
1559721132678,enter,b728,sprint,,mobile
1559721155131,respond,q728,sprint,c,mobile
1559721158128,submit,b728,sprint,,mobile
1559721186678,enter,b1052,sprint,,mobile
1559721207762,respond,q1052,sprint,b,mobile
1559721211474,submit,b1052,sprint,,mobile
1559721237986,enter,b525,sprint,,mobile
1559721256304,respond,q525,sprint,b,mobile
1559721259595,submit,b525,sprint,,mobile
1559721268726,enter,b466,sprint,,mobile
1559721286828,respond,q466,sprint,a,mobile
1559721289921,submit,b466,sprint,,mobile
1559721305528,enter,b1102,sprint,,mobile
1559721324373,respond,q1102,sprint,c,mobile
1559721327385,submit,b1102,sprint,,mobile
1559721377115,enter,b1336,sprint,,mobile
1559721392476,respond,q1336,sprint,b,mobile
1559721395692,submit,b1336,sprint,,mobile
1559721453190,enter,b1302,sprint,,mobile
1559721473347,respond,q1302,sprint,b,mobile
1559721476805,submit,b1302,sprint,,mobile
1559721520475,enter,b1348,sprint,,mobile
1559721536653,respond,q1348,sprint,c,mobile
1559721539662,submit,b1348,sprint,,mobile
1559721579673,enter,b621,sprint,,mobile
1559721599817,respond,q621,sprint,c,mobile
1559721603873,submit,b621,sprint,,mobile
1559721627080,enter,b233,sprint,,mobile
1559721645897,submit,b233,sprint,,mobile
1559722580279,enter,b525,adaptive_offer,,mobile
1559722598295,respond,q525,adaptive_offer,c,mobile
1559722601266,submit,b525,adaptive_offer,,mobile
1559722610965,enter,b485,adaptive_offer,,mobile
1559722620553,respond,q485,adaptive_offer,a,mobile
1559722629041,respond,q485,adaptive_offer,b,mobile
1559722632484,submit,b485,adaptive_offer,,mobile
1559722646273,enter,b1280,sprint,,mobile
1559722649735,submit,b1280,sprint,,mobile
1559722656367,enter,b1280,sprint,,mobile
1559722658450,submit,b1280,sprint,,mobile
1559722727489,enter,b1765,sprint,,mobile
1559722789131,respond,q2493,sprint,b,mobile
1559722792950,submit,b1765,sprint,,mobile
1559722820373,enter,b1428,sprint,,mobile
1559722883920,respond,q1482,sprint,b,mobile
1559722890030,submit,b1428,sprint,,mobile
1559722981996,enter,b1455,sprint,,mobile
1559723076702,respond,q1563,sprint,d,mobile
1559723080808,submit,b1455,sprint,,mobile
1559723106363,enter,b1597,sprint,,mobile
1559723198309,respond,q1989,sprint,b,mobile
1559723202576,submit,b1597,sprint,,mobile
1559723304308,enter,b1497,sprint,,mobile
1559723398283,respond,q1689,sprint,a,mobile
1559723402929,submit,b1497,sprint,,mobile
1559723458916,enter,b5138,sprint,,mobile
1559723574329,respond,q6732,sprint,b,mobile
1559723578472,submit,b5138,sprint,,mobile
1559723662913,enter,b7473,sprint,,mobile
1559723697755,respond,q10122,sprint,b,mobile
1559723700526,submit,b7473,sprint,,mobile
1559723721274,enter,b3946,sprint,,mobile
1559723784723,respond,q5414,sprint,d,mobile
1559723785322,respond,q5414,sprint,c,mobile
1559723790971,submit,b3946,sprint,,mobile
1559724017412,enter,b4789,sprint,,mobile
1559724034481,respond,q6257,sprint,d,mobile
1559724037524,submit,b4789,sprint,,mobile
1559724042995,enter,b2570,sprint,,mobile
1559724103474,respond,q4038,sprint,d,mobile
1559724108161,submit,b2570,sprint,,mobile
1559724182899,enter,b6121,sprint,,mobile
1559724219627,respond,q8770,sprint,c,mobile
1559724236319,respond,q8770,sprint,b,mobile
1559724238860,submit,b6121,sprint,,mobile
1559724268594,enter,b3943,sprint,,mobile
1559724321402,respond,q5411,sprint,d,mobile
1559724326124,respond,q5411,sprint,b,mobile
1559724329069,submit,b3943,sprint,,mobile
1559724412667,enter,b4852,sprint,,mobile
1559724438793,respond,q6320,sprint,d,mobile
1559724442318,submit,b4852,sprint,,mobile
1559724462245,enter,b3635,sprint,,mobile
1559724479595,respond,q5103,sprint,b,mobile
1559724488801,submit,b3635,sprint,,mobile
1559724676986,enter,b7421,sprint,,mobile
1559724736108,respond,q10070,sprint,b,mobile
1559724739062,submit,b7421,sprint,,mobile
1559724801890,enter,b2457,sprint,,mobile
1559724858011,respond,q3925,sprint,a,mobile
1559724861133,submit,b2457,sprint,,mobile
1559724904800,enter,b2448,sprint,,mobile
1559724946302,respond,q3916,sprint,d,mobile
1559724951748,submit,b2448,sprint,,mobile
1559725010559,enter,b3809,sprint,,mobile
1559725027235,respond,q5277,sprint,a,mobile
1559725030709,submit,b3809,sprint,,mobile
1559725060975,enter,b6804,sprint,,mobile
1559725102795,respond,q9453,sprint,a,mobile
1559725105816,submit,b6804,sprint,,mobile
1559725249117,enter,b2355,sprint,,mobile
1559725318719,respond,q3823,sprint,d,mobile
1559725322213,submit,b2355,sprint,,mobile
1559725337944,enter,b3984,sprint,,mobile
1559725348325,respond,q5452,sprint,b,mobile
1559725351118,submit,b3984,sprint,,mobile
1559725357021,enter,b3998,sprint,,mobile
1559725371915,respond,q5466,sprint,d,mobile
1559725374873,submit,b3998,sprint,,mobile
1559725393149,enter,b7087,sprint,,mobile
1559725428258,respond,q9736,sprint,b,mobile
1559725431097,submit,b7087,sprint,,mobile
1559725439038,enter,b3603,sprint,,mobile
1559725480656,respond,q5071,sprint,a,mobile
1559725483733,submit,b3603,sprint,,mobile
1559725557433,enter,b5069,sprint,,mobile
1559725655080,respond,q6537,sprint,d,mobile
1559725659235,submit,b5069,sprint,,mobile
1559725672904,enter,b4267,sprint,,mobile
1559725713977,respond,q5735,sprint,d,mobile
1559725719755,submit,b4267,sprint,,mobile
1559725732085,enter,b5715,sprint,,mobile
1559725760490,respond,q8364,sprint,c,mobile
1559725764300,submit,b5715,sprint,,mobile
1559725775209,enter,b2589,sprint,,mobile
1559725816430,respond,q4057,sprint,a,mobile
1559725823701,submit,b2589,sprint,,mobile
1559725862163,enter,b4222,sprint,,mobile
1559725896197,respond,q5690,sprint,b,mobile
1559725899976,submit,b4222,sprint,,mobile
1559725910682,enter,b4757,sprint,,mobile
1559725966940,respond,q6225,sprint,b,mobile
1559725970336,submit,b4757,sprint,,mobile
1559726004593,enter,b11369,sprint,,mobile
1559726098691,respond,q17132,sprint,a,mobile
1559726102416,submit,b11369,sprint,,mobile
1559726119690,enter,b3100,sprint,,mobile
1559726147380,respond,q4568,sprint,c,mobile
1559726150568,submit,b3100,sprint,,mobile
1559726157991,enter,b3609,sprint,,mobile
1559726175782,respond,q5077,sprint,c,mobile
1559726179341,submit,b3609,sprint,,mobile
1559726205710,enter,b4552,sprint,,mobile
1559726225405,respond,q6020,sprint,d,mobile
1559726227981,submit,b4552,sprint,,mobile
1559726234877,enter,b7469,sprint,,mobile
1559726258807,respond,q10118,sprint,a,mobile
1559726262482,submit,b7469,sprint,,mobile
1559816522517,enter,b8186,sprint,,mobile
1559816545560,respond,q11133,sprint,b,mobile
1559816548348,submit,b8186,sprint,,mobile
1559816632820,enter,b119,sprint,,mobile
1559816657713,submit,b119,sprint,,mobile
1559816662667,enter,b5577,sprint,,mobile
1559816683115,respond,q8106,sprint,a,mobile
1559816686385,submit,b5577,sprint,,mobile
1559816714690,enter,b5563,sprint,,mobile
1559816731058,respond,q8092,sprint,b,mobile
1559816740136,submit,b5563,sprint,,mobile
1559816779014,enter,b8013,sprint,,mobile
1559816803140,respond,q10960,sprint,d,mobile
1559816806503,submit,b8013,sprint,,mobile
1559816828438,enter,b10,sprint,,mobile
1559816852209,respond,q10,sprint,d,mobile
1559816855965,submit,b10,sprint,,mobile
1559816914917,enter,b120,sprint,,mobile
1559816927616,respond,q120,sprint,b,mobile
1559816937958,submit,b120,sprint,,mobile
1559816998324,enter,b5546,sprint,,mobile
1559817013386,respond,q8075,sprint,b,mobile
1559817025940,submit,b5546,sprint,,mobile
1559817093907,enter,b8058,sprint,,mobile
1559817107050,respond,q11005,sprint,b,mobile
1559817119105,submit,b8058,sprint,,mobile
1559817125225,enter,b106,sprint,,mobile
1559817148152,respond,q106,sprint,a,mobile
1559817151506,submit,b106,sprint,,mobile
1559817198929,enter,b1280,sprint,,mobile
1559817220797,submit,b1280,sprint,,mobile
1559817416922,enter,b621,adaptive_offer,,mobile
1559817436718,respond,q621,adaptive_offer,b,mobile
1559817439960,submit,b621,adaptive_offer,,mobile
1559817465123,enter,b1155,adaptive_offer,,mobile
1559817480244,respond,q1155,adaptive_offer,a,mobile
1559817482988,submit,b1155,adaptive_offer,,mobile
1559817505947,enter,b726,sprint,,mobile
1559817523052,respond,q726,sprint,a,mobile
1559817525492,submit,b726,sprint,,mobile
1559817542764,enter,b1151,sprint,,mobile
1559817551855,respond,q1151,sprint,a,mobile
1559817560899,submit,b1151,sprint,,mobile
1559817587273,enter,b1359,sprint,,mobile
1559817614479,respond,q1359,sprint,b,mobile
1559817618438,submit,b1359,sprint,,mobile
1559817759364,enter,b1115,adaptive_offer,,mobile
1559817779026,respond,q1115,adaptive_offer,c,mobile
1559817782267,submit,b1115,adaptive_offer,,mobile
1559817800335,enter,b594,adaptive_offer,,mobile
1559817816967,respond,q594,adaptive_offer,a,mobile
1559817819596,submit,b594,adaptive_offer,,mobile
1559817843134,enter,b1234,sprint,,mobile
1559817859310,respond,q1234,sprint,a,mobile
1559817861919,submit,b1234,sprint,,mobile
1559817879608,enter,b866,sprint,,mobile
1559817905141,respond,q866,sprint,c,mobile
1559817907768,submit,b866,sprint,,mobile
1559817941562,enter,b290,sprint,,mobile
1559817956052,respond,q290,sprint,b,mobile
1559817959119,submit,b290,sprint,,mobile
1559817974226,enter,b1322,sprint,,mobile
1559817988189,respond,q1322,sprint,a,mobile
1559817997873,respond,q1322,sprint,c,mobile
1559818001015,submit,b1322,sprint,,mobile
1559818037208,enter,b438,sprint,,mobile
1559818063070,submit,b438,sprint,,mobile
1559818077844,enter,b434,adaptive_offer,,mobile
1559818097041,respond,q434,adaptive_offer,b,mobile
1559818099915,submit,b434,adaptive_offer,,mobile
1559818121614,enter,b1370,adaptive_offer,,mobile
1559818130607,respond,q1370,adaptive_offer,a,mobile
1559818139764,submit,b1370,adaptive_offer,,mobile
1559818148205,enter,b1229,adaptive_offer,,mobile
1559818155421,respond,q1229,adaptive_offer,a,mobile
1559818159312,submit,b1229,adaptive_offer,,mobile
1559818164086,enter,b438,adaptive_offer,,mobile
1559818182470,respond,q438,adaptive_offer,b,mobile
1559818185952,submit,b438,adaptive_offer,,mobile
1559818210008,enter,b1102,adaptive_offer,,mobile
1559818225864,respond,q1102,adaptive_offer,c,mobile
1559818226448,respond,q1102,adaptive_offer,b,mobile
1559818229559,submit,b1102,adaptive_offer,,mobile
1559818250300,enter,b425,sprint,,mobile
1559818266029,respond,q425,sprint,c,mobile
1559818270206,respond,q425,sprint,b,mobile
1559818273802,submit,b425,sprint,,mobile
1559818289409,enter,b924,adaptive_offer,,mobile
1559818305128,respond,q924,adaptive_offer,b,mobile
1559818311780,submit,b924,adaptive_offer,,mobile
1559818369721,enter,b359,adaptive_offer,,mobile
1559818383742,respond,q359,adaptive_offer,b,mobile
1559818389205,submit,b359,adaptive_offer,,mobile
1559818397963,enter,b425,adaptive_offer,,mobile
1559818413423,respond,q425,adaptive_offer,c,mobile
1559818417763,submit,b425,adaptive_offer,,mobile
1559818477213,enter,b835,adaptive_offer,,mobile
1559818493237,respond,q835,adaptive_offer,c,mobile
1559818496529,submit,b835,adaptive_offer,,mobile
1559818510588,enter,b874,adaptive_offer,,mobile
1559818528838,respond,q874,adaptive_offer,c,mobile
1559818532055,submit,b874,adaptive_offer,,mobile
1559818591608,enter,b626,sprint,,mobile
1559818608806,respond,q626,sprint,a,mobile
1559818611930,submit,b626,sprint,,mobile
1559818629396,enter,b1351,sprint,,mobile
1559818642828,respond,q1351,sprint,b,mobile
1559818649278,submit,b1351,sprint,,mobile
1559818660721,enter,b356,sprint,,mobile
1559818677880,respond,q356,sprint,b,mobile
1559818680855,submit,b356,sprint,,mobile
1559818741366,enter,b531,sprint,,mobile
1559818760324,respond,q531,sprint,b,mobile
1559818763899,submit,b531,sprint,,mobile
1559818789932,enter,b1045,sprint,,mobile
1559818828878,respond,q1045,sprint,b,mobile
1559818832301,submit,b1045,sprint,,mobile
1559819347624,enter,b448,sprint,,mobile
1559819362121,respond,q448,sprint,b,mobile
1559819369290,submit,b448,sprint,,mobile
1559819440755,enter,b581,sprint,,mobile
1559819461015,respond,q581,sprint,c,mobile
1559819464211,submit,b581,sprint,,mobile
1559819485560,enter,b1166,sprint,,mobile
1559819506680,respond,q1166,sprint,b,mobile
1559819509774,submit,b1166,sprint,,mobile
1559819549024,enter,b1069,sprint,,mobile
1559819578209,respond,q1069,sprint,b,mobile
1559819583226,submit,b1069,sprint,,mobile
1559819605472,enter,b1057,sprint,,mobile
1559819624360,respond,q1057,sprint,b,mobile
1559819627755,submit,b1057,sprint,,mobile
1559819709823,enter,b1548,sprint,,mobile
1559819775176,respond,q1842,sprint,b,mobile
1559819779466,submit,b1548,sprint,,mobile
1559819797561,enter,b1673,sprint,,mobile
1559819858861,respond,q2217,sprint,a,mobile
1559819865181,submit,b1673,sprint,,mobile
1559819877565,enter,b1568,sprint,,mobile
1559819936399,respond,q1902,sprint,d,mobile
1559819943047,submit,b1568,sprint,,mobile
1559819968796,enter,b1444,sprint,,mobile
1559820059668,respond,q1530,sprint,a,mobile
1559820064633,submit,b1444,sprint,,mobile
1559820177932,enter,b1783,sprint,,mobile
1559820251299,respond,q2547,sprint,c,mobile
1559820262140,submit,b1783,sprint,,mobile
1559820276548,enter,b1658,sprint,,mobile
1559820374387,respond,q2172,sprint,b,mobile
1559820378264,submit,b1658,sprint,,mobile
1559820403219,enter,b1614,sprint,,mobile
1559820471790,respond,q2040,sprint,d,mobile
1559820479219,submit,b1614,sprint,,mobile
1559820493478,enter,b1471,sprint,,mobile
1559820568638,respond,q1611,sprint,c,mobile
1559820574044,submit,b1471,sprint,,mobile
1559820619560,enter,b1684,sprint,,mobile
1559820713046,respond,q2250,sprint,b,mobile
1559820718519,submit,b1684,sprint,,mobile
1559820780515,enter,b3760,sprint,,mobile
1559820821480,respond,q5228,sprint,b,mobile
1559820830888,submit,b3760,sprint,,mobile
1559820862334,enter,b2633,sprint,,mobile
1559820879890,respond,q4101,sprint,a,mobile
1559820895266,submit,b2633,sprint,,mobile
1559820905439,enter,b2708,sprint,,mobile
1559820911837,respond,q4176,sprint,c,mobile
1559820920860,submit,b2708,sprint,,mobile
1559820928289,enter,b7216,sprint,,mobile
1559820959060,respond,q9865,sprint,c,mobile
1559820962431,submit,b7216,sprint,,mobile
1559820980902,enter,b3093,sprint,,mobile
1559821007009,respond,q4561,sprint,d,mobile
1559821011068,submit,b3093,sprint,,mobile
1559821048048,enter,b4027,sprint,,mobile
1559821057352,respond,q5495,sprint,b,mobile
1559821063401,submit,b4027,sprint,,mobile
1559821069597,enter,b3626,sprint,,mobile
1559821090222,respond,q5094,sprint,a,mobile
1559821101081,submit,b3626,sprint,,mobile
1559821111992,enter,b6150,sprint,,mobile
1559821174482,respond,q8799,sprint,d,mobile
1559821179213,submit,b6150,sprint,,mobile
1559821219155,enter,b4082,sprint,,mobile
1559821225742,respond,q5550,sprint,a,mobile
1559821228582,submit,b4082,sprint,,mobile
1559821241018,enter,b4606,sprint,,mobile
1559821273232,respond,q6074,sprint,a,mobile
1559821278941,submit,b4606,sprint,,mobile
1559821292218,enter,b4201,sprint,,mobile
1559821344275,respond,q5669,sprint,a,mobile
1559821349108,submit,b4201,sprint,,mobile
1559821361648,enter,b7214,sprint,,mobile
1559821373862,respond,q9863,sprint,a,mobile
1559821379728,submit,b7214,sprint,,mobile
1559821413756,enter,b4004,sprint,,mobile
1559821450338,respond,q5472,sprint,b,mobile
1559821453649,submit,b4004,sprint,,mobile
1559821467538,enter,b4459,sprint,,mobile
1559821487716,respond,q5927,sprint,c,mobile
1559821493482,submit,b4459,sprint,,mobile
1559821509857,enter,b3087,sprint,,mobile
1559821538028,respond,q4555,sprint,d,mobile
1559821542944,submit,b3087,sprint,,mobile
1560148199993,enter,b3761,adaptive_offer,,mobile
1560148212277,respond,q5229,adaptive_offer,c,mobile
1560148215436,submit,b3761,adaptive_offer,,mobile
1560148225590,enter,b2633,adaptive_offer,,mobile
1560148234199,respond,q4101,adaptive_offer,b,mobile
1560148243286,submit,b2633,adaptive_offer,,mobile
1560148293297,enter,b29,sprint,,mobile
1560148319550,submit,b29,sprint,,mobile
1560148327079,enter,b5569,sprint,,mobile
1560148352533,respond,q8098,sprint,b,mobile
1560148356418,submit,b5569,sprint,,mobile
1560148365776,enter,b8041,sprint,,mobile
1560148387587,respond,q10988,sprint,a,mobile
1560148390922,submit,b8041,sprint,,mobile
1560148423246,enter,b160,sprint,,mobile
1560148450421,submit,b160,sprint,,mobile
1560148466855,enter,b5653,sprint,,mobile
1560148497626,submit,b5653,sprint,,mobile
1560148571101,enter,b5539,sprint,,mobile
1560148585035,respond,q8068,sprint,b,mobile
1560148595221,respond,q8068,sprint,d,mobile
1560148600689,respond,q8068,sprint,b,mobile
1560148601173,respond,q8068,sprint,c,mobile
1560148604830,respond,q8068,sprint,b,mobile
1560148608016,submit,b5539,sprint,,mobile
1560148624880,enter,b8149,sprint,,mobile
1560148648090,respond,q11096,sprint,a,mobile
1560148650924,submit,b8149,sprint,,mobile
1560148659889,enter,b150,sprint,,mobile
1560148689010,respond,q150,sprint,d,mobile
1560148693017,submit,b150,sprint,,mobile
1560148790032,enter,b8070,sprint,,mobile
1560148802629,respond,q11017,sprint,b,mobile
1560148807258,respond,q11017,sprint,b,mobile
1560148812903,submit,b8070,sprint,,mobile
1560148922458,enter,b583,sprint,,mobile
1560148948855,respond,q583,sprint,a,mobile
1560148952094,submit,b583,sprint,,mobile
1560148975584,enter,b539,sprint,,mobile
1560148994452,respond,q539,sprint,b,mobile
1560148997948,submit,b539,sprint,,mobile
1560149079203,enter,b739,sprint,,mobile
1560149095004,respond,q739,sprint,c,mobile
1560149098276,submit,b739,sprint,,mobile
1560149329950,enter,b580,adaptive_offer,,mobile
1560149350544,respond,q580,adaptive_offer,a,mobile
1560149354208,submit,b580,adaptive_offer,,mobile
1560149371867,enter,b739,adaptive_offer,,mobile
1560149392716,respond,q739,adaptive_offer,b,mobile
1560149395777,submit,b739,adaptive_offer,,mobile
1560149437827,enter,b940,sprint,,mobile
1560149452264,respond,q940,sprint,b,mobile
1560149462173,respond,q940,sprint,a,mobile
1560149466037,submit,b940,sprint,,mobile
1560149699022,enter,b1384,adaptive_offer,,mobile
1560149716779,respond,q1384,adaptive_offer,a,mobile
1560149719474,submit,b1384,adaptive_offer,,mobile
1560149730685,enter,b438,adaptive_offer,,mobile
1560149748943,respond,q438,adaptive_offer,b,mobile
1560149752140,submit,b438,adaptive_offer,,mobile
1560149788284,enter,b1292,sprint,,mobile
1560149808450,submit,b1292,sprint,,mobile
1560149833807,enter,b732,sprint,,mobile
1560149852354,respond,q732,sprint,b,mobile
1560149855666,submit,b732,sprint,,mobile
1560149895254,enter,b422,sprint,,mobile
1560149908026,respond,q422,sprint,b,mobile
1560149914543,submit,b422,sprint,,mobile
1560149927864,enter,b759,sprint,,mobile
1560149947541,respond,q759,sprint,c,mobile
1560149954274,submit,b759,sprint,,mobile
1560149974705,enter,b856,sprint,,mobile
1560149991038,respond,q856,sprint,a,mobile
1560149993926,submit,b856,sprint,,mobile
1560150022828,enter,b877,sprint,,mobile
1560150045419,respond,q877,sprint,c,mobile
1560150048697,submit,b877,sprint,,mobile
1560150076484,enter,b455,sprint,,mobile
1560150095278,submit,b455,sprint,,mobile
1560150119234,enter,b462,sprint,,mobile
1560150146174,respond,q462,sprint,a,mobile
1560150149348,submit,b462,sprint,,mobile
1560150191111,enter,b1075,sprint,,mobile
1560150211553,respond,q1075,sprint,b,mobile
1560150215094,submit,b1075,sprint,,mobile
1560150231254,enter,b1052,adaptive_offer,,mobile
1560150250215,respond,q1052,adaptive_offer,b,mobile
1560150252978,submit,b1052,adaptive_offer,,mobile
1560150276169,enter,b774,adaptive_offer,,mobile
1560150294394,respond,q774,adaptive_offer,b,mobile
1560150297119,submit,b774,adaptive_offer,,mobile
1560150321240,enter,b413,adaptive_offer,,mobile
1560150339173,respond,q413,adaptive_offer,c,mobile
1560150341966,submit,b413,adaptive_offer,,mobile
1560150349269,enter,b1075,adaptive_offer,,mobile
1560150366079,respond,q1075,adaptive_offer,a,mobile
1560150368999,submit,b1075,adaptive_offer,,mobile
1560150469513,enter,b1011,adaptive_offer,,mobile
1560150483368,respond,q1011,adaptive_offer,a,mobile
1560150488597,submit,b1011,adaptive_offer,,mobile
1560150517738,enter,b684,sprint,,mobile
1560150536118,respond,q684,sprint,b,mobile
1560150541202,submit,b684,sprint,,mobile
1560150549092,enter,b1037,sprint,,mobile
1560150563771,respond,q1037,sprint,b,mobile
1560150571644,submit,b1037,sprint,,mobile
1560150579489,enter,b938,sprint,,mobile
1560150603636,respond,q938,sprint,c,mobile
1560150607184,submit,b938,sprint,,mobile
1560150628023,enter,b938,adaptive_offer,,mobile
1560150636403,respond,q938,adaptive_offer,a,mobile
1560150646799,submit,b938,adaptive_offer,,mobile
1560150687855,enter,b924,adaptive_offer,,mobile
1560150703120,respond,q924,adaptive_offer,b,mobile
1560150706316,submit,b924,adaptive_offer,,mobile
1560150716531,enter,b425,adaptive_offer,,mobile
1560150736638,respond,q425,adaptive_offer,c,mobile
1560150740397,submit,b425,adaptive_offer,,mobile
1560150749664,enter,b732,adaptive_offer,,mobile
1560150770351,respond,q732,adaptive_offer,a,mobile
1560150773386,submit,b732,adaptive_offer,,mobile
1560150838927,enter,b874,adaptive_offer,,mobile
1560150858812,respond,q874,adaptive_offer,c,mobile
1560150862271,submit,b874,adaptive_offer,,mobile
1560151902437,enter,b1419,sprint,,mobile
1560151971450,respond,q1455,sprint,c,mobile
1560151974595,submit,b1419,sprint,,mobile
1560152053250,enter,b1446,sprint,,mobile
1560152124228,respond,q1536,sprint,a,mobile
1560152128252,submit,b1446,sprint,,mobile
1560152278874,enter,b1708,sprint,,mobile
1560152349334,respond,q2322,sprint,b,mobile
1560152353434,submit,b1708,sprint,,mobile
1560152399888,enter,b1429,sprint,,mobile
1560152564401,respond,q1485,sprint,b,mobile
1560152569242,submit,b1429,sprint,,mobile
1560152617791,enter,b1560,sprint,,mobile
1560152716604,respond,q1878,sprint,b,mobile
1560152720753,submit,b1560,sprint,,mobile
1560152936835,enter,b1521,sprint,,mobile
1560153034878,respond,q1761,sprint,d,mobile
1560153039750,submit,b1521,sprint,,mobile
1560153217954,enter,b1650,sprint,,mobile
1560153278622,respond,q2148,sprint,a,mobile
1560153283245,submit,b1650,sprint,,mobile
1560153383807,enter,b1583,sprint,,mobile
1560153459755,respond,q1947,sprint,c,mobile
1560153463140,respond,q1947,sprint,c,mobile
1560153465124,respond,q1947,sprint,c,mobile
1560153470117,submit,b1583,sprint,,mobile
1560153563278,enter,b1623,sprint,,mobile
1560153671241,respond,q2067,sprint,c,mobile
1560153674413,submit,b1623,sprint,,mobile
1560153873851,enter,b1469,sprint,,mobile
1560153965080,respond,q1605,sprint,c,mobile
1560153969280,submit,b1469,sprint,,mobile
1560154576910,enter,b1824,sprint,,mobile
1560154660154,respond,q2670,sprint,b,mobile
1560154663493,submit,b1824,sprint,,mobile
1560154794839,enter,b1964,sprint,,mobile
1560154872328,respond,q3090,sprint,d,mobile
1560154877045,submit,b1964,sprint,,mobile
1560154936754,enter,b1847,sprint,,mobile
1560155006191,respond,q2739,sprint,c,mobile
1560155016191,submit,b1847,sprint,,mobile
1560155254089,enter,b1977,sprint,,mobile
1560155347802,respond,q3129,sprint,a,mobile
1560155352888,submit,b1977,sprint,,mobile
1560155401349,enter,b1897,sprint,,mobile
1560155472274,respond,q2889,sprint,a,mobile
1560155478201,submit,b1897,sprint,,mobile
1560155525458,enter,b2110,sprint,,mobile
1560155578641,respond,q3528,sprint,c,mobile
1560155592474,submit,b2110,sprint,,mobile
1560155629185,enter,b1844,sprint,,mobile
1560155695254,respond,q2730,sprint,a,mobile
1560155699391,submit,b1844,sprint,,mobile
1560155745514,enter,b1940,sprint,,mobile
1560155818329,respond,q3018,sprint,c,mobile
1560155822565,submit,b1940,sprint,,mobile
1560156058982,enter,b1996,sprint,,mobile
1560156122641,respond,q3186,sprint,a,mobile
1560156126710,submit,b1996,sprint,,mobile
1560156268897,enter,b2089,sprint,,mobile
1560156321806,respond,q3465,sprint,d,mobile
1560156328333,submit,b2089,sprint,,mobile
1560156518070,enter,b7086,sprint,,mobile
1560156557909,respond,q9735,sprint,a,mobile
1560156562221,submit,b7086,sprint,,mobile
1560156667175,enter,b3005,sprint,,mobile
1560156720902,respond,q4473,sprint,b,mobile
1560156724092,submit,b3005,sprint,,mobile
1560156788014,enter,b3115,sprint,,mobile
1560156827319,respond,q4583,sprint,c,mobile
1560156831712,submit,b3115,sprint,,mobile
1560156859531,enter,b2337,sprint,,mobile
1560156888073,respond,q3805,sprint,b,mobile
1560156895406,submit,b2337,sprint,,mobile
1560156921364,enter,b11311,sprint,,mobile
1560156934435,respond,q17074,sprint,b,mobile
1560156937490,submit,b11311,sprint,,mobile
1560156946665,enter,b3089,sprint,,mobile
1560156971110,respond,q4557,sprint,c,mobile
1560156971676,respond,q4557,sprint,b,mobile
1560156974986,submit,b3089,sprint,,mobile
1560156985863,enter,b4307,sprint,,mobile
1560157073131,respond,q5775,sprint,c,mobile
1560157077678,submit,b4307,sprint,,mobile
1560157092044,enter,b3627,adaptive_offer,,mobile
1560157119901,respond,q5095,adaptive_offer,b,mobile
1560157126701,submit,b3627,adaptive_offer,,mobile
1560157156641,enter,b3005,adaptive_offer,,mobile
1560157171765,respond,q4473,adaptive_offer,a,mobile
1560157175471,submit,b3005,adaptive_offer,,mobile
1560157201327,enter,b4305,adaptive_offer,,mobile
1560157212514,respond,q5773,adaptive_offer,b,mobile
1560157231178,submit,b4305,adaptive_offer,,mobile
1560157247706,enter,b4307,adaptive_offer,,mobile
1560157253970,respond,q5775,adaptive_offer,d,mobile
1560157263629,submit,b4307,adaptive_offer,,mobile
1560157475666,enter,b4306,adaptive_offer,,mobile
1560157497830,submit,b4306,adaptive_offer,,mobile
1560157564530,enter,b2338,sprint,,mobile
1560157581626,respond,q3806,sprint,a,mobile
1560157589376,submit,b2338,sprint,,mobile
1560157608261,enter,b6541,sprint,,mobile
1560157651469,respond,q9190,sprint,b,mobile
1560157654390,submit,b6541,sprint,,mobile
1560157705273,enter,b2440,sprint,,mobile
1560157747605,respond,q3908,sprint,a,mobile
1560157750968,submit,b2440,sprint,,mobile
1560157765348,enter,b3060,sprint,,mobile
1560157804870,respond,q4528,sprint,a,mobile
1560157808747,submit,b3060,sprint,,mobile
1560157853927,enter,b3049,sprint,,mobile
1560157880206,respond,q4517,sprint,a,mobile
1560157885072,submit,b3049,sprint,,mobile
1560157904756,enter,b4867,adaptive_offer,,mobile
1560157921044,respond,q6335,adaptive_offer,d,mobile
1560157923802,submit,b4867,adaptive_offer,,mobile
1560157932972,enter,b2678,adaptive_offer,,mobile
1560157946024,respond,q4146,adaptive_offer,a,mobile
1560157949214,submit,b2678,adaptive_offer,,mobile
1560157976651,enter,b7453,sprint,,mobile
1560158010752,respond,q10102,sprint,b,mobile
1560158013209,submit,b7453,sprint,,mobile
1560158059128,enter,b2849,sprint,,mobile
1560158128981,respond,q4317,sprint,d,mobile
1560158132019,submit,b2849,sprint,,mobile
1560158382002,enter,b2558,sprint,,mobile
1560158425239,respond,q4026,sprint,a,mobile
1560158429266,submit,b2558,sprint,,mobile
1560160268629,enter,b3289,adaptive_offer,,mobile
1560160283516,respond,q4757,adaptive_offer,d,mobile
1560160289266,submit,b3289,adaptive_offer,,mobile
1560160317999,enter,b2558,adaptive_offer,,mobile
1560160371601,respond,q4026,adaptive_offer,b,mobile
1560160374097,submit,b2558,adaptive_offer,,mobile
1560160544498,enter,b3834,sprint,,mobile
1560160573330,respond,q5302,sprint,c,mobile
1560160599844,submit,b3834,sprint,,mobile
1560160637692,enter,b6403,sprint,,mobile
1560160666376,respond,q9052,sprint,d,mobile
1560160678506,submit,b6403,sprint,,mobile
1560160764658,enter,b5057,sprint,,mobile
1560160780767,respond,q6525,sprint,b,mobile
1560160786129,submit,b5057,sprint,,mobile
1560160811369,enter,b2230,adaptive_offer,,mobile
1560160814016,respond,q3698,adaptive_offer,d,mobile
1560160817456,submit,b2230,adaptive_offer,,mobile
1560160822321,enter,b5057,adaptive_offer,,mobile
1560160828315,respond,q6525,adaptive_offer,c,mobile
1560160831375,submit,b5057,adaptive_offer,,mobile
1560160934159,enter,b6929,sprint,,mobile
1560160961518,respond,q9578,sprint,d,mobile
1560160965645,submit,b6929,sprint,,mobile
1560160975351,enter,b2562,sprint,,mobile
1560161040584,respond,q4030,sprint,c,mobile
1560161043873,submit,b2562,sprint,,mobile
1560161748528,enter,b7204,sprint,,mobile
1560161769243,respond,q9853,sprint,c,mobile
1560161772751,submit,b7204,sprint,,mobile
1560161849675,enter,b3075,sprint,,mobile
1560161868647,respond,q4543,sprint,a,mobile
1560161882744,respond,q4543,sprint,b,mobile
1560161890446,respond,q4543,sprint,a,mobile
1560161899854,respond,q4543,sprint,c,mobile
1560161902963,submit,b3075,sprint,,mobile
1560161951809,enter,b3792,sprint,,mobile
1560161977499,respond,q5260,sprint,c,mobile
1560161981340,submit,b3792,sprint,,mobile
1560161991990,enter,b3114,sprint,,mobile
1560162004452,respond,q4582,sprint,a,mobile
1560162011236,submit,b3114,sprint,,mobile
1560162048669,enter,b5900,sprint,,mobile
1560162075398,respond,q8549,sprint,a,mobile
1560162078739,submit,b5900,sprint,,mobile
1560162119629,enter,b3581,sprint,,mobile
1560162131155,respond,q5049,sprint,c,mobile
1560162133793,submit,b3581,sprint,,mobile
1560162177279,enter,b3437,sprint,,mobile
1560162200510,respond,q4905,sprint,b,mobile
1560162204170,submit,b3437,sprint,,mobile
1560162225520,enter,b2444,sprint,,mobile
1560162244084,respond,q3912,sprint,a,mobile
1560162247994,submit,b2444,sprint,,mobile
1560162258949,enter,b5663,sprint,,mobile
1560162281980,respond,q8192,sprint,a,mobile
1560162285122,submit,b5663,sprint,,mobile
1560162292911,enter,b6957,sprint,,mobile
1560162328729,respond,q9606,sprint,a,mobile
1560162333090,submit,b6957,sprint,,mobile
1560162348799,enter,b3789,sprint,,mobile
1560162378844,respond,q5257,sprint,a,mobile
1560162381829,submit,b3789,sprint,,mobile
1560162389672,enter,b2403,sprint,,mobile
1560162421246,respond,q3871,sprint,d,mobile
1560162425057,submit,b2403,sprint,,mobile
1560162443468,enter,b6769,sprint,,mobile
1560162503387,respond,q9418,sprint,c,mobile
1560162506760,submit,b6769,sprint,,mobile
1560180972053,enter,b5202,sprint,,mobile
1560181172925,respond,q6904,sprint,a,mobile
1560181181900,submit,b5202,sprint,,mobile
1560181280097,enter,b5120,sprint,,mobile
1560181433945,respond,q6696,sprint,c,mobile
1560181442725,submit,b5120,sprint,,mobile
1560183551190,enter,b5181,sprint,,mobile
1560183822604,respond,q6819,sprint,a,mobile
1560183827220,submit,b5181,sprint,,mobile
1560184131791,enter,b7942,sprint,,mobile
1560184279193,respond,q10712,sprint,b,mobile
1560184286887,submit,b7942,sprint,,mobile
1560184335070,enter,b5192,sprint,,mobile
1560184612733,respond,q6864,sprint,c,mobile
1560184623351,submit,b5192,sprint,,mobile
1560184847625,enter,b5106,sprint,,mobile
1560184980337,respond,q6640,sprint,b,mobile
1560184993622,respond,q6640,sprint,b,mobile
1560184998656,submit,b5106,sprint,,mobile
1560185243927,enter,b5181,adaptive_offer,,mobile
1560185281010,respond,q6820,adaptive_offer,a,mobile
1560185317591,submit,b5181,adaptive_offer,,mobile
1560186420419,enter,b5109,sprint,,mobile
1560186586634,respond,q6652,sprint,b,mobile
1560186592035,submit,b5109,sprint,,mobile
1560187931356,enter,b5109,adaptive_offer,,mobile
1560188054699,respond,q6652,adaptive_offer,b,mobile
1560188059098,submit,b5109,adaptive_offer,,mobile
1560188170540,enter,b8503,sprint,,mobile
1560188265238,respond,q11682,sprint,b,mobile
1560188269064,respond,q11682,sprint,d,mobile
1560188281851,submit,b8503,sprint,,mobile
1560188340473,enter,b5172,sprint,,mobile
1560188526843,respond,q6784,sprint,a,mobile
1560188531066,submit,b5172,sprint,,mobile
1560241093366,enter,b8014,sprint,,mobile
1560241112112,respond,q10961,sprint,b,mobile
1560241121024,submit,b8014,sprint,,mobile
1560241156180,enter,b8217,sprint,,mobile
1560241166496,respond,q11164,sprint,a,mobile
1560241169512,respond,q11164,sprint,a,mobile
1560241172299,respond,q11164,sprint,a,mobile
1560241177946,submit,b8217,sprint,,mobile
1560241187417,enter,b8247,sprint,,mobile
1560241207400,respond,q11194,sprint,c,mobile
1560241211203,respond,q11194,sprint,d,mobile
1560241215423,submit,b8247,sprint,,mobile
1560241222442,enter,b8050,sprint,,mobile
1560241243595,respond,q10997,sprint,d,mobile
1560241246849,submit,b8050,sprint,,mobile
1560241255454,enter,b8147,sprint,,mobile
1560241275895,respond,q11094,sprint,a,mobile
1560241279012,submit,b8147,sprint,,mobile
1560241301074,enter,b8183,sprint,,mobile
1560241327783,submit,b8183,sprint,,mobile
1560241366106,enter,b8166,sprint,,mobile
1560241381061,respond,q11113,sprint,b,mobile
1560241391545,submit,b8166,sprint,,mobile
1560241430239,enter,b8286,sprint,,mobile
1560241448173,respond,q11233,sprint,c,mobile
1560241454313,respond,q11233,sprint,d,mobile
1560241456880,submit,b8286,sprint,,mobile
1560241465934,enter,b8274,sprint,,mobile
1560241479657,respond,q11221,sprint,b,mobile
1560241490881,submit,b8274,sprint,,mobile
1560241499520,enter,b8215,sprint,,mobile
1560241517486,respond,q11162,sprint,c,mobile
1560241524061,submit,b8215,sprint,,mobile
1560241576018,enter,b1030,sprint,,mobile
1560241595461,respond,q1030,sprint,a,mobile
1560241598396,submit,b1030,sprint,,mobile
1560241637581,enter,b576,sprint,,mobile
1560241654983,respond,q576,sprint,c,mobile
1560241658515,submit,b576,sprint,,mobile
1560241694489,enter,b336,sprint,,mobile
1560241712182,respond,q336,sprint,b,mobile
1560241715143,submit,b336,sprint,,mobile
1560241737418,enter,b796,sprint,,mobile
1560241746550,respond,q796,sprint,a,mobile
1560241754386,respond,q796,sprint,c,mobile
1560241759166,submit,b796,sprint,,mobile
1560241807138,enter,b634,sprint,,mobile
1560241825816,respond,q634,sprint,c,mobile
1560241828710,submit,b634,sprint,,mobile
1560241853128,enter,b588,sprint,,mobile
1560241873686,respond,q588,sprint,a,mobile
1560241876109,submit,b588,sprint,,mobile
1560241951429,enter,b927,sprint,,mobile
1560241966451,respond,q927,sprint,c,mobile
1560241969141,submit,b927,sprint,,mobile
1560241999163,enter,b1331,sprint,,mobile
1560242019016,respond,q1331,sprint,c,mobile
1560242022676,submit,b1331,sprint,,mobile
1560242045774,enter,b369,sprint,,mobile
1560242065116,respond,q369,sprint,c,mobile
1560242067891,submit,b369,sprint,,mobile
1560242422056,enter,b1373,sprint,,mobile
1560242438945,respond,q1373,sprint,c,mobile
1560242442486,submit,b1373,sprint,,mobile
1560242464222,enter,b1250,sprint,,mobile
1560242481599,respond,q1250,sprint,b,mobile
1560242484892,submit,b1250,sprint,,mobile
1560242499629,enter,b905,sprint,,mobile
1560242520430,respond,q905,sprint,b,mobile
1560242523787,submit,b905,sprint,,mobile
1560242564192,enter,b584,sprint,,mobile
1560242581716,respond,q584,sprint,b,mobile
1560242585548,submit,b584,sprint,,mobile
1560242660157,enter,b956,sprint,,mobile
1560242679729,respond,q956,sprint,a,mobile
1560242682723,submit,b956,sprint,,mobile
1560242705320,enter,b1000,sprint,,mobile
1560242720732,respond,q1000,sprint,b,mobile
1560242723692,submit,b1000,sprint,,mobile
1560242772511,enter,b1076,sprint,,mobile
1560242790045,respond,q1076,sprint,c,mobile
1560242793215,submit,b1076,sprint,,mobile
1560242867748,enter,b1360,sprint,,mobile
1560242884181,respond,q1360,sprint,b,mobile
1560242888040,submit,b1360,sprint,,mobile
1560242931618,enter,b241,sprint,,mobile
1560242949943,respond,q241,sprint,c,mobile
1560242953067,submit,b241,sprint,,mobile
1560242967439,enter,b308,sprint,,mobile
1560242986515,respond,q308,sprint,a,mobile
1560242989326,submit,b308,sprint,,mobile
1560243017607,enter,b1365,sprint,,mobile
1560243033268,respond,q1365,sprint,b,mobile
1560243036410,submit,b1365,sprint,,mobile
1560243091866,enter,b63,review_quiz,,mobile
1560243105557,respond,q63,review_quiz,b,mobile
1560243116818,submit,b63,review_quiz,,mobile
1560243121258,enter,b55,review_quiz,,mobile
1560243142964,respond,q55,review_quiz,d,mobile
1560243147227,submit,b55,review_quiz,,mobile
1560243153412,enter,b18,review_quiz,,mobile
1560243168314,respond,q18,review_quiz,b,mobile
1560243178148,submit,b18,review_quiz,,mobile
1560243186498,enter,b195,review_quiz,,mobile
1560243208146,respond,q195,review_quiz,c,mobile
1560243210500,submit,b195,review_quiz,,mobile
1560243221121,enter,b108,review_quiz,,mobile
1560243242214,respond,q108,review_quiz,c,mobile
1560243245519,submit,b108,review_quiz,,mobile
1560243326179,enter,b8178,review_quiz,,mobile
1560243350797,submit,b8178,review_quiz,,mobile
1560243354618,enter,b132,review_quiz,,mobile
1560243374146,respond,q132,review_quiz,a,mobile
1560243376578,submit,b132,review_quiz,,mobile
1560243382284,enter,b5637,review_quiz,,mobile
1560243398156,respond,q8166,review_quiz,b,mobile
1560243404756,respond,q8166,review_quiz,d,mobile
1560243407622,submit,b5637,review_quiz,,mobile
1560243415505,enter,b8003,review_quiz,,mobile
1560243437355,respond,q10950,review_quiz,a,mobile
1560243440591,submit,b8003,review_quiz,,mobile
1560243449868,enter,b167,review_quiz,,mobile
1560243480717,respond,q167,review_quiz,d,mobile
1560243481430,respond,q167,review_quiz,a,mobile
1560243484385,submit,b167,review_quiz,,mobile
1560243507849,enter,b7,review_quiz,,mobile
1560243534261,respond,q7,review_quiz,d,mobile
1560243536646,submit,b7,review_quiz,,mobile
1560318616528,enter,b8184,sprint,,mobile
1560318637851,respond,q11131,sprint,b,mobile
1560318641571,submit,b8184,sprint,,mobile
1560318650447,enter,b8176,sprint,,mobile
1560318671267,respond,q11123,sprint,b,mobile
1560318675488,submit,b8176,sprint,,mobile
1560318686606,enter,b8045,sprint,,mobile
1560318700204,respond,q10992,sprint,b,mobile
1560318713083,submit,b8045,sprint,,mobile
1560318721243,enter,b8171,sprint,,mobile
1560318734485,respond,q11118,sprint,b,mobile
1560318745447,submit,b8171,sprint,,mobile
1560318752871,enter,b8043,sprint,,mobile
1560318768809,respond,q10990,sprint,c,mobile
1560318772396,submit,b8043,sprint,,mobile
1560318836132,enter,b8110,sprint,,mobile
1560318858315,respond,q11057,sprint,c,mobile
1560318861263,submit,b8110,sprint,,mobile
1560318873162,enter,b8180,sprint,,mobile
1560318898498,respond,q11127,sprint,c,mobile
1560318901370,submit,b8180,sprint,,mobile
1560318927184,enter,b8182,sprint,,mobile
1560318938166,respond,q11129,sprint,a,mobile
1560318955333,submit,b8182,sprint,,mobile
1560318963233,enter,b8204,sprint,,mobile
1560318986319,respond,q11151,sprint,b,mobile
1560318989285,submit,b8204,sprint,,mobile
1560319022269,enter,b8122,sprint,,mobile
1560319035611,respond,q11069,sprint,b,mobile
1560319047685,submit,b8122,sprint,,mobile
1560319070770,enter,b5646,adaptive_offer,,mobile
1560319080360,respond,q8175,adaptive_offer,a,mobile
1560319095335,submit,b5646,adaptive_offer,,mobile
1560319125179,enter,b18,adaptive_offer,,mobile
1560319139036,respond,q18,adaptive_offer,b,mobile
1560319149221,submit,b18,adaptive_offer,,mobile
1560319152727,enter,b58,adaptive_offer,,mobile
1560319165405,respond,q58,adaptive_offer,b,mobile
1560319175735,submit,b58,adaptive_offer,,mobile
1560319189406,enter,b56,adaptive_offer,,mobile
1560319205801,respond,q56,adaptive_offer,c,mobile
1560319211698,submit,b56,adaptive_offer,,mobile
1560319272755,enter,b423,sprint,,mobile
1560319289773,respond,q423,sprint,a,mobile
1560319294726,submit,b423,sprint,,mobile
1560319326667,enter,b1368,sprint,,mobile
1560319343657,respond,q1368,sprint,b,mobile
1560319347050,submit,b1368,sprint,,mobile
1560319358202,enter,b1208,sprint,,mobile
1560319374255,respond,q1208,sprint,a,mobile
1560319377348,submit,b1208,sprint,,mobile
1560319394514,enter,b984,sprint,,mobile
1560319409990,respond,q984,sprint,b,mobile
1560319413807,submit,b984,sprint,,mobile
1560319436096,enter,b1142,sprint,,mobile
1560319456654,respond,q1142,sprint,b,mobile
1560319460099,submit,b1142,sprint,,mobile
1560319475954,enter,b773,sprint,,mobile
1560319492380,respond,q773,sprint,b,mobile
1560319495630,submit,b773,sprint,,mobile
1560319514848,enter,b749,sprint,,mobile
1560319531562,respond,q749,sprint,a,mobile
1560319535873,submit,b749,sprint,,mobile
1560319557743,enter,b1261,sprint,,mobile
1560319575303,respond,q1261,sprint,b,mobile
1560319578352,submit,b1261,sprint,,mobile
1560319645708,enter,b633,sprint,,mobile
1560319663860,respond,q633,sprint,c,mobile
1560319666603,submit,b633,sprint,,mobile
1560319733557,enter,b906,sprint,,mobile
1560319750627,respond,q906,sprint,c,mobile
1560319753685,submit,b906,sprint,,mobile
1560319800956,enter,b970,sprint,,mobile
1560319818432,respond,q970,sprint,c,mobile
1560319821992,submit,b970,sprint,,mobile
1560319986249,enter,b696,adaptive_offer,,mobile
1560320004180,respond,q696,adaptive_offer,c,mobile
1560320007291,submit,b696,adaptive_offer,,mobile
1560320014287,enter,b424,adaptive_offer,,mobile
1560320030712,respond,q424,adaptive_offer,b,mobile
1560320034207,submit,b424,adaptive_offer,,mobile
1560320112833,enter,b792,sprint,,mobile
1560320132067,respond,q792,sprint,c,mobile
1560320135242,submit,b792,sprint,,mobile
1560320169382,enter,b692,sprint,,mobile
1560320189428,respond,q692,sprint,c,mobile
1560320193389,submit,b692,sprint,,mobile
1560320230169,enter,b1110,sprint,,mobile
1560320249511,submit,b1110,sprint,,mobile
1560320266789,enter,b758,sprint,,mobile
1560320287440,respond,q758,sprint,b,mobile
1560320290012,respond,q758,sprint,c,mobile
1560320292738,submit,b758,sprint,,mobile
1560320312826,enter,b652,sprint,,mobile
1560320341790,respond,q652,sprint,c,mobile
1560320342160,respond,q652,sprint,a,mobile
1560320345152,submit,b652,sprint,,mobile
1560320378216,enter,b223,sprint,,mobile
1560320394476,respond,q223,sprint,b,mobile
1560320397622,submit,b223,sprint,,mobile
1560320410004,enter,b1311,sprint,,mobile
1560320427140,respond,q1311,sprint,a,mobile
1560320430049,submit,b1311,sprint,,mobile
1560320476993,enter,b259,sprint,,mobile
1560320495478,respond,q259,sprint,a,mobile
1560320498857,submit,b259,sprint,,mobile
1560320516321,enter,b456,sprint,,mobile
1560320566342,submit,b456,sprint,,mobile
1560321961320,enter,b1792,sprint,,mobile
1560322047914,respond,q2574,sprint,c,mobile
1560322053408,submit,b1792,sprint,,mobile
1560322196846,enter,b1446,adaptive_offer,,mobile
1560322266781,respond,q1536,adaptive_offer,a,mobile
1560322271134,submit,b1446,adaptive_offer,,mobile
1560322427521,enter,b1420,sprint,,mobile
1560322503022,respond,q1458,sprint,a,mobile
1560322507929,submit,b1420,sprint,,mobile
1560322536394,enter,b1542,sprint,,mobile
1560322594751,respond,q1824,sprint,a,mobile
1560322598396,submit,b1542,sprint,,mobile
1560322631629,enter,b1475,sprint,,mobile
1560322734368,respond,q1623,sprint,c,mobile
1560322747595,submit,b1475,sprint,,mobile
1560322848822,enter,b1685,sprint,,mobile
1560322910412,respond,q2253,sprint,a,mobile
1560322913995,submit,b1685,sprint,,mobile
1560322967338,enter,b1730,sprint,,mobile
1560323046564,respond,q2388,sprint,c,mobile
1560323048843,respond,q2388,sprint,c,mobile
1560323055536,submit,b1730,sprint,,mobile
1560323122652,enter,b1769,sprint,,mobile
1560323169008,respond,q2505,sprint,a,mobile
1560323191393,submit,b1769,sprint,,mobile
1560323343828,enter,b1478,sprint,,mobile
1560323434640,respond,q1632,sprint,b,mobile
1560323436444,respond,q1632,sprint,b,mobile
1560323437801,respond,q1632,sprint,b,mobile
1560323441809,submit,b1478,sprint,,mobile
1560323883218,enter,b1510,sprint,,mobile
1560323960371,respond,q1728,sprint,b,mobile
1560323964332,submit,b1510,sprint,,mobile
1560324109944,enter,b1793,sprint,,mobile
1560324201061,respond,q2577,sprint,a,mobile
1560324206090,submit,b1793,sprint,,mobile
1560324367770,enter,b1830,sprint,,mobile
1560324423169,respond,q2688,sprint,d,mobile
1560324426863,submit,b1830,sprint,,mobile
1560324447409,enter,b1995,sprint,,mobile
1560324527915,respond,q3183,sprint,d,mobile
1560324532302,submit,b1995,sprint,,mobile
1560324746214,enter,b2038,sprint,,mobile
1560324823940,respond,q3312,sprint,b,mobile
1560324824732,respond,q3312,sprint,b,mobile
1560324828849,submit,b2038,sprint,,mobile
1560324945634,enter,b2068,sprint,,mobile
1560325001751,respond,q3402,sprint,b,mobile
1560325006349,submit,b2068,sprint,,mobile
1560325074245,enter,b1928,sprint,,mobile
1560325122523,respond,q2982,sprint,c,mobile
1560325126675,submit,b1928,sprint,,mobile
1560325182122,enter,b1943,sprint,,mobile
1560325246517,respond,q3027,sprint,b,mobile
1560325248796,respond,q3027,sprint,c,mobile
1560325257963,respond,q3027,sprint,c,mobile
1560325259420,respond,q3027,sprint,c,mobile
1560325263318,submit,b1943,sprint,,mobile
1560325349147,enter,b1813,sprint,,mobile
1560325413261,respond,q2637,sprint,c,mobile
1560325417657,submit,b1813,sprint,,mobile
1560325486384,enter,b2113,sprint,,mobile
1560325555795,respond,q3537,sprint,d,mobile
1560325560933,submit,b2113,sprint,,mobile
1560325621643,enter,b1956,sprint,,mobile
1560325712953,respond,q3066,sprint,c,mobile
1560325717423,submit,b1956,sprint,,mobile
1560325870050,enter,b7930,sprint,,mobile
1560325933804,respond,q10673,sprint,b,mobile
1560325939935,submit,b7930,sprint,,mobile
1560327680236,enter,b4272,adaptive_offer,,mobile
1560327704914,respond,q5740,adaptive_offer,b,mobile
1560327707606,submit,b4272,adaptive_offer,,mobile
1560327720445,enter,b2444,adaptive_offer,,mobile
1560327748387,respond,q3912,adaptive_offer,c,mobile
1560327753038,submit,b2444,adaptive_offer,,mobile
1560327785181,enter,b3983,sprint,,mobile
1560327825552,respond,q5451,sprint,b,mobile
1560327828743,submit,b3983,sprint,,mobile
1560327846924,enter,b3995,adaptive_offer,,mobile
1560327855775,respond,q5463,adaptive_offer,a,mobile
1560327858132,submit,b3995,adaptive_offer,,mobile
1560327864499,enter,b3983,adaptive_offer,,mobile
1560327872181,respond,q5451,adaptive_offer,c,mobile
1560327875305,submit,b3983,adaptive_offer,,mobile
1560327914058,enter,b4040,sprint,,mobile
1560327941888,respond,q5508,sprint,a,mobile
1560327944751,submit,b4040,sprint,,mobile
1560327964306,enter,b2700,sprint,,mobile
1560327985849,respond,q4168,sprint,a,mobile
1560327994236,submit,b2700,sprint,,mobile
1560328048129,enter,b7430,sprint,,mobile
1560328075057,respond,q10079,sprint,c,mobile
1560328077665,submit,b7430,sprint,,mobile
1560328118542,enter,b4302,sprint,,mobile
1560328177416,respond,q5770,sprint,b,mobile
1560328181161,submit,b4302,sprint,,mobile
1560328223515,enter,b2957,sprint,,mobile
1560328258382,respond,q4425,sprint,c,mobile
1560328263045,submit,b2957,sprint,,mobile
1560328298473,enter,b4858,sprint,,mobile
1560328346971,respond,q6326,sprint,c,mobile
1560328350349,submit,b4858,sprint,,mobile
1560328357571,enter,b11373,sprint,,mobile
1560328384785,respond,q17136,sprint,a,mobile
1560328389046,submit,b11373,sprint,,mobile
1560328454515,enter,b4869,sprint,,mobile
1560328470347,respond,q6337,sprint,b,mobile
1560328477499,submit,b4869,sprint,,mobile
1560328502884,enter,b2714,sprint,,mobile
1560328547240,respond,q4182,sprint,d,mobile
1560328550131,submit,b2714,sprint,,mobile
1560328571073,enter,b4577,sprint,,mobile
1560328585671,respond,q6045,sprint,c,mobile
1560328588893,respond,q6045,sprint,d,mobile
1560328591673,submit,b4577,sprint,,mobile
1560328599655,enter,b6284,sprint,,mobile
1560328615113,respond,q8933,sprint,b,mobile
1560328618018,submit,b6284,sprint,,mobile
1560328645409,enter,b3453,sprint,,mobile
1560328680228,respond,q4921,sprint,c,mobile
1560328683468,submit,b3453,sprint,,mobile
1560328857065,enter,b3594,sprint,,mobile
1560328892726,respond,q5062,sprint,b,mobile
1560328895932,submit,b3594,sprint,,mobile
1560328974014,enter,b2198,sprint,,mobile
1560328985856,respond,q3666,sprint,a,mobile
1560328990023,submit,b2198,sprint,,mobile
1560329007554,enter,b5914,sprint,,mobile
1560329065473,respond,q8563,sprint,a,mobile
1560329066530,respond,q8563,sprint,b,mobile
1560329069817,submit,b5914,sprint,,mobile
1560329144625,enter,b3086,sprint,,mobile
1560329185110,respond,q4554,sprint,d,mobile
1560329187983,submit,b3086,sprint,,mobile
1560329246516,enter,b4213,sprint,,mobile
1560329273177,respond,q5681,sprint,a,mobile
1560329275751,submit,b4213,sprint,,mobile
1560329303412,enter,b4871,sprint,,mobile
1560329340412,respond,q6339,sprint,a,mobile
1560329343118,submit,b4871,sprint,,mobile
1560329390379,enter,b6101,sprint,,mobile
1560329422873,respond,q8750,sprint,a,mobile
1560329437906,respond,q8750,sprint,d,mobile
1560329441018,submit,b6101,sprint,,mobile
1560329466213,enter,b3885,sprint,,mobile
1560329491110,respond,q5353,sprint,a,mobile
1560329494248,submit,b3885,sprint,,mobile
1560329554841,enter,b3723,sprint,,mobile
1560329650560,respond,q5191,sprint,a,mobile
1560329653400,submit,b3723,sprint,,mobile
1560329750319,enter,b2933,sprint,,mobile
1560329776441,respond,q4401,sprint,d,mobile
1560329787941,submit,b2933,sprint,,mobile
1560329803878,enter,b6801,sprint,,mobile
1560329832412,respond,q9450,sprint,c,mobile
1560329834756,respond,q9450,sprint,b,mobile
1560329838978,respond,q9450,sprint,c,mobile
1560329839947,respond,q9450,sprint,b,mobile
1560329840531,respond,q9450,sprint,d,mobile
1560329840949,respond,q9450,sprint,c,mobile
1560329841217,respond,q9450,sprint,b,mobile
1560329841535,respond,q9450,sprint,a,mobile
1560329841886,respond,q9450,sprint,b,mobile
1560329842219,respond,q9450,sprint,c,mobile
1560329842536,respond,q9450,sprint,b,mobile
1560329842837,respond,q9450,sprint,c,mobile
1560329843206,respond,q9450,sprint,b,mobile
1560329843472,respond,q9450,sprint,c,mobile
1560329843806,respond,q9450,sprint,b,mobile
1560329844090,respond,q9450,sprint,c,mobile
1560329844408,respond,q9450,sprint,b,mobile
1560329844659,respond,q9450,sprint,c,mobile
1560329844993,respond,q9450,sprint,b,mobile
1560329845292,respond,q9450,sprint,d,mobile
1560329845611,respond,q9450,sprint,c,mobile
1560329846213,respond,q9450,sprint,b,mobile
1560329846520,respond,q9450,sprint,d,mobile
1560329846847,respond,q9450,sprint,b,mobile
1560329847216,respond,q9450,sprint,c,mobile
1560329847599,respond,q9450,sprint,b,mobile
1560329847900,respond,q9450,sprint,d,mobile
1560329848235,respond,q9450,sprint,c,mobile
1560329848568,respond,q9450,sprint,d,mobile
1560329848958,respond,q9450,sprint,c,mobile
1560329849320,respond,q9450,sprint,d,mobile
1560329849754,respond,q9450,sprint,c,mobile
1560329850323,respond,q9450,sprint,b,mobile
1560329855536,respond,q9450,sprint,c,mobile
1560329859216,submit,b6801,sprint,,mobile
1560329895746,enter,b4728,sprint,,mobile
1560329940333,respond,q6196,sprint,b,mobile
1560329942889,submit,b4728,sprint,,mobile
1560329976225,enter,b3905,sprint,,mobile
1560330011946,respond,q5373,sprint,a,mobile
1560330014971,submit,b3905,sprint,,mobile
1560330028961,enter,b4045,sprint,,mobile
1560330041787,respond,q5513,sprint,c,mobile
1560330044462,submit,b4045,sprint,,mobile
1560330051293,enter,b5857,sprint,,mobile
1560330093767,respond,q8506,sprint,a,mobile
1560330096997,submit,b5857,sprint,,mobile
1560330154481,enter,b4012,sprint,,mobile
1560330170196,respond,q5480,sprint,b,mobile
1560330173588,submit,b4012,sprint,,mobile
1560330180913,enter,b3418,sprint,,mobile
1560330219116,respond,q4886,sprint,c,mobile
1560330220753,respond,q4886,sprint,d,mobile
1560330232534,respond,q4886,sprint,c,mobile
1560330235442,submit,b3418,sprint,,mobile
1560330301460,enter,b3164,sprint,,mobile
1560330321171,respond,q4632,sprint,c,mobile
1560330324478,submit,b3164,sprint,,mobile
1560330346639,enter,b5682,sprint,,mobile
1560330358934,respond,q8211,sprint,a,mobile
1560330373302,respond,q8211,sprint,d,mobile
1560330378498,submit,b5682,sprint,,mobile
1560330403458,enter,b3871,sprint,,mobile
1560330412599,respond,q5339,sprint,a,mobile
1560330415776,submit,b3871,sprint,,mobile
1560330462123,enter,b4063,sprint,,mobile
1560330482560,respond,q5531,sprint,a,mobile
1560330486825,submit,b4063,sprint,,mobile
1560330493313,enter,b3363,sprint,,mobile
1560330518518,respond,q4831,sprint,b,mobile
1560330521858,submit,b3363,sprint,,mobile
1560330531130,enter,b6085,sprint,,mobile
1560330546053,respond,q8734,sprint,c,mobile
1560330548862,submit,b6085,sprint,,mobile
1560330609164,enter,b4018,sprint,,mobile
1560330625840,respond,q5486,sprint,b,mobile
1560330636950,submit,b4018,sprint,,mobile
1560331278395,enter,b4018,adaptive_offer,,mobile
1560331288549,respond,q5486,adaptive_offer,c,mobile
1560331293964,submit,b4018,adaptive_offer,,mobile
1560331322269,enter,b4040,adaptive_offer,,mobile
1560331332726,respond,q5508,adaptive_offer,b,mobile
1560331335950,submit,b4040,adaptive_offer,,mobile
1560331370901,enter,b5018,sprint,,mobile
1560331433563,respond,q6486,sprint,d,mobile
1560331437419,submit,b5018,sprint,,mobile
1560331463499,enter,b4997,sprint,,mobile
1560331486609,respond,q6465,sprint,b,mobile
1560331490961,submit,b4997,sprint,,mobile
1560331498932,enter,b7040,sprint,,mobile
1560331547298,respond,q9689,sprint,a,mobile
1560331550370,submit,b7040,sprint,,mobile
1560332048435,enter,b5110,sprint,,mobile
1560332208018,respond,q6656,sprint,c,mobile
1560332216228,submit,b5110,sprint,,mobile
1560332515844,enter,b5106,adaptive_offer,,mobile
1560332592231,respond,q6640,adaptive_offer,a,mobile
1560332596827,submit,b5106,adaptive_offer,,mobile
1560332737363,enter,b5113,sprint,,mobile
1560332880766,respond,q6668,sprint,c,mobile
1560332886598,respond,q6668,sprint,a,mobile
1560332891020,submit,b5113,sprint,,mobile
1560332903984,enter,b8482,sprint,,mobile
1560333050245,respond,q11598,sprint,a,mobile
1560333054778,submit,b8482,sprint,,mobile
1560333221252,enter,b5214,sprint,,mobile
1560333391402,respond,q6952,sprint,b,mobile
1560333396147,submit,b5214,sprint,,mobile
1560333429305,enter,b5111,sprint,,mobile
1560333593154,respond,q6660,sprint,b,mobile
1560333593622,respond,q6660,sprint,a,mobile
1560333599261,submit,b5111,sprint,,mobile
1560333922729,enter,b5214,adaptive_offer,,mobile
1560334007366,respond,q6952,adaptive_offer,d,mobile
1560334013462,submit,b5214,adaptive_offer,,mobile
1560334432198,enter,b5118,sprint,,mobile
1560334575095,respond,q6688,sprint,a,mobile
1560334578852,submit,b5118,sprint,,mobile
1560334630965,enter,b8474,sprint,,mobile
1560334749892,respond,q11565,sprint,c,mobile
1560334763519,submit,b8474,sprint,,mobile
1560334773155,enter,b5167,sprint,,mobile
1560334904664,respond,q6762,sprint,b,mobile
1560334909198,submit,b5167,sprint,,mobile
1560334961526,enter,b5188,sprint,,mobile
1560335158516,respond,q6848,sprint,b,mobile
1560335163719,submit,b5188,sprint,,mobile
1560335252076,enter,b5186,sprint,,mobile
1560335425184,respond,q6840,sprint,c,mobile
1560335431739,submit,b5186,sprint,,mobile
1560409654666,enter,b8127,sprint,,mobile
1560409670324,respond,q11074,sprint,b,mobile
1560409680984,submit,b8127,sprint,,mobile
1560409693845,enter,b8287,sprint,,mobile
1560409710427,respond,q11234,sprint,b,mobile
1560409719379,submit,b8287,sprint,,mobile
1560409747792,enter,b8118,sprint,,mobile
1560409761957,respond,q11065,sprint,b,mobile
1560409765416,respond,q11065,sprint,b,mobile
1560409771394,submit,b8118,sprint,,mobile
1560409783854,enter,b8044,sprint,,mobile
1560409807118,respond,q10991,sprint,a,mobile
1560409809703,submit,b8044,sprint,,mobile
1560409825956,enter,b8098,sprint,,mobile
1560409847536,respond,q11045,sprint,d,mobile
1560409850552,submit,b8098,sprint,,mobile
1560409872323,enter,b8198,sprint,,mobile
1560409894923,respond,q11145,sprint,d,mobile
1560409897557,submit,b8198,sprint,,mobile
1560409905594,enter,b8068,sprint,,mobile
1560409926533,respond,q11015,sprint,a,mobile
1560409929419,submit,b8068,sprint,,mobile
1560409937929,enter,b8102,sprint,,mobile
1560409952584,respond,q11049,sprint,b,mobile
1560409960949,submit,b8102,sprint,,mobile
1560409966340,enter,b8206,sprint,,mobile
1560409990430,respond,q11153,sprint,d,mobile
1560409993199,submit,b8206,sprint,,mobile
1560410010144,enter,b8167,sprint,,mobile
1560410028623,respond,q11114,sprint,c,mobile
1560410035603,submit,b8167,sprint,,mobile
1560410041995,enter,b8105,sprint,,mobile
1560410064313,respond,q11052,sprint,d,mobile
1560410067030,submit,b8105,sprint,,mobile
1560410087859,enter,b8016,sprint,,mobile
1560410112018,respond,q10963,sprint,a,mobile
1560410115888,submit,b8016,sprint,,mobile
1560410126490,enter,b8284,sprint,,mobile
1560410180605,respond,q11231,sprint,d,mobile
1560410183560,submit,b8284,sprint,,mobile
1560410196628,enter,b8040,sprint,,mobile
1560410218565,respond,q10987,sprint,b,mobile
1560410222575,submit,b8040,sprint,,mobile
1560410231230,enter,b8115,sprint,,mobile
1560410240272,respond,q11062,sprint,a,mobile
1560410255856,submit,b8115,sprint,,mobile
1560410260842,enter,b8156,sprint,,mobile
1560410287271,respond,q11103,sprint,d,mobile
1560410289858,submit,b8156,sprint,,mobile
1560410362197,enter,b8264,sprint,,mobile
1560410375930,respond,q11211,sprint,b,mobile
1560410386833,submit,b8264,sprint,,mobile
1560410396812,enter,b8265,sprint,,mobile
1560410414714,respond,q11212,sprint,c,mobile
1560410419500,submit,b8265,sprint,,mobile
1560410424768,enter,b8137,sprint,,mobile
1560410435632,respond,q11084,sprint,a,mobile
1560410449725,submit,b8137,sprint,,mobile
1560410457428,enter,b8220,sprint,,mobile
1560410481377,respond,q11167,sprint,c,mobile
1560410484516,submit,b8220,sprint,,mobile
1560410522873,enter,b557,sprint,,mobile
1560410545479,respond,q557,sprint,a,mobile
1560410548636,submit,b557,sprint,,mobile
1560410602883,enter,b1251,sprint,,mobile
1560410623260,respond,q1251,sprint,b,mobile
1560410626749,submit,b1251,sprint,,mobile
1560410712110,enter,b982,sprint,,mobile
1560410732296,respond,q982,sprint,b,mobile
1560410732998,respond,q982,sprint,a,mobile
1560410735744,submit,b982,sprint,,mobile
1560410840078,enter,b691,sprint,,mobile
1560410858713,respond,q691,sprint,a,mobile
1560410862173,submit,b691,sprint,,mobile
1560410879948,enter,b291,sprint,,mobile
1560410896228,respond,q291,sprint,a,mobile
1560410899852,submit,b291,sprint,,mobile
1560410915378,enter,b502,sprint,,mobile
1560410932951,respond,q502,sprint,b,mobile
1560410937081,submit,b502,sprint,,mobile
1560410992274,enter,b725,sprint,,mobile
1560411011164,respond,q725,sprint,c,mobile
1560411012999,respond,q725,sprint,a,mobile
1560411015574,submit,b725,sprint,,mobile
1560411050138,enter,b703,sprint,,mobile
1560411065048,respond,q703,sprint,a,mobile
1560411070366,submit,b703,sprint,,mobile
1560411080148,enter,b762,sprint,,mobile
1560411098748,respond,q762,sprint,b,mobile
1560411101789,submit,b762,sprint,,mobile
1560411144443,enter,b1119,sprint,,mobile
1560411161824,respond,q1119,sprint,b,mobile
1560411165287,submit,b1119,sprint,,mobile
1560411194123,enter,b554,sprint,,mobile
1560411217346,respond,q554,sprint,b,mobile
1560411222329,submit,b554,sprint,,mobile
1560411384806,enter,b554,adaptive_offer,,mobile
1560411403464,respond,q554,adaptive_offer,c,mobile
1560411407361,submit,b554,adaptive_offer,,mobile
1560411707553,enter,b485,adaptive_offer,,mobile
1560411716716,respond,q485,adaptive_offer,a,mobile
1560411721012,respond,q485,adaptive_offer,b,mobile
1560411726630,submit,b485,adaptive_offer,,mobile
1560411742868,enter,b1126,sprint,,mobile
1560411759941,respond,q1126,sprint,a,mobile
1560411763675,submit,b1126,sprint,,mobile
1560411833921,enter,b1257,sprint,,mobile
1560411857708,submit,b1257,sprint,,mobile
1560411883271,enter,b415,sprint,,mobile
1560411901161,respond,q415,sprint,b,mobile
1560411904521,submit,b415,sprint,,mobile
1560411932936,enter,b527,sprint,,mobile
1560411943367,respond,q527,sprint,a,mobile
1560411953659,submit,b527,sprint,,mobile
1560412009460,enter,b371,sprint,,mobile
1560412026841,respond,q371,sprint,b,mobile
1560412030251,submit,b371,sprint,,mobile
1560412037529,enter,b730,sprint,,mobile
1560412057954,respond,q730,sprint,a,mobile
1560412061282,submit,b730,sprint,,mobile
1560412120931,enter,b961,sprint,,mobile
1560412137588,respond,q961,sprint,a,mobile
1560412141163,submit,b961,sprint,,mobile
1560412147661,enter,b261,sprint,,mobile
1560412169619,respond,q261,sprint,c,mobile
1560412172591,submit,b261,sprint,,mobile
1560412188118,enter,b483,sprint,,mobile
1560412203470,respond,q483,sprint,a,mobile
1560412206901,submit,b483,sprint,,mobile
1560412490455,enter,b731,adaptive_offer,,mobile
1560412502822,respond,q731,adaptive_offer,b,mobile
1560412507651,submit,b731,adaptive_offer,,mobile
1560412513840,enter,b1132,adaptive_offer,,mobile
1560412530974,respond,q1132,adaptive_offer,b,mobile
1560412534086,submit,b1132,adaptive_offer,,mobile
1560439113149,enter,b1490,sprint,,mobile
1560439279245,respond,q1668,sprint,a,mobile
1560439287227,submit,b1490,sprint,,mobile
1560439355538,enter,b1580,sprint,,mobile
1560439440802,respond,q1938,sprint,a,mobile
1560439444919,submit,b1580,sprint,,mobile
1560439498726,enter,b1690,sprint,,mobile
1560439587523,respond,q2268,sprint,a,mobile
1560439592323,submit,b1690,sprint,,mobile
1560439642559,enter,b1618,sprint,,mobile
1560439697690,respond,q2052,sprint,d,mobile
1560439701437,respond,q2052,sprint,b,mobile
1560439705738,submit,b1618,sprint,,mobile
1560439715791,enter,b1533,sprint,,mobile
1560439800053,respond,q1797,sprint,b,mobile
1560439805981,submit,b1533,sprint,,mobile
1560439939610,enter,b1674,sprint,,mobile
1560440029593,respond,q2220,sprint,c,mobile
1560440034586,submit,b1674,sprint,,mobile
1560440084207,enter,b1753,sprint,,mobile
1560440156963,respond,q2457,sprint,d,mobile
1560440162188,submit,b1753,sprint,,mobile
1560440253575,enter,b1678,sprint,,mobile
1560440316329,respond,q2232,sprint,a,mobile
1560440320686,submit,b1678,sprint,,mobile
1560440395716,enter,b1664,sprint,,mobile
1560440478889,respond,q2190,sprint,b,mobile
1560440483826,submit,b1664,sprint,,mobile
1560440548290,enter,b1412,sprint,,mobile
1560440604088,respond,q1434,sprint,a,mobile
1560440610482,submit,b1412,sprint,,mobile
1560441587917,enter,b2042,adaptive_offer,,mobile
1560441677512,respond,q3324,adaptive_offer,a,mobile
1560441684520,respond,q3324,adaptive_offer,d,mobile
1560441690129,respond,q3324,adaptive_offer,a,mobile
1560441693805,respond,q3324,adaptive_offer,c,mobile
1560441696398,respond,q3324,adaptive_offer,b,mobile
1560441697653,respond,q3324,adaptive_offer,a,mobile
1560441701488,submit,b2042,adaptive_offer,,mobile
1560441772880,enter,b1948,sprint,,mobile
1560441841313,respond,q3042,sprint,d,mobile
1560441846474,submit,b1948,sprint,,mobile
1560441874282,enter,b2123,sprint,,mobile
1560441985972,respond,q3567,sprint,c,mobile
1560441993018,submit,b2123,sprint,,mobile
1560442100786,enter,b1923,sprint,,mobile
1560442176149,respond,q2967,sprint,b,mobile
1560442180303,submit,b1923,sprint,,mobile
1560442234725,enter,b7937,sprint,,mobile
1560442310291,respond,q10694,sprint,b,mobile
1560442315490,respond,q10694,sprint,d,mobile
1560442323447,submit,b7937,sprint,,mobile
1560442444872,enter,b1958,sprint,,mobile
1560442524799,respond,q3072,sprint,a,mobile
1560442528983,submit,b1958,sprint,,mobile
1560442643010,enter,b1876,sprint,,mobile
1560442720016,respond,q2826,sprint,c,mobile
1560442729381,submit,b1876,sprint,,mobile
1560442803947,enter,b1974,sprint,,mobile
1560442906577,respond,q3120,sprint,c,mobile
1560442910837,submit,b1974,sprint,,mobile
1560443132469,enter,b8338,sprint,,mobile
1560443211791,respond,q11320,sprint,d,mobile
1560443217003,submit,b8338,sprint,,mobile
1560443346185,enter,b1875,sprint,,mobile
1560443435141,respond,q2823,sprint,c,mobile
1560443440535,submit,b1875,sprint,,mobile
1560443609250,enter,b2114,sprint,,mobile
1560443669932,respond,q3540,sprint,c,mobile
1560443677700,submit,b2114,sprint,,mobile
1560444901841,enter,b5148,sprint,,mobile
1560444935393,respond,q6742,sprint,c,mobile
1560444938528,submit,b5148,sprint,,mobile
1560444980469,enter,b6982,sprint,,mobile
1560445003775,respond,q9631,sprint,b,mobile
1560445009406,submit,b6982,sprint,,mobile
1560445028296,enter,b3820,sprint,,mobile
1560445052364,respond,q5288,sprint,d,mobile
1560445057632,submit,b3820,sprint,,mobile
1560445088815,enter,b11563,sprint,,mobile
1560445114537,respond,q17326,sprint,a,mobile
1560445117844,submit,b11563,sprint,,mobile
1560445136533,enter,b3046,sprint,,mobile
1560445153188,respond,q4514,sprint,c,mobile
1560445156658,submit,b3046,sprint,,mobile
1560445172370,enter,b4896,sprint,,mobile
1560445212348,respond,q6364,sprint,a,mobile
1560445215744,submit,b4896,sprint,,mobile
1560445242528,enter,b6049,sprint,,mobile
1560445275189,respond,q8698,sprint,c,mobile
1560445282408,submit,b6049,sprint,,mobile
1560445338673,enter,b11470,sprint,,mobile
1560445360788,respond,q17233,sprint,b,mobile
1560445364013,submit,b11470,sprint,,mobile
1560445373384,enter,b4696,sprint,,mobile
1560445435479,respond,q6164,sprint,a,mobile
1560445439085,submit,b4696,sprint,,mobile
1560445488382,enter,b4036,sprint,,mobile
1560445514490,respond,q5504,sprint,b,mobile
1560445521524,respond,q5504,sprint,d,mobile
1560445524785,submit,b4036,sprint,,mobile
1560445581879,enter,b5030,sprint,,mobile
1560445604182,respond,q6498,sprint,b,mobile
1560445608241,submit,b5030,sprint,,mobile
1560445937659,enter,b3871,adaptive_offer,,mobile
1560445946890,respond,q5339,adaptive_offer,c,mobile
1560445953543,submit,b3871,adaptive_offer,,mobile
1560445963611,enter,b3844,adaptive_offer,,mobile
1560446034966,respond,q5312,adaptive_offer,d,mobile
1560446038823,submit,b3844,adaptive_offer,,mobile
1560446053749,enter,b11333,sprint,,mobile
1560446073811,respond,q17096,sprint,b,mobile
1560446077954,submit,b11333,sprint,,mobile
1560446087293,enter,b4611,sprint,,mobile
1560446118071,respond,q6079,sprint,b,mobile
1560446130015,respond,q6079,sprint,d,mobile
1560446133763,submit,b4611,sprint,,mobile
1560446291842,enter,b4596,sprint,,mobile
1560446323906,respond,q6064,sprint,d,mobile
1560446326877,submit,b4596,sprint,,mobile
1560446336355,enter,b4467,sprint,,mobile
1560446366761,respond,q5935,sprint,c,mobile
1560446370618,submit,b4467,sprint,,mobile
1560446454345,enter,b6554,sprint,,mobile
1560446472141,respond,q9203,sprint,c,mobile
1560446486130,submit,b6554,sprint,,mobile
1560446494465,enter,b3828,sprint,,mobile
1560446530174,respond,q5296,sprint,c,mobile
1560446534967,submit,b3828,sprint,,mobile
1560446545070,enter,b2451,sprint,,mobile
1560446577258,respond,q3919,sprint,a,mobile
1560446582688,submit,b2451,sprint,,mobile
1560446612547,enter,b2977,sprint,,mobile
1560446636052,respond,q4445,sprint,c,mobile
1560446641770,submit,b2977,sprint,,mobile
1560447451633,enter,b4467,adaptive_offer,,mobile
1560447462610,respond,q5935,adaptive_offer,d,mobile
1560447465686,submit,b4467,adaptive_offer,,mobile
1560447482746,enter,b2977,adaptive_offer,,mobile
1560447493939,respond,q4445,adaptive_offer,d,mobile
1560447497234,submit,b2977,adaptive_offer,,mobile
1560447524097,enter,b6140,sprint,,mobile
1560447541023,respond,q8789,sprint,a,mobile
1560447544649,submit,b6140,sprint,,mobile
1560494455441,enter,b8082,sprint,,mobile
1560494469679,respond,q11029,sprint,b,mobile
1560494480624,submit,b8082,sprint,,mobile
1560494512516,enter,b8066,sprint,,mobile
1560494533939,respond,q11013,sprint,d,mobile
1560494536344,submit,b8066,sprint,,mobile
1560494545978,enter,b8256,sprint,,mobile
1560494567115,respond,q11203,sprint,a,mobile
1560494569993,submit,b8256,sprint,,mobile
1560494590517,enter,b8278,sprint,,mobile
1560494601428,respond,q11225,sprint,a,mobile
1560494614234,submit,b8278,sprint,,mobile
1560494617572,enter,b8270,sprint,,mobile
1560494640701,submit,b8270,sprint,,mobile
1560494647870,enter,b8239,sprint,,mobile
1560494673641,respond,q11186,sprint,a,mobile
1560494676392,submit,b8239,sprint,,mobile
1560494697243,enter,b8228,sprint,,mobile
1560494718338,respond,q11175,sprint,d,mobile
1560494721308,respond,q11175,sprint,c,mobile
1560494724532,respond,q11175,sprint,d,mobile
1560494725652,respond,q11175,sprint,c,mobile
1560494728822,submit,b8228,sprint,,mobile
1560494784898,enter,b8062,sprint,,mobile
1560494797500,respond,q11009,sprint,b,mobile
1560494807156,submit,b8062,sprint,,mobile
1560494812230,enter,b8177,sprint,,mobile
1560494832419,respond,q11124,sprint,d,mobile
1560494835621,submit,b8177,sprint,,mobile
1560494841104,enter,b8096,sprint,,mobile
1560494851402,respond,q11043,sprint,a,mobile
1560494855320,respond,q11043,sprint,a,mobile
1560494858752,respond,q11043,sprint,a,mobile
1560494864290,submit,b8096,sprint,,mobile
1560494869572,enter,b8230,sprint,,mobile
1560494886540,respond,q11177,sprint,b,mobile
1560494893087,submit,b8230,sprint,,mobile
1560494901636,enter,b8065,sprint,,mobile
1560494930548,respond,q11012,sprint,b,mobile
1560494942968,respond,q11012,sprint,c,mobile
1560494945819,submit,b8065,sprint,,mobile
1560494973495,enter,b8099,sprint,,mobile
1560494990867,respond,q11046,sprint,c,mobile
1560494996708,submit,b8099,sprint,,mobile
1560495019072,enter,b8094,sprint,,mobile
1560495043566,submit,b8094,sprint,,mobile
1560495047629,enter,b8221,sprint,,mobile
1560495056563,respond,q11168,sprint,a,mobile
1560495064334,respond,q11168,sprint,a,mobile
1560495070720,respond,q11168,sprint,d,mobile
1560495075730,respond,q11168,sprint,a,mobile
1560495080984,submit,b8221,sprint,,mobile
1560495089944,enter,b8106,sprint,,mobile
1560495112221,respond,q11053,sprint,a,mobile
1560495115077,submit,b8106,sprint,,mobile
1560495121580,enter,b8245,sprint,,mobile
1560495148228,respond,q11192,sprint,b,mobile
1560495148930,respond,q11192,sprint,a,mobile
1560495152665,submit,b8245,sprint,,mobile
1560495176986,enter,b8222,sprint,,mobile
1560495193559,respond,q11169,sprint,c,mobile
1560495199969,submit,b8222,sprint,,mobile
1560495204320,enter,b8021,sprint,,mobile
1560495214799,respond,q10968,sprint,a,mobile
1560495226486,submit,b8021,sprint,,mobile
1560495233300,enter,b8257,sprint,,mobile
1560495245438,respond,q11204,sprint,b,mobile
1560495256900,submit,b8257,sprint,,mobile
1560495277746,enter,b742,sprint,,mobile
1560495295841,respond,q742,sprint,b,mobile
1560495298687,submit,b742,sprint,,mobile
1560495333236,enter,b1050,sprint,,mobile
1560495348893,respond,q1050,sprint,b,mobile
1560495351733,submit,b1050,sprint,,mobile
1560495385158,enter,b1112,sprint,,mobile
1560495403235,submit,b1112,sprint,,mobile
1560495436888,enter,b820,sprint,,mobile
1560495456493,respond,q820,sprint,a,mobile
1560495459883,submit,b820,sprint,,mobile
1560495489296,enter,b949,sprint,,mobile
1560495511480,respond,q949,sprint,a,mobile
1560495515163,submit,b949,sprint,,mobile
1560495568599,enter,b1256,sprint,,mobile
1560495587204,respond,q1256,sprint,a,mobile
1560495590217,submit,b1256,sprint,,mobile
1560495617912,enter,b288,sprint,,mobile
1560495632586,respond,q288,sprint,a,mobile
1560495635078,submit,b288,sprint,,mobile
1560495642912,enter,b939,sprint,,mobile
1560495658667,respond,q939,sprint,b,mobile
1560495661291,submit,b939,sprint,,mobile
1560495685091,enter,b855,sprint,,mobile
1560495707673,respond,q855,sprint,a,mobile
1560495710649,submit,b855,sprint,,mobile
1560495744604,enter,b236,sprint,,mobile
1560495766805,respond,q236,sprint,b,mobile
1560495770170,submit,b236,sprint,,mobile
1560495801929,enter,b499,sprint,,mobile
1560495820725,respond,q499,sprint,b,mobile
1560495824817,submit,b499,sprint,,mobile
1560495867474,enter,b526,sprint,,mobile
1560495886707,respond,q526,sprint,c,mobile
1560495891173,submit,b526,sprint,,mobile
1560495922961,enter,b1048,sprint,,mobile
1560495935704,respond,q1048,sprint,b,mobile
1560495940911,submit,b1048,sprint,,mobile
1560495977556,enter,b1009,sprint,,mobile
1560495996548,submit,b1009,sprint,,mobile
1560496004392,enter,b1190,sprint,,mobile
1560496014709,respond,q1190,sprint,a,mobile
1560496025738,submit,b1190,sprint,,mobile
1560496039179,enter,b711,sprint,,mobile
1560496050584,respond,q711,sprint,a,mobile
1560496058391,submit,b711,sprint,,mobile
1560496086930,enter,b986,sprint,,mobile
1560496104015,respond,q986,sprint,a,mobile
1560496107446,submit,b986,sprint,,mobile
1560496145700,enter,b385,sprint,,mobile
1560496162747,respond,q385,sprint,b,mobile
1560496165721,submit,b385,sprint,,mobile
1560496202025,enter,b403,sprint,,mobile
1560496221192,respond,q403,sprint,b,mobile
1560496225305,submit,b403,sprint,,mobile
1560496255047,enter,b707,sprint,,mobile
1560496265005,respond,q707,sprint,a,mobile
1560496273744,submit,b707,sprint,,mobile
1560496348006,enter,b1462,sprint,,mobile
1560496407991,respond,q1584,sprint,b,mobile
1560496411739,submit,b1462,sprint,,mobile
1560496613228,enter,b1537,sprint,,mobile
1560496695997,respond,q1809,sprint,b,mobile
1560496700662,submit,b1537,sprint,,mobile
1560496815258,enter,b1456,sprint,,mobile
1560496891185,respond,q1566,sprint,b,mobile
1560496895539,submit,b1456,sprint,,mobile
1560496948425,enter,b1636,sprint,,mobile
1560497022197,respond,q2106,sprint,a,mobile
1560497027019,submit,b1636,sprint,,mobile
1560497094654,enter,b1648,sprint,,mobile
1560497182574,respond,q2142,sprint,d,mobile
1560497183682,respond,q2142,sprint,a,mobile
1560497187706,submit,b1648,sprint,,mobile
1560497239139,enter,b1745,sprint,,mobile
1560497308042,respond,q2433,sprint,b,mobile
1560497313131,submit,b1745,sprint,,mobile
1560497358231,enter,b1415,sprint,,mobile
1560497436215,respond,q1443,sprint,c,mobile
1560497442077,submit,b1415,sprint,,mobile
1560497516175,enter,b1535,sprint,,mobile
1560497584142,respond,q1803,sprint,b,mobile
1560497590179,submit,b1535,sprint,,mobile
1560497725878,enter,b1502,sprint,,mobile
1560497800129,respond,q1704,sprint,a,mobile
1560497805069,submit,b1502,sprint,,mobile
1560497897483,enter,b1496,sprint,,mobile
1560497962902,respond,q1686,sprint,a,mobile
1560497972785,submit,b1496,sprint,,mobile
1560498733170,enter,b1981,sprint,,mobile
1560498785935,respond,q3141,sprint,b,mobile
1560498789838,respond,q3141,sprint,b,mobile
1560498797845,submit,b1981,sprint,,mobile
1560498879441,enter,b8335,sprint,,mobile
1560498963401,respond,q11311,sprint,a,mobile
1560498964502,respond,q11311,sprint,d,mobile
1560498965119,respond,q11311,sprint,c,mobile
1560498969574,submit,b8335,sprint,,mobile
1560499026695,enter,b1911,sprint,,mobile
1560499104236,respond,q2931,sprint,c,mobile
1560499113855,submit,b1911,sprint,,mobile
1560499216406,enter,b1829,sprint,,mobile
1560499289231,respond,q2685,sprint,b,mobile
1560499295811,submit,b1829,sprint,,mobile
1560499361546,enter,b1945,sprint,,mobile
1560499424531,respond,q3033,sprint,c,mobile
1560499441945,submit,b1945,sprint,,mobile
1560499731698,enter,b2085,sprint,,mobile
1560499910286,respond,q3453,sprint,b,mobile
1560499914113,submit,b2085,sprint,,mobile
1560500017076,enter,b1909,sprint,,mobile
1560500069109,respond,q2925,sprint,d,mobile
1560500073440,submit,b1909,sprint,,mobile
1560500116706,enter,b2115,sprint,,mobile
1560500187252,respond,q3543,sprint,d,mobile
1560500197656,submit,b2115,sprint,,mobile
1560500250795,enter,b1811,sprint,,mobile
1560500349790,respond,q2631,sprint,a,mobile
1560500354232,submit,b1811,sprint,,mobile
1560500514158,enter,b8336,sprint,,mobile
1560500571012,respond,q11314,sprint,c,mobile
1560500598762,respond,q11314,sprint,c,mobile
1560500602654,submit,b8336,sprint,,mobile
1560500799409,enter,b3778,sprint,,mobile
1560500844323,respond,q5246,sprint,b,mobile
1560500847788,submit,b3778,sprint,,mobile
1560501123783,enter,b3753,adaptive_offer,,mobile
1560501150977,respond,q5221,adaptive_offer,a,mobile
1560501153869,submit,b3753,adaptive_offer,,mobile
1560501165383,enter,b3778,adaptive_offer,,mobile
1560501175304,respond,q5246,adaptive_offer,c,mobile
1560501178242,submit,b3778,adaptive_offer,,mobile
1560501238200,enter,b2832,sprint,,mobile
1560501319619,respond,q4300,sprint,d,mobile
1560501322930,submit,b2832,sprint,,mobile
1560501371122,enter,b2743,sprint,,mobile
1560501382874,respond,q4211,sprint,c,mobile
1560501389491,submit,b2743,sprint,,mobile
1560501677495,enter,b6857,sprint,,mobile
1560501716515,respond,q9506,sprint,d,mobile
1560501721807,respond,q9506,sprint,a,mobile
1560501725281,respond,q9506,sprint,d,mobile
1560501728225,submit,b6857,sprint,,mobile
1560501783171,enter,b2351,sprint,,mobile
1560501796394,respond,q3819,sprint,d,mobile
1560501799200,submit,b2351,sprint,,mobile
1560501806301,enter,b2588,sprint,,mobile
1560501854589,respond,q4056,sprint,a,mobile
1560501860025,submit,b2588,sprint,,mobile
1560501879939,enter,b3974,sprint,,mobile
1560501907155,respond,q5442,sprint,b,mobile
1560501910615,submit,b3974,sprint,,mobile
1560501922753,enter,b6687,sprint,,mobile
1560501935862,respond,q9336,sprint,d,mobile
1560501938316,respond,q9336,sprint,c,mobile
1560501951906,submit,b6687,sprint,,mobile
1560502025563,enter,b4251,sprint,,mobile
1560502041625,respond,q5719,sprint,d,mobile
1560502044865,submit,b4251,sprint,,mobile
1560502056486,enter,b3546,sprint,,mobile
1560502079403,respond,q5014,sprint,d,mobile
1560502082649,submit,b3546,sprint,,mobile
1560502094263,enter,b4702,sprint,,mobile
1560502170448,respond,q6170,sprint,b,mobile
1560502173573,submit,b4702,sprint,,mobile
1560502195028,enter,b7239,sprint,,mobile
1560502215079,respond,q9888,sprint,a,mobile
1560502218735,submit,b7239,sprint,,mobile
1560502229431,enter,b2964,sprint,,mobile
1560502271823,respond,q4432,sprint,b,mobile
1560502275344,submit,b2964,sprint,,mobile
1560502462636,enter,b2964,adaptive_offer,,mobile
1560502496587,respond,q4432,adaptive_offer,a,mobile
1560502502603,submit,b2964,adaptive_offer,,mobile
1560502512149,enter,b4062,adaptive_offer,,mobile
1560502533777,respond,q5530,adaptive_offer,b,mobile
1560502536581,submit,b4062,adaptive_offer,,mobile
1560502569939,enter,b2710,sprint,,mobile
1560502579544,respond,q4178,sprint,b,mobile
1560502582767,submit,b2710,sprint,,mobile
1560502591622,enter,b2354,sprint,,mobile
1560502614496,respond,q3822,sprint,b,mobile
1560502618093,submit,b2354,sprint,,mobile
1560502711597,enter,b7602,sprint,,mobile
1560502777538,respond,q10251,sprint,b,mobile
1560502780147,submit,b7602,sprint,,mobile
1560502846725,enter,b2559,sprint,,mobile
1560502885143,respond,q4027,sprint,a,mobile
1560502887383,submit,b2559,sprint,,mobile
1560502939868,enter,b4162,sprint,,mobile
1560503012414,respond,q5630,sprint,a,mobile
1560503015927,submit,b4162,sprint,,mobile
1560503060877,enter,b3887,sprint,,mobile
1560503100380,respond,q5355,sprint,c,mobile
1560503104406,respond,q5355,sprint,d,mobile
1560503111263,submit,b3887,sprint,,mobile
1560503126568,enter,b7188,sprint,,mobile
1560503144812,respond,q9837,sprint,b,mobile
1560503147467,submit,b7188,sprint,,mobile
1560503170003,enter,b3355,sprint,,mobile
1560503195640,respond,q4823,sprint,c,mobile
1560503198482,submit,b3355,sprint,,mobile
1560503242426,enter,b2579,sprint,,mobile
1560503271445,respond,q4047,sprint,a,mobile
1560503276944,submit,b2579,sprint,,mobile
1560503316676,enter,b5054,sprint,,mobile
1560503346217,respond,q6522,sprint,a,mobile
1560503349108,submit,b5054,sprint,,mobile
1560503380951,enter,b7429,sprint,,mobile
1560503400770,respond,q10078,sprint,b,mobile
1560503404448,submit,b7429,sprint,,mobile
1560503435858,enter,b3290,sprint,,mobile
1560503455290,respond,q4758,sprint,b,mobile
1560503459749,submit,b3290,sprint,,mobile
1560503483211,enter,b3869,sprint,,mobile
1560503497476,respond,q5337,sprint,b,mobile
1560503508070,submit,b3869,sprint,,mobile
1560503517530,enter,b3052,sprint,,mobile
1560503539799,respond,q4520,sprint,c,mobile
1560503545947,submit,b3052,sprint,,mobile
1560503589626,enter,b6141,sprint,,mobile
1560503626349,respond,q8790,sprint,b,mobile
1560503628890,submit,b6141,sprint,,mobile
1560503668473,enter,b4777,sprint,,mobile
1560503675239,respond,q6245,sprint,a,mobile
1560503676926,respond,q6245,sprint,c,mobile
1560503679883,respond,q6245,sprint,a,mobile
1560503682790,respond,q6245,sprint,c,mobile
1560503685733,submit,b4777,sprint,,mobile
1560503737547,enter,b4574,sprint,,mobile
1560503757259,respond,q6042,sprint,b,mobile
1560503760371,submit,b4574,sprint,,mobile
1560504739702,enter,b7985,sprint,,mobile
1560504914489,respond,q10887,sprint,a,mobile
1560504929103,submit,b7985,sprint,,mobile
1560505000303,enter,b7923,sprint,,mobile
1560505210181,respond,q10649,sprint,a,mobile
1560505215188,submit,b7923,sprint,,mobile
1560505279484,enter,b5182,sprint,,mobile
1560505395378,respond,q6824,sprint,b,mobile
1560505400234,submit,b5182,sprint,,mobile
1560505416134,enter,b5199,sprint,,mobile
1560505652011,respond,q6892,sprint,b,mobile
1560505658513,submit,b5199,sprint,,mobile
1560505679906,enter,b8477,sprint,,mobile
1560505841109,respond,q11575,sprint,c,mobile
1560505844595,submit,b8477,sprint,,mobile
1560505921313,enter,b5117,sprint,,mobile
1560506105261,respond,q6682,sprint,a,mobile
1560506109714,submit,b5117,sprint,,mobile
1560566791448,enter,b8046,sprint,,mobile
1560566806364,respond,q10993,sprint,b,mobile
1560566818326,submit,b8046,sprint,,mobile
1560566858279,enter,b8227,sprint,,mobile
1560566868035,respond,q11174,sprint,a,mobile
1560566880963,submit,b8227,sprint,,mobile
1560566924241,enter,b8232,sprint,,mobile
1560566937893,respond,q11179,sprint,b,mobile
1560566950284,submit,b8232,sprint,,mobile
1560567010243,enter,b8130,sprint,,mobile
1560567032301,respond,q11077,sprint,b,mobile
1560567035400,submit,b8130,sprint,,mobile
1560567070060,enter,b8037,sprint,,mobile
1560567091765,respond,q10984,sprint,b,mobile
1560567095480,submit,b8037,sprint,,mobile
1560567127091,enter,b8080,sprint,,mobile
1560567148352,respond,q11027,sprint,b,mobile
1560567151606,submit,b8080,sprint,,mobile
1560567193558,enter,b8107,sprint,,mobile
1560567217871,submit,b8107,sprint,,mobile
1560567234052,enter,b8157,sprint,,mobile
1560567243563,respond,q11104,sprint,a,mobile
1560567260464,submit,b8157,sprint,,mobile
1560567273041,enter,b8189,sprint,,mobile
1560567290094,respond,q11136,sprint,c,mobile
1560567295592,respond,q11136,sprint,d,mobile
1560567298343,submit,b8189,sprint,,mobile
1560567305858,enter,b8125,sprint,,mobile
1560567326066,respond,q11072,sprint,c,mobile
1560567328634,submit,b8125,sprint,,mobile
1560567357047,enter,b8074,sprint,,mobile
1560567379737,respond,q11021,sprint,a,mobile
1560567382920,submit,b8074,sprint,,mobile
1560567391886,enter,b8229,sprint,,mobile
1560567415685,submit,b8229,sprint,,mobile
1560567421064,enter,b8253,sprint,,mobile
1560567435144,respond,q11200,sprint,b,mobile
1560567447334,submit,b8253,sprint,,mobile
1560567456294,enter,b8208,sprint,,mobile
1560567472517,respond,q11155,sprint,c,mobile
1560567478272,submit,b8208,sprint,,mobile
1560567485168,enter,b8214,sprint,,mobile
1560567505568,respond,q11161,sprint,a,mobile
1560567508468,submit,b8214,sprint,,mobile
1560567514044,enter,b8282,sprint,,mobile
1560567538092,submit,b8282,sprint,,mobile
1560567668338,enter,b8015,sprint,,mobile
1560567685340,respond,q10962,sprint,b,mobile
1560567690095,respond,q10962,sprint,b,mobile
1560567692800,submit,b8015,sprint,,mobile
1560567699733,enter,b8029,sprint,,mobile
1560567721208,respond,q10976,sprint,c,mobile
1560567721624,respond,q10976,sprint,b,mobile
1560567725148,submit,b8029,sprint,,mobile
1560567845826,enter,b8261,sprint,,mobile
1560567867989,submit,b8261,sprint,,mobile
1560567872651,enter,b8117,sprint,,mobile
1560567890166,respond,q11064,sprint,c,mobile
1560567896762,submit,b8117,sprint,,mobile
1560568626948,enter,b417,sprint,,mobile
1560568643389,respond,q417,sprint,a,mobile
1560568646145,submit,b417,sprint,,mobile
1560568661638,enter,b757,sprint,,mobile
1560568679161,respond,q757,sprint,b,mobile
1560568683305,submit,b757,sprint,,mobile
1560568704415,enter,b256,sprint,,mobile
1560568723878,respond,q256,sprint,a,mobile
1560568726832,submit,b256,sprint,,mobile
1560568768862,enter,b266,sprint,,mobile
1560568786097,respond,q266,sprint,a,mobile
1560568788987,submit,b266,sprint,,mobile
1560568795583,enter,b366,sprint,,mobile
1560568809745,respond,q366,sprint,c,mobile
1560568823894,submit,b366,sprint,,mobile
1560568849398,enter,b1007,sprint,,mobile
1560568865362,respond,q1007,sprint,a,mobile
1560568869260,submit,b1007,sprint,,mobile
1560569005512,enter,b366,adaptive_offer,,mobile
1560569006988,submit,b366,adaptive_offer,,mobile
1560569007046,enter,b366,adaptive_offer,,mobile
1560569024760,respond,q366,adaptive_offer,b,mobile
1560569025098,respond,q366,adaptive_offer,a,mobile
1560569027675,submit,b366,adaptive_offer,,mobile
1560569036133,enter,b527,adaptive_offer,,mobile
1560569049290,respond,q527,adaptive_offer,b,mobile
1560569056058,submit,b527,adaptive_offer,,mobile
1560569068073,enter,b822,sprint,,mobile
1560569088471,respond,q822,sprint,a,mobile
1560569091799,submit,b822,sprint,,mobile
1560569131146,enter,b245,sprint,,mobile
1560569146970,respond,q245,sprint,c,mobile
1560569150259,submit,b245,sprint,,mobile
1560569187334,enter,b1070,sprint,,mobile
1560569208021,submit,b1070,sprint,,mobile
1560569223673,enter,b330,sprint,,mobile
1560569242807,respond,q330,sprint,c,mobile
1560569246517,submit,b330,sprint,,mobile
1560569271245,enter,b243,sprint,,mobile
1560569285065,respond,q243,sprint,a,mobile
1560569292583,submit,b243,sprint,,mobile
1560569297047,enter,b822,adaptive_offer,,mobile
1560569311432,respond,q822,adaptive_offer,b,mobile
1560569319020,submit,b822,adaptive_offer,,mobile
1560569345386,enter,b243,adaptive_offer,,mobile
1560569364898,submit,b243,adaptive_offer,,mobile
1560569386941,enter,b796,adaptive_offer,,mobile
1560569397160,respond,q796,adaptive_offer,a,mobile
1560569405952,submit,b796,adaptive_offer,,mobile
1560569417274,enter,b1311,adaptive_offer,,mobile
1560569431984,respond,q1311,adaptive_offer,c,mobile
1560569436896,submit,b1311,adaptive_offer,,mobile
1560569449779,enter,b526,adaptive_offer,,mobile
1560569467653,respond,q526,adaptive_offer,b,mobile
1560569470880,submit,b526,adaptive_offer,,mobile
1560569496630,enter,b931,sprint,,mobile
1560569515959,respond,q931,sprint,c,mobile
1560569519806,submit,b931,sprint,,mobile
1560569540583,enter,b1394,sprint,,mobile
1560569557766,respond,q1394,sprint,a,mobile
1560569561480,submit,b1394,sprint,,mobile
1560569603635,enter,b214,sprint,,mobile
1560569620457,respond,q214,sprint,c,mobile
1560569623148,submit,b214,sprint,,mobile
1560569637958,enter,b810,sprint,,mobile
1560569660422,respond,q810,sprint,a,mobile
1560569668363,submit,b810,sprint,,mobile
1560569685038,enter,b545,sprint,,mobile
1560569704081,respond,q545,sprint,b,mobile
1560569707324,submit,b545,sprint,,mobile
1560569718379,enter,b836,sprint,,mobile
1560569730934,respond,q836,sprint,b,mobile
1560569736312,submit,b836,sprint,,mobile
1560569749453,enter,b832,sprint,,mobile
1560569761560,respond,q832,sprint,a,mobile
1560569770098,submit,b832,sprint,,mobile
1560569798198,enter,b1361,sprint,,mobile
1560569814912,respond,q1361,sprint,a,mobile
1560569819258,submit,b1361,sprint,,mobile
1560569843656,enter,b799,sprint,,mobile
1560569858619,respond,q799,sprint,b,mobile
1560569861862,submit,b799,sprint,,mobile
1560569911882,enter,b1477,sprint,,mobile
1560570009278,respond,q1629,sprint,c,mobile
1560570013976,submit,b1477,sprint,,mobile
1560570116057,enter,b1732,sprint,,mobile
1560570189629,respond,q2394,sprint,d,mobile
1560570194414,submit,b1732,sprint,,mobile
1560570232847,enter,b1579,sprint,,mobile
1560570328071,respond,q1935,sprint,c,mobile
1560570333061,submit,b1579,sprint,,mobile
1560570414676,enter,b1728,sprint,,mobile
1560570494318,respond,q2382,sprint,c,mobile
1560570498849,submit,b1728,sprint,,mobile
1560570616599,enter,b1737,sprint,,mobile
1560570720980,respond,q2409,sprint,c,mobile
1560570724844,submit,b1737,sprint,,mobile
1560570796502,enter,b1465,sprint,,mobile
1560570859298,respond,q1593,sprint,a,mobile
1560570865261,submit,b1465,sprint,,mobile
1560570951140,enter,b1729,sprint,,mobile
1560571021454,respond,q2385,sprint,d,mobile
1560571025862,submit,b1729,sprint,,mobile
1560571071767,enter,b1619,sprint,,mobile
1560571146289,respond,q2055,sprint,d,mobile
1560571148686,respond,q2055,sprint,d,mobile
1560571149514,respond,q2055,sprint,d,mobile
1560571163892,submit,b1619,sprint,,mobile
1560571261273,enter,b1767,sprint,,mobile
1560571334982,respond,q2499,sprint,a,mobile
1560571339950,submit,b1767,sprint,,mobile
1560571381475,enter,b1705,sprint,,mobile
1560571438857,respond,q2313,sprint,b,mobile
1560571442723,submit,b1705,sprint,,mobile
1560571518429,enter,b2078,sprint,,mobile
1560571579459,respond,q3432,sprint,a,mobile
1560571588241,submit,b2078,sprint,,mobile
1560571634743,enter,b2023,sprint,,mobile
1560571707139,respond,q3267,sprint,c,mobile
1560571711815,submit,b2023,sprint,,mobile
1560571759002,enter,b1819,sprint,,mobile
1560571841145,respond,q2655,sprint,a,mobile
1560571846707,submit,b1819,sprint,,mobile
1560571905341,enter,b8334,sprint,,mobile
1560572000463,respond,q11308,sprint,a,mobile
1560572010632,respond,q11308,sprint,c,mobile
1560572015715,submit,b8334,sprint,,mobile
1560572100126,enter,b1946,sprint,,mobile
1560572214937,respond,q3036,sprint,a,mobile
1560572219992,submit,b1946,sprint,,mobile
1560572272394,enter,b2066,sprint,,mobile
1560572355434,respond,q3396,sprint,c,mobile
1560572356256,respond,q3396,sprint,c,mobile
1560572356587,respond,q3396,sprint,c,mobile
1560572361963,submit,b2066,sprint,,mobile
1560572578398,enter,b2074,sprint,,mobile
1560572662152,respond,q3420,sprint,b,mobile
1560572674934,submit,b2074,sprint,,mobile
1560572765461,enter,b8331,sprint,,mobile
1560572839951,respond,q11299,sprint,b,mobile
1560572846124,submit,b8331,sprint,,mobile
1560572942533,enter,b1892,sprint,,mobile
1560573016934,respond,q2874,sprint,c,mobile
1560573017700,respond,q2874,sprint,b,mobile
1560573021857,submit,b1892,sprint,,mobile
1560573076183,enter,b2103,sprint,,mobile
1560573174235,respond,q3507,sprint,c,mobile
1560573177715,respond,q3507,sprint,d,mobile
1560573182303,submit,b2103,sprint,,mobile
1560574073659,enter,b3879,sprint,,mobile
1560574103897,respond,q5347,sprint,a,mobile
1560574111108,respond,q5347,sprint,c,mobile
1560574114519,submit,b3879,sprint,,mobile
1560574126529,enter,b7179,sprint,,mobile
1560574171794,respond,q9828,sprint,c,mobile
1560574175105,submit,b7179,sprint,,mobile
1560574320213,enter,b3084,sprint,,mobile
1560574342609,respond,q4552,sprint,a,mobile
1560574348320,submit,b3084,sprint,,mobile
1560574581869,enter,b5138,adaptive_offer,,mobile
1560574603010,respond,q6732,adaptive_offer,b,mobile
1560574614187,respond,q6732,adaptive_offer,a,mobile
1560574617618,submit,b5138,adaptive_offer,,mobile
1560574657204,enter,b3085,adaptive_offer,,mobile
1560574669996,respond,q4553,adaptive_offer,d,mobile
1560574673639,submit,b3085,adaptive_offer,,mobile
1560574785455,enter,b3073,sprint,,mobile
1560574805534,respond,q4541,sprint,d,mobile
1560574808810,submit,b3073,sprint,,mobile
1560574876449,enter,b4859,sprint,,mobile
1560574905889,respond,q6327,sprint,c,mobile
1560574909898,submit,b4859,sprint,,mobile
1560574939713,enter,b6487,sprint,,mobile
1560574999553,respond,q9136,sprint,b,mobile
1560575002449,submit,b6487,sprint,,mobile
1560575054539,enter,b6990,sprint,,mobile
1560575074490,respond,q9639,sprint,c,mobile
1560575077917,submit,b6990,sprint,,mobile
1560575086992,enter,b3928,sprint,,mobile
1560575132387,respond,q5396,sprint,a,mobile
1560575135582,submit,b3928,sprint,,mobile
1560575176286,enter,b3011,sprint,,mobile
1560575213039,respond,q4479,sprint,b,mobile
1560575216249,submit,b3011,sprint,,mobile
1560575288810,enter,b5946,sprint,,mobile
1560575318773,respond,q8595,sprint,b,mobile
1560575322851,submit,b5946,sprint,,mobile
1560575514407,enter,b3958,sprint,,mobile
1560575550487,respond,q5426,sprint,b,mobile
1560575557857,submit,b3958,sprint,,mobile
1560575676080,enter,b4217,sprint,,mobile
1560575736237,respond,q5685,sprint,b,mobile
1560575741148,submit,b4217,sprint,,mobile
1560575958732,enter,b2828,sprint,,mobile
1560575975802,respond,q4296,sprint,b,mobile
1560575980616,submit,b2828,sprint,,mobile
1560576393752,enter,b4852,adaptive_offer,,mobile
1560576423877,respond,q6320,adaptive_offer,b,mobile
1560576430943,submit,b4852,adaptive_offer,,mobile
1560576437942,enter,b2828,adaptive_offer,,mobile
1560576459733,respond,q4296,adaptive_offer,d,mobile
1560576470256,submit,b2828,adaptive_offer,,mobile
1560576512710,enter,b5906,sprint,,mobile
1560576529907,respond,q8555,sprint,c,mobile
1560576540499,submit,b5906,sprint,,mobile
1560576548834,enter,b6041,sprint,,mobile
1560576578950,respond,q8690,sprint,b,mobile
1560576585078,respond,q8690,sprint,b,mobile
1560576596424,submit,b6041,sprint,,mobile
1560576611699,enter,b4679,sprint,,mobile
1560576628091,respond,q6147,sprint,b,mobile
1560576631645,submit,b4679,sprint,,mobile
1560576658440,enter,b4139,sprint,,mobile
1560576682425,respond,q5607,sprint,a,mobile
1560576685898,submit,b4139,sprint,,mobile
1560576695892,enter,b7632,sprint,,mobile
1560576747005,respond,q10281,sprint,b,mobile
1560576751535,submit,b7632,sprint,,mobile
1560576785082,enter,b4766,sprint,,mobile
1560576809695,respond,q6234,sprint,c,mobile
1560576812669,submit,b4766,sprint,,mobile
1560576830060,enter,b2587,sprint,,mobile
1560576862641,respond,q4055,sprint,a,mobile
1560576866035,submit,b2587,sprint,,mobile
1560576920771,enter,b3839,sprint,,mobile
1560576980302,respond,q5307,sprint,c,mobile
1560576983386,submit,b3839,sprint,,mobile
1560577085554,enter,b11588,sprint,,mobile
1560577113871,respond,q17351,sprint,b,mobile
1560577119368,submit,b11588,sprint,,mobile
1560577130486,enter,b3956,sprint,,mobile
1560577168161,respond,q5424,sprint,c,mobile
1560577171585,submit,b3956,sprint,,mobile
1560577276805,enter,b2795,sprint,,mobile
1560577278500,respond,q4263,sprint,d,mobile
1560577327624,submit,b2795,sprint,,mobile
1560578152731,enter,b2489,sprint,,mobile
1560578171715,respond,q3957,sprint,c,mobile
1560578174924,submit,b2489,sprint,,mobile
1560578228481,enter,b6988,sprint,,mobile
1560578264613,respond,q9637,sprint,b,mobile
1560578269542,submit,b6988,sprint,,mobile
1560578296634,enter,b5674,sprint,,mobile
1560578318113,respond,q8203,sprint,d,mobile
1560578321344,submit,b5674,sprint,,mobile
1560578346690,enter,b6034,sprint,,mobile
1560578367739,respond,q8683,sprint,c,mobile
1560578371012,submit,b6034,sprint,,mobile
1560578380376,enter,b2349,sprint,,mobile
1560578399423,respond,q3817,sprint,a,mobile
1560578407977,submit,b2349,sprint,,mobile
1560578478688,enter,b3623,sprint,,mobile
1560578496028,respond,q5091,sprint,b,mobile
1560578500922,submit,b3623,sprint,,mobile
1560578515851,enter,b6118,sprint,,mobile
1560578548997,respond,q8767,sprint,d,mobile
1560578554105,submit,b6118,sprint,,mobile
1560578685878,enter,b5123,sprint,,mobile
1560578825421,respond,q6707,sprint,b,mobile
1560578826790,respond,q6707,sprint,c,mobile
1560578831224,submit,b5123,sprint,,mobile
1560578941372,enter,b5224,sprint,,mobile
1560579036531,respond,q6992,sprint,b,mobile
1560579041705,submit,b5224,sprint,,mobile
1560579082144,enter,b7986,sprint,,mobile
1560579200912,respond,q10888,sprint,c,mobile
1560579215511,respond,q10888,sprint,d,mobile
1560579219519,submit,b7986,sprint,,mobile
1560579331400,enter,b5125,sprint,,mobile
1560579463754,respond,q6716,sprint,c,mobile
1560579488942,submit,b5125,sprint,,mobile
1560579896822,enter,b5110,adaptive_offer,,mobile
1560580004817,respond,q6656,adaptive_offer,c,mobile
1560580009547,submit,b5110,adaptive_offer,,mobile
1560580046258,enter,b7920,sprint,,mobile
1560580217092,respond,q10637,sprint,a,mobile
1560580225641,submit,b7920,sprint,,mobile
1560580354712,enter,b5089,sprint,,mobile
1560580578655,respond,q6570,sprint,c,mobile
1560580585304,submit,b5089,sprint,,mobile
1560580680336,enter,b7962,sprint,,mobile
1560580840374,respond,q10794,sprint,d,mobile
1560580844860,submit,b7962,sprint,,mobile
1560580911061,enter,b5221,sprint,,mobile
1560581032486,respond,q6980,sprint,c,mobile
1560581037688,submit,b5221,sprint,,mobile
1560581231786,enter,b5225,sprint,,mobile
1560581365137,respond,q6996,sprint,a,mobile
1560581371425,submit,b5225,sprint,,mobile
1560581379440,enter,b5185,sprint,,mobile
1560581532912,respond,q6836,sprint,c,mobile
1560581538047,submit,b5185,sprint,,mobile
1560837606167,enter,b8026,sprint,,mobile
1560837630843,respond,q10973,sprint,a,mobile
1560837634218,submit,b8026,sprint,,mobile
1560837673694,enter,b8144,sprint,,mobile
1560837693454,respond,q11091,sprint,a,mobile
1560837696281,submit,b8144,sprint,,mobile
1560837703296,enter,b8288,sprint,,mobile
1560837726171,submit,b8288,sprint,,mobile
1560837730418,enter,b8301,sprint,,mobile
1560837751392,respond,q11248,sprint,a,mobile
1560837754331,submit,b8301,sprint,,mobile
1560837760526,enter,b8248,sprint,,mobile
1560837784607,submit,b8248,sprint,,mobile
1560837792880,enter,b8235,sprint,,mobile
1560837815335,respond,q11182,sprint,d,mobile
1560837818120,submit,b8235,sprint,,mobile
1560837824023,enter,b8161,sprint,,mobile
1560837850493,respond,q11108,sprint,b,mobile
1560837853246,submit,b8161,sprint,,mobile
1560837899797,enter,b8146,sprint,,mobile
1560837922238,respond,q11093,sprint,d,mobile
1560837925236,submit,b8146,sprint,,mobile
1560837936247,enter,b8196,sprint,,mobile
1560837949423,respond,q11143,sprint,b,mobile
1560837960147,submit,b8196,sprint,,mobile
1560837994009,enter,b8116,sprint,,mobile
1560838016108,respond,q11063,sprint,d,mobile
1560838018940,submit,b8116,sprint,,mobile
1560838031475,enter,b8001,sprint,,mobile
1560838050963,respond,q10948,sprint,c,mobile
1560838055903,submit,b8001,sprint,,mobile
1560838060369,enter,b8212,sprint,,mobile
1560838081421,respond,q11159,sprint,d,mobile
1560838083968,submit,b8212,sprint,,mobile
1560838090067,enter,b8086,sprint,,mobile
1560838106753,respond,q11033,sprint,c,mobile
1560838112841,submit,b8086,sprint,,mobile
1560838116663,enter,b8268,sprint,,mobile
1560838126337,respond,q11215,sprint,a,mobile
1560838139562,submit,b8268,sprint,,mobile
1560838143803,enter,b8048,sprint,,mobile
1560838162439,respond,q10995,sprint,c,mobile
1560838168438,submit,b8048,sprint,,mobile
1560838224408,enter,b589,sprint,,mobile
1560838245139,respond,q589,sprint,a,mobile
1560838250975,submit,b589,sprint,,mobile
1560838295369,enter,b1017,sprint,,mobile
1560838313734,respond,q1017,sprint,a,mobile
1560838316723,submit,b1017,sprint,,mobile
1560838375170,enter,b735,sprint,,mobile
1560838388919,respond,q735,sprint,b,mobile
1560838395253,submit,b735,sprint,,mobile
1560838407799,enter,b721,sprint,,mobile
1560838429255,submit,b721,sprint,,mobile
1560838445398,enter,b646,sprint,,mobile
1560838464772,respond,q646,sprint,c,mobile
1560838467865,submit,b646,sprint,,mobile
1560838502828,enter,b420,sprint,,mobile
1560838518242,respond,q420,sprint,b,mobile
1560838523157,submit,b420,sprint,,mobile
1560838602056,enter,b867,sprint,,mobile
1560838625880,respond,q867,sprint,c,mobile
1560838626245,respond,q867,sprint,b,mobile
1560838629037,submit,b867,sprint,,mobile
1560838724943,enter,b1053,sprint,,mobile
1560838740765,respond,q1053,sprint,b,mobile
1560838743624,submit,b1053,sprint,,mobile
1560838753295,enter,b767,sprint,,mobile
1560838761716,respond,q767,sprint,a,mobile
1560838770541,submit,b767,sprint,,mobile
1560838832674,enter,b672,sprint,,mobile
1560838853416,respond,q672,sprint,c,mobile
1560838856226,submit,b672,sprint,,mobile
1560839019759,enter,b1107,sprint,,mobile
1560839036206,respond,q1107,sprint,b,mobile
1560839039151,submit,b1107,sprint,,mobile
1560839063064,enter,b1153,sprint,,mobile
1560839082373,respond,q1153,sprint,a,mobile
1560839085649,submit,b1153,sprint,,mobile
1560839126594,enter,b1203,sprint,,mobile
1560839143192,respond,q1203,sprint,a,mobile
1560839145965,submit,b1203,sprint,,mobile
1560839160807,enter,b784,sprint,,mobile
1560839173620,respond,q784,sprint,b,mobile
1560839178634,submit,b784,sprint,,mobile
1560839189749,enter,b689,sprint,,mobile
1560839212696,submit,b689,sprint,,mobile
1560839266226,enter,b251,sprint,,mobile
1560839286786,respond,q251,sprint,b,mobile
1560839289748,submit,b251,sprint,,mobile
1560839314358,enter,b1187,sprint,,mobile
1560839331681,respond,q1187,sprint,a,mobile
1560839334690,submit,b1187,sprint,,mobile
1560839356775,enter,b641,sprint,,mobile
1560839375374,respond,q641,sprint,a,mobile
1560839379436,submit,b641,sprint,,mobile
1560839390351,enter,b998,sprint,,mobile
1560839413250,respond,q998,sprint,a,mobile
1560839415993,submit,b998,sprint,,mobile
1560839448097,enter,b833,sprint,,mobile
1560839458652,respond,q833,sprint,b,mobile
1560839467706,submit,b833,sprint,,mobile
1560840062308,enter,b1736,sprint,,mobile
1560840154414,respond,q2406,sprint,b,mobile
1560840159546,submit,b1736,sprint,,mobile
1560840244589,enter,b1751,sprint,,mobile
1560840307455,respond,q2451,sprint,c,mobile
1560840312220,submit,b1751,sprint,,mobile
1560840357835,enter,b1554,sprint,,mobile
1560840424907,respond,q1860,sprint,a,mobile
1560840429058,submit,b1554,sprint,,mobile
1560840487369,enter,b1744,sprint,,mobile
1560840557868,respond,q2430,sprint,c,mobile
1560840562283,submit,b1744,sprint,,mobile
1560840612113,enter,b1639,sprint,,mobile
1560840671183,respond,q2115,sprint,b,mobile
1560840676966,submit,b1639,sprint,,mobile
1560840737437,enter,b1479,sprint,,mobile
1560840799796,respond,q1635,sprint,b,mobile
1560840816650,submit,b1479,sprint,,mobile
1560840956073,enter,b1586,sprint,,mobile
1560841040399,respond,q1956,sprint,d,mobile
1560841046022,submit,b1586,sprint,,mobile
1560841113682,enter,b1539,sprint,,mobile
1560841193963,respond,q1815,sprint,b,mobile
1560841200192,submit,b1539,sprint,,mobile
1560841412658,enter,b1789,sprint,,mobile
1560841472812,respond,q2565,sprint,c,mobile
1560841478656,submit,b1789,sprint,,mobile
1560841542179,enter,b1464,sprint,,mobile
1560841615662,respond,q1590,sprint,b,mobile
1560841621686,submit,b1464,sprint,,mobile
1560841704069,enter,b1833,sprint,,mobile
1560841765367,respond,q2697,sprint,a,mobile
1560841770508,submit,b1833,sprint,,mobile
1560841872755,enter,b1984,sprint,,mobile
1560841952591,respond,q3150,sprint,a,mobile
1560841957294,submit,b1984,sprint,,mobile
1560842022976,enter,b1961,sprint,,mobile
1560842088917,respond,q3081,sprint,a,mobile
1560842094617,submit,b1961,sprint,,mobile
1560842142264,enter,b1802,sprint,,mobile
1560842201774,respond,q2604,sprint,c,mobile
1560842206931,submit,b1802,sprint,,mobile
1560842295481,enter,b1960,sprint,,mobile
1560842369454,respond,q3078,sprint,a,mobile
1560842373350,submit,b1960,sprint,,mobile
1560842455097,enter,b1954,sprint,,mobile
1560842544822,respond,q3060,sprint,d,mobile
1560842548860,submit,b1954,sprint,,mobile
1560842634010,enter,b2013,sprint,,mobile
1560842722415,respond,q3237,sprint,a,mobile
1560842732526,respond,q3237,sprint,b,mobile
1560842738605,submit,b2013,sprint,,mobile
1560842855003,enter,b1947,sprint,,mobile
1560842917046,respond,q3039,sprint,b,mobile
1560842922629,submit,b1947,sprint,,mobile
1560842967754,enter,b1816,sprint,,mobile
1560843037824,respond,q2646,sprint,b,mobile
1560843041324,submit,b1816,sprint,,mobile
1560843086016,enter,b1937,sprint,,mobile
1560843153164,respond,q3009,sprint,a,mobile
1560843157215,submit,b1937,sprint,,mobile
1560843226785,enter,b6037,sprint,,mobile
1560843239890,respond,q8686,sprint,b,mobile
1560843245773,submit,b6037,sprint,,mobile
1560843263026,enter,b2692,sprint,,mobile
1560843272237,respond,q4160,sprint,d,mobile
1560843290432,submit,b2692,sprint,,mobile
1560843329915,enter,b3288,sprint,,mobile
1560843360343,respond,q4756,sprint,b,mobile
1560843363650,submit,b3288,sprint,,mobile
1560843469434,enter,b5676,sprint,,mobile
1560843480661,respond,q8205,sprint,c,mobile
1560843483869,submit,b5676,sprint,,mobile
1560843496728,enter,b4269,sprint,,mobile
1560843531725,respond,q5737,sprint,c,mobile
1560843534312,submit,b4269,sprint,,mobile
1560843542798,enter,b4528,sprint,,mobile
1560843577686,respond,q5996,sprint,b,mobile
1560843583301,submit,b4528,sprint,,mobile
1560843831127,enter,b5148,adaptive_offer,,mobile
1560843851240,respond,q6742,adaptive_offer,d,mobile
1560843856707,submit,b5148,adaptive_offer,,mobile
1560843869255,enter,b4528,adaptive_offer,,mobile
1560843875438,respond,q5996,adaptive_offer,a,mobile
1560843878623,submit,b4528,adaptive_offer,,mobile
1560843932753,enter,b3841,sprint,,mobile
1560843989669,respond,q5309,sprint,b,mobile
1560843992693,submit,b3841,sprint,,mobile
1560844184449,enter,b6512,sprint,,mobile
1560844213471,respond,q9161,sprint,a,mobile
1560844230991,submit,b6512,sprint,,mobile
1560844267280,enter,b3200,sprint,,mobile
1560844306246,respond,q4668,sprint,d,mobile
1560844310376,submit,b3200,sprint,,mobile
1560844666990,enter,b3958,adaptive_offer,,mobile
1560844687370,respond,q5426,adaptive_offer,c,mobile
1560844690079,submit,b3958,adaptive_offer,,mobile
1560844700946,enter,b3200,adaptive_offer,,mobile
1560844707421,respond,q4668,adaptive_offer,c,mobile
1560844708037,respond,q4668,adaptive_offer,a,mobile
1560844711852,submit,b3200,adaptive_offer,,mobile
1560844744156,enter,b2948,sprint,,mobile
1560844759333,respond,q4416,sprint,b,mobile
1560844764997,submit,b2948,sprint,,mobile
1560844776855,enter,b2541,sprint,,mobile
1560844834024,respond,q4009,sprint,c,mobile
1560844837818,submit,b2541,sprint,,mobile
1560844894446,enter,b11429,sprint,,mobile
1560844926819,respond,q17192,sprint,a,mobile
1560844938985,submit,b11429,sprint,,mobile
1560844947643,enter,b3025,sprint,,mobile
1560844962978,respond,q4493,sprint,a,mobile
1560844972471,submit,b3025,sprint,,mobile
1560845050954,enter,b2220,sprint,,mobile
1560845073855,respond,q3688,sprint,a,mobile
1560845079054,submit,b2220,sprint,,mobile
1560845202910,enter,b5765,sprint,,mobile
1560845224132,respond,q8414,sprint,a,mobile
1560845229716,submit,b5765,sprint,,mobile
1560845238197,enter,b11365,sprint,,mobile
1560845247713,respond,q17128,sprint,c,mobile
1560845251101,submit,b11365,sprint,,mobile
1560845256671,enter,b5811,sprint,,mobile
1560845282829,respond,q8460,sprint,a,mobile
1560845286323,submit,b5811,sprint,,mobile
1560845386113,enter,b3324,sprint,,mobile
1560845410465,respond,q4792,sprint,b,mobile
1560845418217,submit,b3324,sprint,,mobile
1560845432401,enter,b7007,sprint,,mobile
1560845455198,respond,q9656,sprint,b,mobile
1560845458356,submit,b7007,sprint,,mobile
1560845466902,enter,b11410,sprint,,mobile
1560845480875,respond,q17173,sprint,a,mobile
1560845483750,submit,b11410,sprint,,mobile
1560845492110,enter,b4102,sprint,,mobile
1560845534898,respond,q5570,sprint,c,mobile
1560845537818,submit,b4102,sprint,,mobile
1560845608954,enter,b3840,sprint,,mobile
1560845670825,respond,q5308,sprint,d,mobile
1560845683047,respond,q5308,sprint,b,mobile
1560845688567,submit,b3840,sprint,,mobile
1560845722600,enter,b4726,sprint,,mobile
1560845742181,respond,q6194,sprint,d,mobile
1560845751838,respond,q6194,sprint,b,mobile
1560845757473,submit,b4726,sprint,,mobile
1560845778682,enter,b6154,sprint,,mobile
1560845828799,respond,q8803,sprint,a,mobile
1560845832329,submit,b6154,sprint,,mobile
1560845984047,enter,b3893,sprint,,mobile
1560846019141,respond,q5361,sprint,c,mobile
1560846024741,submit,b3893,sprint,,mobile
1560846074038,enter,b4183,sprint,,mobile
1560846100011,respond,q5651,sprint,a,mobile
1560846100662,respond,q5651,sprint,b,mobile
1560846103539,submit,b4183,sprint,,mobile
1560846132319,enter,b2577,sprint,,mobile
1560846170756,respond,q4045,sprint,d,mobile
1560846179477,submit,b2577,sprint,,mobile
1560846187707,enter,b5903,sprint,,mobile
1560846196721,respond,q8552,sprint,a,mobile
1560846207732,submit,b5903,sprint,,mobile
1560846214135,enter,b5031,sprint,,mobile
1560846240147,respond,q6499,sprint,a,mobile
1560846266575,submit,b5031,sprint,,mobile
1560846299331,enter,b4617,sprint,,mobile
1560846381137,respond,q6085,sprint,d,mobile
1560846387352,submit,b4617,sprint,,mobile
1560846491756,enter,b8492,sprint,,mobile
1560846637620,respond,q11637,sprint,b,mobile
1560846641105,submit,b8492,sprint,,mobile
1560846803939,enter,b5208,sprint,,mobile
1560846945947,respond,q6928,sprint,c,mobile
1560846950563,submit,b5208,sprint,,mobile
1560847116089,enter,b5189,sprint,,mobile
1560847259712,respond,q6852,sprint,c,mobile
1560847265554,submit,b5189,sprint,,mobile
1560848007037,enter,b5221,adaptive_offer,,mobile
1560848089476,respond,q6980,adaptive_offer,c,mobile
1560848093044,submit,b5221,adaptive_offer,,mobile
1560848124688,enter,b5191,sprint,,mobile
1560848305571,respond,q6860,sprint,d,mobile
1560848312520,respond,q6860,sprint,b,mobile
1560848320012,submit,b5191,sprint,,mobile
1560848392953,enter,b8484,sprint,,mobile
1560848533892,respond,q11606,sprint,b,mobile
1560848541252,submit,b8484,sprint,,mobile
1560848643918,enter,b5087,sprint,,mobile
1560848761579,respond,q6564,sprint,c,mobile
1560848765832,submit,b5087,sprint,,mobile
1560848827662,enter,b5222,sprint,,mobile
1560848998010,respond,q6984,sprint,c,mobile
1560849003263,submit,b5222,sprint,,mobile
1560849078100,enter,b5217,sprint,,mobile
1560849281589,respond,q6963,sprint,c,mobile
1560849282318,respond,q6964,sprint,c,mobile
1560849296677,submit,b5217,sprint,,mobile
1560849448672,enter,b5217,adaptive_offer,,mobile
1560849506398,respond,q6964,adaptive_offer,a,mobile
1560849511600,submit,b5217,adaptive_offer,,mobile
1560849580468,enter,b7913,sprint,,mobile
1560849738314,respond,q10608,sprint,d,mobile
1560849743132,submit,b7913,sprint,,mobile
1560849822490,enter,b5108,sprint,,mobile
1560850066150,respond,q6648,sprint,d,mobile
1560850076593,respond,q6648,sprint,a,mobile
1560850082232,submit,b5108,sprint,,mobile
1560930777547,enter,b8185,sprint,,mobile
1560930803766,respond,q11132,sprint,a,mobile
1560930806725,submit,b8185,sprint,,mobile
1560930811195,enter,b8089,sprint,,mobile
1560930828747,respond,q11036,sprint,c,mobile
1560930835506,submit,b8089,sprint,,mobile
1560930845605,enter,b8165,sprint,,mobile
1560930860326,respond,q11112,sprint,b,mobile
1560930870533,submit,b8165,sprint,,mobile
1560930884276,enter,b8036,sprint,,mobile
1560930907260,respond,q10983,sprint,b,mobile
1560930910699,submit,b8036,sprint,,mobile
1560930944533,enter,b8063,sprint,,mobile
1560930953428,respond,q11010,sprint,a,mobile
1560930967216,submit,b8063,sprint,,mobile
1560930971452,enter,b8007,sprint,,mobile
1560930997269,respond,q10954,sprint,c,mobile
1560930999654,submit,b8007,sprint,,mobile
1560931009682,enter,b8119,sprint,,mobile
1560931026694,respond,q11066,sprint,c,mobile
1560931031619,submit,b8119,sprint,,mobile
1560931038121,enter,b8258,sprint,,mobile
1560931055782,respond,q11205,sprint,c,mobile
1560931058553,submit,b8258,sprint,,mobile
1560931063418,enter,b8153,sprint,,mobile
1560931080280,respond,q11100,sprint,c,mobile
1560931086306,submit,b8153,sprint,,mobile
1560931090545,enter,b8129,sprint,,mobile
1560931107510,respond,q11076,sprint,c,mobile
1560931113440,submit,b8129,sprint,,mobile
1560931118401,enter,b8101,sprint,,mobile
1560931141148,respond,q11048,sprint,a,mobile
1560931144168,submit,b8101,sprint,,mobile
1560931152092,enter,b8138,sprint,,mobile
1560931174563,respond,q11085,sprint,d,mobile
1560931177546,submit,b8138,sprint,,mobile
1560931200283,enter,b8155,sprint,,mobile
1560931213796,respond,q11102,sprint,b,mobile
1560931223930,submit,b8155,sprint,,mobile
1560931234010,enter,b8002,sprint,,mobile
1560931252594,respond,q10949,sprint,c,mobile
1560931258173,submit,b8002,sprint,,mobile
1560931263544,enter,b8035,sprint,,mobile
1560931280180,respond,q10982,sprint,c,mobile
1560931286036,submit,b8035,sprint,,mobile
1560931304658,enter,b1088,sprint,,mobile
1560931314943,respond,q1088,sprint,a,mobile
1560931324381,submit,b1088,sprint,,mobile
1560931332816,enter,b508,sprint,,mobile
1560931350451,respond,q508,sprint,b,mobile
1560931353125,submit,b508,sprint,,mobile
1560931432381,enter,b1195,sprint,,mobile
1560931448225,respond,q1195,sprint,a,mobile
1560931455343,respond,q1195,sprint,c,mobile
1560931458941,submit,b1195,sprint,,mobile
1560931492881,enter,b361,sprint,,mobile
1560931514023,respond,q361,sprint,a,mobile
1560931517607,submit,b361,sprint,,mobile
1560931552892,enter,b1312,sprint,,mobile
1560931570917,respond,q1312,sprint,c,mobile
1560931574442,submit,b1312,sprint,,mobile
1560931606151,enter,b1157,sprint,,mobile
1560931622496,respond,q1157,sprint,a,mobile
1560931625755,submit,b1157,sprint,,mobile
1560931642383,enter,b209,sprint,,mobile
1560931658439,respond,q209,sprint,b,mobile
1560931662613,submit,b209,sprint,,mobile
1560931680809,enter,b881,sprint,,mobile
1560931698203,respond,q881,sprint,b,mobile
1560931701735,submit,b881,sprint,,mobile
1560931713556,enter,b326,sprint,,mobile
1560931732170,respond,q326,sprint,b,mobile
1560931735314,submit,b326,sprint,,mobile
1560931793352,enter,b235,sprint,,mobile
1560931814378,respond,q235,sprint,b,mobile
1560931817756,submit,b235,sprint,,mobile
1560931832217,enter,b254,sprint,,mobile
1560931850842,respond,q254,sprint,a,mobile
1560931854009,submit,b254,sprint,,mobile
1560931925339,enter,b745,sprint,,mobile
1560931938188,respond,q745,sprint,a,mobile
1560931944362,submit,b745,sprint,,mobile
1560931979594,enter,b1393,sprint,,mobile
1560931999926,submit,b1393,sprint,,mobile
1560932007357,enter,b335,sprint,,mobile
1560932037707,submit,b335,sprint,,mobile
1560932062646,enter,b846,sprint,,mobile
1560932080394,respond,q846,sprint,b,mobile
1560932083884,submit,b846,sprint,,mobile
1560932139036,enter,b819,sprint,,mobile
1560932161781,respond,q819,sprint,a,mobile
1560932164758,submit,b819,sprint,,mobile
1560932218645,enter,b736,sprint,,mobile
1560932237235,respond,q736,sprint,a,mobile
1560932239978,submit,b736,sprint,,mobile
1560932264736,enter,b699,sprint,,mobile
1560932285124,respond,q699,sprint,a,mobile
1560932291777,submit,b699,sprint,,mobile
1560932323489,enter,b643,sprint,,mobile
1560932339429,respond,q643,sprint,c,mobile
1560932342251,submit,b643,sprint,,mobile
1560932376191,enter,b1248,sprint,,mobile
1560932399977,respond,q1248,sprint,b,mobile
1560932407280,submit,b1248,sprint,,mobile
1560932510102,enter,b1696,sprint,,mobile
1560932596793,respond,q2286,sprint,d,mobile
1560932601606,submit,b1696,sprint,,mobile
1560932682712,enter,b1461,sprint,,mobile
1560932754598,respond,q1581,sprint,b,mobile
1560932759335,submit,b1461,sprint,,mobile
1560932808954,enter,b1561,sprint,,mobile
1560932904811,respond,q1881,sprint,d,mobile
1560932909257,submit,b1561,sprint,,mobile
1560933087349,enter,b1785,sprint,,mobile
1560933188090,respond,q2553,sprint,b,mobile
1560933193525,submit,b1785,sprint,,mobile
1560933329466,enter,b1692,sprint,,mobile
1560933398528,respond,q2274,sprint,c,mobile
1560933405499,submit,b1692,sprint,,mobile
1560933450120,enter,b1710,sprint,,mobile
1560933545658,respond,q2328,sprint,a,mobile
1560933547893,respond,q2328,sprint,a,mobile
1560933551720,submit,b1710,sprint,,mobile
1560933696269,enter,b1538,sprint,,mobile
1560933779113,respond,q1812,sprint,c,mobile
1560933784887,submit,b1538,sprint,,mobile
1560933817594,enter,b1670,sprint,,mobile
1560933893701,respond,q2208,sprint,d,mobile
1560933897922,submit,b1670,sprint,,mobile
1560933952570,enter,b1738,sprint,,mobile
1560934048047,respond,q2412,sprint,a,mobile
1560934052756,submit,b1738,sprint,,mobile
1560934117936,enter,b1565,sprint,,mobile
1560934177597,respond,q1893,sprint,a,mobile
1560934181796,submit,b1565,sprint,,mobile
1560934551823,enter,b2111,sprint,,mobile
1560934608776,respond,q3531,sprint,a,mobile
1560934621936,submit,b2111,sprint,,mobile
1560934645334,enter,b2087,sprint,,mobile
1560934702530,respond,q3459,sprint,b,mobile
1560934706403,submit,b2087,sprint,,mobile
1560934760206,enter,b2101,sprint,,mobile
1560934816302,respond,q3501,sprint,b,mobile
1560934820340,submit,b2101,sprint,,mobile
1560934987730,enter,b7934,sprint,,mobile
1560935050772,respond,q10685,sprint,d,mobile
1560935055056,submit,b7934,sprint,,mobile
1560935062394,enter,b1985,sprint,,mobile
1560935123332,respond,q3153,sprint,a,mobile
1560935131693,respond,q3153,sprint,d,mobile
1560935133042,respond,q3153,sprint,b,mobile
1560935139133,submit,b1985,sprint,,mobile
1560935185158,enter,b1975,sprint,,mobile
1560935243204,respond,q3123,sprint,a,mobile
1560935247470,submit,b1975,sprint,,mobile
1560935325869,enter,b2094,sprint,,mobile
1560935385654,respond,q3480,sprint,c,mobile
1560935388795,submit,b2094,sprint,,mobile
1560935397533,enter,b1942,sprint,,mobile
1560935445227,respond,q3024,sprint,a,mobile
1560935448892,submit,b1942,sprint,,mobile
1560935458689,enter,b1949,sprint,,mobile
1560935538202,respond,q3045,sprint,d,mobile
1560935543997,submit,b1949,sprint,,mobile
1560935639881,enter,b2111,adaptive_offer,,mobile
1560935678862,respond,q3531,adaptive_offer,b,mobile
1560935690550,submit,b2111,adaptive_offer,,mobile
1560935788822,enter,b1825,sprint,,mobile
1560935842840,respond,q2673,sprint,d,mobile
1560935847279,submit,b1825,sprint,,mobile
1560952343019,enter,b4029,sprint,,mobile
1560952391286,respond,q5497,sprint,a,mobile
1560952397950,respond,q5497,sprint,c,mobile
1560952399968,respond,q5497,sprint,a,mobile
1560952409579,submit,b4029,sprint,,mobile
1560952428155,enter,b6114,sprint,,mobile
1560952451217,respond,q8763,sprint,b,mobile
1560952455757,submit,b6114,sprint,,mobile
1560952543265,enter,b3569,sprint,,mobile
1560952579939,respond,q5037,sprint,d,mobile
1560952583244,submit,b3569,sprint,,mobile
1560952692163,enter,b3990,sprint,,mobile
1560952720923,respond,q5458,sprint,c,mobile
1560952727628,submit,b3990,sprint,,mobile
1560952756967,enter,b2720,sprint,,mobile
1560952793107,respond,q4188,sprint,a,mobile
1560952797569,submit,b2720,sprint,,mobile
1560952841241,enter,b6908,sprint,,mobile
1560952860041,respond,q9557,sprint,b,mobile
1560952865458,submit,b6908,sprint,,mobile
1560952877098,enter,b2473,sprint,,mobile
1560952898188,respond,q3941,sprint,a,mobile
1560952909780,respond,q3941,sprint,d,mobile
1560952914864,submit,b2473,sprint,,mobile
1560952963313,enter,b3050,sprint,,mobile
1560952977099,respond,q4518,sprint,b,mobile
1560952980346,submit,b3050,sprint,,mobile
1560953049019,enter,b3401,sprint,,mobile
1560953064986,respond,q4869,sprint,c,mobile
1560953096985,submit,b3401,sprint,,mobile
1560953140354,enter,b11357,sprint,,mobile
1560953170888,respond,q17120,sprint,b,mobile
1560953175830,submit,b11357,sprint,,mobile
1560953252595,enter,b3042,sprint,,mobile
1560953292693,respond,q4510,sprint,a,mobile
1560953297507,submit,b3042,sprint,,mobile
1560953332465,enter,b3012,sprint,,mobile
1560953376100,respond,q4480,sprint,c,mobile
1560953384119,submit,b3012,sprint,,mobile
1560953444901,enter,b4870,sprint,,mobile
1560953504455,respond,q6338,sprint,b,mobile
1560953508650,submit,b4870,sprint,,mobile
1560953546281,enter,b6477,sprint,,mobile
1560953559861,respond,q9126,sprint,b,mobile
1560953563524,submit,b6477,sprint,,mobile
1560953584495,enter,b4863,sprint,,mobile
1560953597252,respond,q6331,sprint,b,mobile
1560953608067,submit,b4863,sprint,,mobile
1560953637165,enter,b4860,sprint,,mobile
1560953667315,respond,q6328,sprint,c,mobile
1560953671975,submit,b4860,sprint,,mobile
1560953715440,enter,b3769,sprint,,mobile
1560953759481,respond,q5237,sprint,d,mobile
1560953762806,submit,b3769,sprint,,mobile
1560953780664,enter,b7173,sprint,,mobile
1560953803505,respond,q9822,sprint,d,mobile
1560953806733,submit,b7173,sprint,,mobile
1560953816563,enter,b3325,sprint,,mobile
1560953863742,respond,q4793,sprint,c,mobile
1560953869053,submit,b3325,sprint,,mobile
1560953964878,enter,b5152,sprint,,mobile
1560954044178,respond,q6746,sprint,a,mobile
1560954049925,respond,q6746,sprint,b,mobile
1560954059250,submit,b5152,sprint,,mobile
1560954180865,enter,b4013,sprint,,mobile
1560954206064,respond,q5481,sprint,a,mobile
1560954212648,submit,b4013,sprint,,mobile
1560954220589,enter,b6502,sprint,,mobile
1560954241687,respond,q9151,sprint,a,mobile
1560954244696,submit,b6502,sprint,,mobile
1560954274861,enter,b3423,sprint,,mobile
1560954291712,respond,q4891,sprint,b,mobile
1560954295588,submit,b3423,sprint,,mobile
1560954305465,enter,b2309,sprint,,mobile
1560954323713,respond,q3777,sprint,c,mobile
1560954328455,submit,b2309,sprint,,mobile
1560954339770,enter,b4753,sprint,,mobile
1560954390614,respond,q6221,sprint,b,mobile
1560954394105,submit,b4753,sprint,,mobile
1560954473929,enter,b7207,sprint,,mobile
1560954522124,respond,q9856,sprint,b,mobile
1560954525279,submit,b7207,sprint,,mobile
1560954560146,enter,b4311,sprint,,mobile
1560954611950,respond,q5779,sprint,b,mobile
1560954615997,submit,b4311,sprint,,mobile
1560954696550,enter,b4257,sprint,,mobile
1560954713071,respond,q5725,sprint,a,mobile
1560954741074,respond,q5725,sprint,c,mobile
1560954807655,respond,q5725,sprint,b,mobile
1560954808390,respond,q5725,sprint,a,mobile
1560954812101,submit,b4257,sprint,,mobile
1560954943840,enter,b3597,sprint,,mobile
1560954961844,respond,q5065,sprint,b,mobile
1560954964984,submit,b3597,sprint,,mobile
1560954972308,enter,b7081,sprint,,mobile
1560954995260,respond,q9730,sprint,a,mobile
1560954998467,submit,b7081,sprint,,mobile
1561006005659,enter,b5030,review_quiz,,mobile
1561006022782,respond,q6498,review_quiz,d,mobile
1561006026579,submit,b5030,review_quiz,,mobile
1561006032055,enter,b6491,review_quiz,,mobile
1561006085829,respond,q9140,review_quiz,a,mobile
1561006089240,submit,b6491,review_quiz,,mobile
1561006200612,enter,b3025,review_quiz,,mobile
1561006231351,respond,q4493,review_quiz,b,mobile
1561006234502,submit,b3025,review_quiz,,mobile
1561006246794,enter,b3770,review_quiz,,mobile
1561006276131,respond,q5238,review_quiz,b,mobile
1561006281145,submit,b3770,review_quiz,,mobile
1561006291641,enter,b7075,review_quiz,,mobile
1561006308882,respond,q9724,review_quiz,d,mobile
1561006330466,respond,q9724,review_quiz,c,mobile
1561006333562,submit,b7075,review_quiz,,mobile
1561006355552,enter,b3693,review_quiz,,mobile
1561006402496,respond,q5161,review_quiz,a,mobile
1561006405359,submit,b3693,review_quiz,,mobile
1561006421589,enter,b3114,review_quiz,,mobile
1561006431938,respond,q4582,review_quiz,b,mobile
1561006443199,submit,b3114,review_quiz,,mobile
1561006451368,enter,b3752,review_quiz,,mobile
1561006466340,respond,q5220,review_quiz,b,mobile
1561006470172,submit,b3752,review_quiz,,mobile
1561006487564,enter,b3774,review_quiz,,mobile
1561006519722,respond,q5242,review_quiz,a,mobile
1561006528953,submit,b3774,review_quiz,,mobile
1561006542825,enter,b7216,review_quiz,,mobile
1561006583455,respond,q9865,review_quiz,a,mobile
1561006587026,submit,b7216,review_quiz,,mobile
1561006640901,enter,b6857,review_quiz,,mobile
1561006658256,respond,q9506,review_quiz,c,mobile
1561006664522,submit,b6857,review_quiz,,mobile
1561006674832,enter,b3744,review_quiz,,mobile
1561006693811,respond,q5212,review_quiz,c,mobile
1561006697508,submit,b3744,review_quiz,,mobile
1561006716407,enter,b4860,review_quiz,,mobile
1561006738176,respond,q6328,review_quiz,d,mobile
1561006741013,submit,b4860,review_quiz,,mobile
1561006760733,enter,b2720,review_quiz,,mobile
1561006779024,respond,q4188,review_quiz,d,mobile
1561006783203,submit,b2720,review_quiz,,mobile
1561006811385,enter,b7146,review_quiz,,mobile
1561006829418,respond,q9795,review_quiz,d,mobile
1561006849618,respond,q9795,review_quiz,d,mobile
1561006853247,submit,b7146,review_quiz,,mobile
1561006868654,enter,b6121,review_quiz,,mobile
1561006928449,respond,q8770,review_quiz,b,mobile
1561006933129,submit,b6121,review_quiz,,mobile
1561006957244,enter,b6804,review_quiz,,mobile
1561006997627,respond,q9453,review_quiz,a,mobile
1561007004091,submit,b6804,review_quiz,,mobile
1561007087398,enter,b3594,review_quiz,,mobile
1561007130894,respond,q5062,review_quiz,a,mobile
1561007134348,submit,b3594,review_quiz,,mobile
1561007158364,enter,b3075,review_quiz,,mobile
1561007192610,respond,q4543,review_quiz,c,mobile
1561007195673,submit,b3075,review_quiz,,mobile
1561007237611,enter,b2224,review_quiz,,mobile
1561007321171,respond,q3692,review_quiz,d,mobile
1561007324197,submit,b2224,review_quiz,,mobile
1561007417345,enter,b7469,review_quiz,,mobile
1561007466634,respond,q10118,review_quiz,c,mobile
1561007469812,submit,b7469,review_quiz,,mobile
1561007491575,enter,b11548,review_quiz,,mobile
1561007506014,respond,q17311,review_quiz,b,mobile
1561007509154,respond,q17311,review_quiz,c,mobile
1561007514440,submit,b11548,review_quiz,,mobile
1561007529361,enter,b2934,review_quiz,,mobile
1561007565965,respond,q4402,review_quiz,c,mobile
1561007577446,submit,b2934,review_quiz,,mobile
1561107940794,enter,b8113,sprint,,mobile
1561107958217,respond,q11060,sprint,c,mobile
1561107964340,submit,b8113,sprint,,mobile
1561107973998,enter,b8163,sprint,,mobile
1561107983497,respond,q11110,sprint,a,mobile
1561108000067,submit,b8163,sprint,,mobile
1561108016810,enter,b8159,sprint,,mobile
1561108040835,submit,b8159,sprint,,mobile
1561108045806,enter,b8031,sprint,,mobile
1561108070378,respond,q10978,sprint,c,mobile
1561108073300,submit,b8031,sprint,,mobile
1561108091668,enter,b8300,sprint,,mobile
1561108110197,respond,q11247,sprint,c,mobile
1561108116087,submit,b8300,sprint,,mobile
1561108132307,enter,b8297,sprint,,mobile
1561108141564,respond,q11244,sprint,a,mobile
1561108156855,submit,b8297,sprint,,mobile
1561108167974,enter,b8081,sprint,,mobile
1561108187525,respond,q11028,sprint,c,mobile
1561108193802,submit,b8081,sprint,,mobile
1561108221590,enter,b8126,sprint,,mobile
1561108244265,submit,b8126,sprint,,mobile
1561108251470,enter,b8295,sprint,,mobile
1561108274206,respond,q11242,sprint,a,mobile
1561108277174,submit,b8295,sprint,,mobile
1561108289114,enter,b8216,sprint,,mobile
1561108306705,respond,q11163,sprint,c,mobile
1561108313222,submit,b8216,sprint,,mobile
1561108338855,enter,b777,sprint,,mobile
1561108352169,respond,q777,sprint,a,mobile
1561108357860,submit,b777,sprint,,mobile
1561108366524,enter,b286,sprint,,mobile
1561108383073,respond,q286,sprint,b,mobile
1561108386331,submit,b286,sprint,,mobile
1561108415054,enter,b387,sprint,,mobile
1561108429428,respond,q387,sprint,a,mobile
1561108436540,submit,b387,sprint,,mobile
1561108453978,enter,b1114,sprint,,mobile
1561108470992,respond,q1114,sprint,c,mobile
1561108473785,submit,b1114,sprint,,mobile
1561108494107,enter,b1295,sprint,,mobile
1561108509407,respond,q1295,sprint,b,mobile
1561108516174,submit,b1295,sprint,,mobile
1561108528705,enter,b629,sprint,,mobile
1561108538695,respond,q629,sprint,a,mobile
1561108547206,submit,b629,sprint,,mobile
1561108558936,enter,b1335,sprint,,mobile
1561108574718,respond,q1335,sprint,b,mobile
1561108580789,submit,b1335,sprint,,mobile
1561108596511,enter,b375,sprint,,mobile
1561108607718,respond,q375,sprint,a,mobile
1561108616028,submit,b375,sprint,,mobile
1561108644134,enter,b1094,sprint,,mobile
1561108660139,respond,q1094,sprint,b,mobile
1561108663193,submit,b1094,sprint,,mobile
1561108671684,enter,b232,sprint,,mobile
1561108683743,respond,q232,sprint,a,mobile
1561108690493,submit,b232,sprint,,mobile
1561108700138,enter,b1016,sprint,,mobile
1561108719433,respond,q1016,sprint,b,mobile
1561108722622,submit,b1016,sprint,,mobile
1561108752153,enter,b501,sprint,,mobile
1561108773305,submit,b501,sprint,,mobile
1561108799671,enter,b320,sprint,,mobile
1561108819836,respond,q320,sprint,c,mobile
1561108823278,submit,b320,sprint,,mobile
1561108857303,enter,b1339,sprint,,mobile
1561108874910,respond,q1339,sprint,c,mobile
1561108878263,submit,b1339,sprint,,mobile
1561108901363,enter,b915,sprint,,mobile
1561108918613,respond,q915,sprint,a,mobile
1561108921376,submit,b915,sprint,,mobile
1561108948049,enter,b592,sprint,,mobile
1561108958565,respond,q592,sprint,a,mobile
1561108968992,submit,b592,sprint,,mobile
1561108976104,enter,b428,sprint,,mobile
1561108996206,respond,q428,sprint,c,mobile
1561108998904,submit,b428,sprint,,mobile
1561109028230,enter,b587,sprint,,mobile
1561109052735,respond,q587,sprint,c,mobile
1561109056550,submit,b587,sprint,,mobile
1561109078324,enter,b233,sprint,,mobile
1561109096444,respond,q233,sprint,c,mobile
1561109099554,submit,b233,sprint,,mobile
1561109111478,enter,b1239,sprint,,mobile
1561109126069,respond,q1239,sprint,a,mobile
1561109134078,submit,b1239,sprint,,mobile
1561109195050,enter,b1624,sprint,,mobile
1561109262074,respond,q2070,sprint,a,mobile
1561109267404,submit,b1624,sprint,,mobile
1561109344164,enter,b1756,sprint,,mobile
1561109420993,respond,q2466,sprint,d,mobile
1561109425407,submit,b1756,sprint,,mobile
1561109489455,enter,b1643,sprint,,mobile
1561109569551,respond,q2127,sprint,a,mobile
1561109585760,submit,b1643,sprint,,mobile
1561109638959,enter,b1666,sprint,,mobile
1561109698027,respond,q2196,sprint,b,mobile
1561109702151,submit,b1666,sprint,,mobile
1561109798728,enter,b1519,sprint,,mobile
1561109867202,respond,q1755,sprint,a,mobile
1561109871473,submit,b1519,sprint,,mobile
1561109931138,enter,b1725,sprint,,mobile
1561109996499,respond,q2373,sprint,c,mobile
1561110001964,submit,b1725,sprint,,mobile
1561110092153,enter,b1786,sprint,,mobile
1561110146056,respond,q2556,sprint,b,mobile
1561110151423,submit,b1786,sprint,,mobile
1561110206164,enter,b1524,sprint,,mobile
1561110286218,respond,q1770,sprint,a,mobile
1561110291678,respond,q1770,sprint,a,mobile
1561110296285,submit,b1524,sprint,,mobile
1561110332015,enter,b1657,sprint,,mobile
1561110378250,respond,q2169,sprint,a,mobile
1561110381835,submit,b1657,sprint,,mobile
1561110390289,enter,b1731,sprint,,mobile
1561110473952,respond,q2391,sprint,c,mobile
1561110478811,submit,b1731,sprint,,mobile
1561110623790,enter,b1854,sprint,,mobile
1561110683536,respond,q2760,sprint,c,mobile
1561110688485,submit,b1854,sprint,,mobile
1561110729645,enter,b8326,sprint,,mobile
1561110789789,respond,q11284,sprint,d,mobile
1561110794406,submit,b8326,sprint,,mobile
1561110870414,enter,b1935,sprint,,mobile
1561110932958,respond,q3003,sprint,a,mobile
1561110937464,submit,b1935,sprint,,mobile
1561110987262,enter,b2079,sprint,,mobile
1561111044474,respond,q3435,sprint,a,mobile
1561111049074,submit,b2079,sprint,,mobile
1561111060590,enter,b1987,sprint,,mobile
1561111116402,respond,q3159,sprint,c,mobile
1561111121775,submit,b1987,sprint,,mobile
1561111218907,enter,b1873,sprint,,mobile
1561111268846,respond,q2817,sprint,a,mobile
1561111273004,submit,b1873,sprint,,mobile
1561111277977,enter,b2010,sprint,,mobile
1561111345930,respond,q3228,sprint,c,mobile
1561111350233,submit,b2010,sprint,,mobile
1561111363274,enter,b1891,sprint,,mobile
1561111432625,respond,q2871,sprint,b,mobile
1561111437365,submit,b1891,sprint,,mobile
1561111485679,enter,b2067,sprint,,mobile
1561111556903,respond,q3399,sprint,b,mobile
1561111561381,submit,b2067,sprint,,mobile
1561111598507,enter,b8329,sprint,,mobile
1561111674467,respond,q11293,sprint,c,mobile
1561111678484,submit,b8329,sprint,,mobile
1561111804761,enter,b4448,sprint,,mobile
1561111819473,respond,q5916,sprint,b,mobile
1561111822214,submit,b4448,sprint,,mobile
1561111863194,enter,b4270,sprint,,mobile
1561111909234,respond,q5738,sprint,a,mobile
1561111913845,submit,b4270,sprint,,mobile
1561111937569,enter,b4268,sprint,,mobile
1561111947576,respond,q5736,sprint,a,mobile
1561111950950,submit,b4268,sprint,,mobile
1561111958506,enter,b7557,sprint,,mobile
1561111984056,respond,q10206,sprint,c,mobile
1561111987362,submit,b7557,sprint,,mobile
1561112022667,enter,b2787,sprint,,mobile
1561112038372,respond,q4255,sprint,c,mobile
1561112045924,submit,b2787,sprint,,mobile
1561112052815,enter,b5041,sprint,,mobile
1561112093877,respond,q6509,sprint,b,mobile
1561112107264,submit,b5041,sprint,,mobile
1561112137228,enter,b3007,sprint,,mobile
1561112144071,respond,q4475,sprint,a,mobile
1561112149133,submit,b3007,sprint,,mobile
1561112155751,enter,b5922,sprint,,mobile
1561112171174,respond,q8571,sprint,b,mobile
1561112175467,submit,b5922,sprint,,mobile
1561112181763,enter,b5045,sprint,,mobile
1561112205037,respond,q6513,sprint,b,mobile
1561112237707,submit,b5045,sprint,,mobile
1561112245879,enter,b3082,sprint,,mobile
1561112283569,respond,q4550,sprint,a,mobile
1561112306164,respond,q4550,sprint,b,mobile
1561112309921,submit,b3082,sprint,,mobile
1561112327349,enter,b4558,sprint,,mobile
1561112374402,respond,q6026,sprint,a,mobile
1561112378012,submit,b4558,sprint,,mobile
1561112388885,enter,b6764,sprint,,mobile
1561112403002,respond,q9413,sprint,b,mobile
1561112406280,submit,b6764,sprint,,mobile
1561112436445,enter,b3239,sprint,,mobile
1561112454882,respond,q4707,sprint,b,mobile
1561112457888,respond,q4707,sprint,d,mobile
1561112463372,submit,b3239,sprint,,mobile
1561112485891,enter,b6945,sprint,,mobile
1561112540566,respond,q9594,sprint,b,mobile
1561112541214,respond,q9594,sprint,d,mobile
1561112541867,respond,q9594,sprint,c,mobile
1561112546567,submit,b6945,sprint,,mobile
1561112578425,enter,b2432,sprint,,mobile
1561112601217,respond,q3900,sprint,d,mobile
1561112604842,submit,b2432,sprint,,mobile
1561112649325,enter,b6463,sprint,,mobile
1561112667315,respond,q9112,sprint,a,mobile
1561112671697,submit,b6463,sprint,,mobile
1561112678407,enter,b3029,sprint,,mobile
1561112709355,respond,q4497,sprint,b,mobile
1561112712631,submit,b3029,sprint,,mobile
1561112761363,enter,b2804,sprint,,mobile
1561112822136,respond,q4272,sprint,d,mobile
1561112830625,submit,b2804,sprint,,mobile
1561112842541,enter,b4887,sprint,,mobile
1561112881823,respond,q6355,sprint,a,mobile
1561112884944,submit,b4887,sprint,,mobile
1561112911679,enter,b7492,sprint,,mobile
1561112927067,respond,q10141,sprint,c,mobile
1561112930028,submit,b7492,sprint,,mobile
1561352259066,enter,b8038,sprint,,mobile
1561352273705,respond,q10985,sprint,a,mobile
1561352284281,submit,b8038,sprint,,mobile
1561352293134,enter,b8060,sprint,,mobile
1561352307683,respond,q11007,sprint,b,mobile
1561352319614,submit,b8060,sprint,,mobile
1561352343511,enter,b8293,sprint,,mobile
1561352364131,respond,q11240,sprint,d,mobile
1561352367617,submit,b8293,sprint,,mobile
1561352376391,enter,b8194,sprint,,mobile
1561352400185,respond,q11141,sprint,d,mobile
1561352403169,submit,b8194,sprint,,mobile
1561352417144,enter,b8141,sprint,,mobile
1561352427574,respond,q11088,sprint,a,mobile
1561352441867,submit,b8141,sprint,,mobile
1561352448573,enter,b8241,sprint,,mobile
1561352457630,respond,q11188,sprint,a,mobile
1561352461276,respond,q11188,sprint,b,mobile
1561352473111,submit,b8241,sprint,,mobile
1561352507062,enter,b8123,sprint,,mobile
1561352531581,submit,b8123,sprint,,mobile
1561352535326,enter,b8255,sprint,,mobile
1561352548139,respond,q11202,sprint,b,mobile
1561352558507,submit,b8255,sprint,,mobile
1561352565111,enter,b8069,sprint,,mobile
1561352579270,respond,q11016,sprint,b,mobile
1561352590354,submit,b8069,sprint,,mobile
1561352595944,enter,b8039,sprint,,mobile
1561352616583,respond,q10986,sprint,a,mobile
1561352621168,submit,b8039,sprint,,mobile
1561353299515,enter,b224,sprint,,mobile
1561353322206,submit,b224,sprint,,mobile
1561353331805,enter,b1033,sprint,,mobile
1561353356731,submit,b1033,sprint,,mobile
1561353504427,enter,b1399,sprint,,mobile
1561353519368,respond,q1399,sprint,b,mobile
1561353524746,submit,b1399,sprint,,mobile
1561353570192,enter,b294,sprint,,mobile
1561353586251,respond,q294,sprint,b,mobile
1561353589778,submit,b294,sprint,,mobile
1561353641966,enter,b1186,sprint,,mobile
1561353657613,respond,q1186,sprint,c,mobile
1561353661257,submit,b1186,sprint,,mobile
1561353708580,enter,b240,sprint,,mobile
1561353731649,respond,q240,sprint,a,mobile
1561353736116,submit,b240,sprint,,mobile
1561356095191,enter,b240,sprint,,mobile
1561356147536,submit,b240,sprint,,mobile
1561356147589,enter,b201,sprint,,mobile
1561356162352,respond,q201,sprint,b,mobile
1561356167205,submit,b201,sprint,,mobile
1561356199022,enter,b705,sprint,,mobile
1561356217005,respond,q705,sprint,c,mobile
1561356218592,respond,q705,sprint,b,mobile
1561356222301,submit,b705,sprint,,mobile
1561356240599,enter,b808,sprint,,mobile
1561356258361,respond,q808,sprint,b,mobile
1561356261305,submit,b808,sprint,,mobile
1561356313281,enter,b1330,sprint,,mobile
1561356335033,submit,b1330,sprint,,mobile
1561356354239,enter,b1064,sprint,,mobile
1561356370957,respond,q1064,sprint,b,mobile
1561356373948,submit,b1064,sprint,,mobile
1561356428087,enter,b625,sprint,,mobile
1561356445683,respond,q625,sprint,b,mobile
1561356449420,submit,b625,sprint,,mobile
1561356473750,enter,b1247,sprint,,mobile
1561356485707,respond,q1247,sprint,c,mobile
1561356494065,submit,b1247,sprint,,mobile
1561356508966,enter,b1089,sprint,,mobile
1561356526630,respond,q1089,sprint,a,mobile
1561356529611,submit,b1089,sprint,,mobile
1561356548077,enter,b1041,sprint,,mobile
1561356562540,respond,q1041,sprint,b,mobile
1561356567384,submit,b1041,sprint,,mobile
1561356586361,enter,b1041,adaptive_offer,,mobile
1561356601119,respond,q1041,adaptive_offer,c,mobile
1561356603559,submit,b1041,adaptive_offer,,mobile
1561356612006,enter,b822,adaptive_offer,,mobile
1561356631998,respond,q822,adaptive_offer,c,mobile
1561356632663,respond,q822,adaptive_offer,b,mobile
1561356636023,submit,b822,adaptive_offer,,mobile
1561356658996,enter,b201,adaptive_offer,,mobile
1561356674638,respond,q201,adaptive_offer,c,mobile
1561356679016,submit,b201,adaptive_offer,,mobile
1561356687461,enter,b526,adaptive_offer,,mobile
1561356706899,respond,q526,adaptive_offer,c,mobile
1561356711062,submit,b526,adaptive_offer,,mobile
1561356732917,enter,b243,adaptive_offer,,mobile
1561356750728,respond,q243,adaptive_offer,c,mobile
1561356753855,submit,b243,adaptive_offer,,mobile
1561356768876,enter,b888,sprint,,mobile
1561356788538,respond,q888,sprint,c,mobile
1561356791949,submit,b888,sprint,,mobile
1561356813598,enter,b916,sprint,,mobile
1561356839285,respond,q916,sprint,c,mobile
1561356843177,submit,b916,sprint,,mobile
1561356870940,enter,b1014,sprint,,mobile
1561356887754,respond,q1014,sprint,b,mobile
1561356891179,submit,b1014,sprint,,mobile
1561356904854,enter,b221,sprint,,mobile
1561356922746,respond,q221,sprint,b,mobile
1561356927619,submit,b221,sprint,,mobile
1561356983289,enter,b1286,sprint,,mobile
1561356997393,respond,q1286,sprint,a,mobile
1561357002359,submit,b1286,sprint,,mobile
1561357069423,enter,b1681,sprint,,mobile
1561357136938,respond,q2241,sprint,b,mobile
1561357141355,submit,b1681,sprint,,mobile
1561357191399,enter,b1703,sprint,,mobile
1561357265612,respond,q2307,sprint,d,mobile
1561357271001,submit,b1703,sprint,,mobile
1561357333424,enter,b1492,sprint,,mobile
1561357402486,respond,q1674,sprint,b,mobile
1561357407706,submit,b1492,sprint,,mobile
1561357464172,enter,b1453,sprint,,mobile
1561357549605,respond,q1557,sprint,b,mobile
1561357554276,submit,b1453,sprint,,mobile
1561357600537,enter,b1414,sprint,,mobile
1561357658743,respond,q1440,sprint,c,mobile
1561357667430,submit,b1414,sprint,,mobile
1561357724897,enter,b1790,sprint,,mobile
1561357773311,respond,q2568,sprint,a,mobile
1561357775889,respond,q2568,sprint,a,mobile
1561357782399,submit,b1790,sprint,,mobile
1561357828418,enter,b1727,sprint,,mobile
1561357890146,respond,q2379,sprint,b,mobile
1561357895145,submit,b1727,sprint,,mobile
1561357952282,enter,b1661,sprint,,mobile
1561358017058,respond,q2181,sprint,b,mobile
1561358020978,submit,b1661,sprint,,mobile
1561358083106,enter,b1770,sprint,,mobile
1561358175974,respond,q2508,sprint,c,mobile
1561358189238,submit,b1770,sprint,,mobile
1561358314161,enter,b1438,sprint,,mobile
1561358376502,respond,q1512,sprint,d,mobile
1561358393071,respond,q1512,sprint,d,mobile
1561358399060,submit,b1438,sprint,,mobile
1561358502626,enter,b1878,sprint,,mobile
1561358557025,respond,q2832,sprint,b,mobile
1561358562069,submit,b1878,sprint,,mobile
1561358617307,enter,b2081,sprint,,mobile
1561358701674,respond,q3441,sprint,d,mobile
1561358706028,submit,b2081,sprint,,mobile
1561358752579,enter,b1823,sprint,,mobile
1561358808716,respond,q2667,sprint,d,mobile
1561358812615,submit,b1823,sprint,,mobile
1561358871276,enter,b1871,sprint,,mobile
1561358922461,respond,q2811,sprint,b,mobile
1561358926302,submit,b1871,sprint,,mobile
1561358940593,enter,b1806,sprint,,mobile
1561359019556,respond,q2616,sprint,c,mobile
1561359026750,submit,b1806,sprint,,mobile
1561359144908,enter,b1939,sprint,,mobile
1561359199444,respond,q3015,sprint,c,mobile
1561359204312,submit,b1939,sprint,,mobile
1561359247063,enter,b2104,sprint,,mobile
1561359318273,respond,q3510,sprint,c,mobile
1561359323293,submit,b2104,sprint,,mobile
1561359372715,enter,b1990,sprint,,mobile
1561359462951,respond,q3168,sprint,a,mobile
1561359483015,submit,b1990,sprint,,mobile
1561359550689,enter,b1899,sprint,,mobile
1561359608729,respond,q2895,sprint,d,mobile
1561359612686,submit,b1899,sprint,,mobile
1561359619121,enter,b2036,sprint,,mobile
1561359691824,respond,q3306,sprint,d,mobile
1561359692458,respond,q3306,sprint,d,mobile
1561359693278,respond,q3306,sprint,d,mobile
1561359696651,respond,q3306,sprint,d,mobile
1561359701077,submit,b2036,sprint,,mobile
1561360271155,enter,b3949,sprint,,mobile
1561360291975,respond,q5417,sprint,b,mobile
1561360307552,submit,b3949,sprint,,mobile
1561360347156,enter,b4263,sprint,,mobile
1561360366594,respond,q5731,sprint,c,mobile
1561360369654,submit,b4263,sprint,,mobile
1561360378837,enter,b5035,sprint,,mobile
1561360410571,respond,q6503,sprint,d,mobile
1561360413550,submit,b5035,sprint,,mobile
1561360498799,enter,b11351,sprint,,mobile
1561360532011,respond,q17114,sprint,c,mobile
1561360535287,submit,b11351,sprint,,mobile
1561360603747,enter,b5072,sprint,,mobile
1561360613495,respond,q6540,sprint,c,mobile
1561360618845,submit,b5072,sprint,,mobile
1561360629829,enter,b3416,sprint,,mobile
1561360649056,respond,q4884,sprint,d,mobile
1561360652666,submit,b3416,sprint,,mobile
1561360677719,enter,b4872,sprint,,mobile
1561360711279,respond,q6340,sprint,a,mobile
1561360732217,submit,b4872,sprint,,mobile
1561360949401,enter,b3609,adaptive_offer,,mobile
1561360967739,respond,q5077,adaptive_offer,d,mobile
1561360968422,respond,q5077,adaptive_offer,c,mobile
1561360971514,submit,b3609,adaptive_offer,,mobile
1561361386078,enter,b4257,adaptive_offer,,mobile
1561361431568,respond,q5725,adaptive_offer,a,mobile
1561361434780,submit,b4257,adaptive_offer,,mobile
1561361465961,enter,b11339,sprint,,mobile
1561361482491,respond,q17102,sprint,b,mobile
1561361485680,submit,b11339,sprint,,mobile
1561361493213,enter,b5023,sprint,,mobile
1561361515176,respond,q6491,sprint,c,mobile
1561361519054,submit,b5023,sprint,,mobile
1561361531393,enter,b4438,sprint,,mobile
1561361595679,respond,q5906,sprint,b,mobile
1561361610699,submit,b4438,sprint,,mobile
1561361917552,enter,b7380,sprint,,mobile
1561361958252,respond,q10029,sprint,a,mobile
1561361958870,respond,q10029,sprint,b,mobile
1561361962847,submit,b7380,sprint,,mobile
1561362071660,enter,b7654,sprint,,mobile
1561362088579,respond,q10303,sprint,b,mobile
1561362091983,submit,b7654,sprint,,mobile
1561362099336,enter,b2814,sprint,,mobile
1561362115061,respond,q4282,sprint,c,mobile
1561362137451,submit,b2814,sprint,,mobile
1561362160130,enter,b2882,sprint,,mobile
1561362187397,respond,q4350,sprint,b,mobile
1561362188680,respond,q4350,sprint,c,mobile
1561362208415,submit,b2882,sprint,,mobile
1561362225407,enter,b5078,sprint,,mobile
1561362303004,respond,q6546,sprint,a,mobile
1561362309903,submit,b5078,sprint,,mobile
1561362320143,enter,b7608,sprint,,mobile
1561362349751,respond,q10257,sprint,a,mobile
1561362353831,submit,b7608,sprint,,mobile
1561367806714,enter,b3077,sprint,,mobile
1561367819438,respond,q4545,sprint,c,mobile
1561367824384,submit,b3077,sprint,,mobile
1561367830670,enter,b4734,sprint,,mobile
1561367867846,respond,q6202,sprint,a,mobile
1561367876884,submit,b4734,sprint,,mobile
1561367985818,enter,b3227,sprint,,mobile
1561368031474,respond,q4695,sprint,b,mobile
1561368034798,submit,b3227,sprint,,mobile
1561368046358,enter,b5951,sprint,,mobile
1561368067014,respond,q8600,sprint,c,mobile
1561368071369,respond,q8600,sprint,b,mobile
1561368076367,submit,b5951,sprint,,mobile
1561368088515,enter,b3967,sprint,,mobile
1561368109683,respond,q5435,sprint,c,mobile
1561368110283,respond,q5435,sprint,b,mobile
1561368113541,submit,b3967,sprint,,mobile
1561368149641,enter,b3013,sprint,,mobile
1561368169099,respond,q4481,sprint,a,mobile
1561368175764,submit,b3013,sprint,,mobile
1561368186198,enter,b3434,sprint,,mobile
1561368234462,respond,q4902,sprint,c,mobile
1561368237674,submit,b3434,sprint,,mobile
1561368752047,enter,b5867,sprint,,mobile
1561368780723,respond,q8516,sprint,a,mobile
1561368785302,submit,b5867,sprint,,mobile
1561368823905,enter,b3883,sprint,,mobile
1561368891968,respond,q5351,sprint,d,mobile
1561368897318,submit,b3883,sprint,,mobile
1561368918875,enter,b3044,sprint,,mobile
1561368935945,respond,q4512,sprint,d,mobile
1561368941378,submit,b3044,sprint,,mobile
1561368948576,enter,b4486,sprint,,mobile
1561368974644,respond,q5954,sprint,a,mobile
1561368978737,submit,b4486,sprint,,mobile
1561368987369,enter,b6799,sprint,,mobile
1561369013828,respond,q9448,sprint,b,mobile
1561369017806,submit,b6799,sprint,,mobile
1561369044107,enter,b3579,sprint,,mobile
1561369075533,respond,q5047,sprint,d,mobile
1561369079288,submit,b3579,sprint,,mobile
1561369090503,enter,b3045,sprint,,mobile
1561369101779,respond,q4513,sprint,c,mobile
1561369105822,submit,b3045,sprint,,mobile
1561369203858,enter,b5122,sprint,,mobile
1561369324352,respond,q6703,sprint,b,mobile
1561369335731,submit,b5122,sprint,,mobile
1561369420249,enter,b5169,sprint,,mobile
1561369641760,respond,q6772,sprint,c,mobile
1561369647130,submit,b5169,sprint,,mobile
1561369662827,enter,b7976,sprint,,mobile
1561369773691,respond,q10850,sprint,c,mobile
1561369782562,respond,q10850,sprint,d,mobile
1561369788317,submit,b7976,sprint,,mobile
1561369833606,enter,b5171,sprint,,mobile
1561369991371,respond,q6780,sprint,a,mobile
1561370003166,respond,q6780,sprint,b,mobile
1561370009549,respond,q6780,sprint,a,mobile
1561370011364,respond,q6777,sprint,a,mobile
1561370021294,respond,q6777,sprint,b,mobile
1561370027565,submit,b5171,sprint,,mobile
1561370073071,enter,b5112,sprint,,mobile
1561370177524,respond,q6664,sprint,c,mobile
1561370178107,respond,q6664,sprint,d,mobile
1561370183792,submit,b5112,sprint,,mobile
1561541920868,enter,b8242,sprint,,mobile
1561541942853,submit,b8242,sprint,,mobile
1561541954869,enter,b8032,sprint,,mobile
1561541979334,submit,b8032,sprint,,mobile
1561541986666,enter,b8128,sprint,,mobile
1561542007811,respond,q11075,sprint,a,mobile
1561542011184,submit,b8128,sprint,,mobile
1561542016983,enter,b8132,sprint,,mobile
1561542037753,respond,q11079,sprint,a,mobile
1561542040577,submit,b8132,sprint,,mobile
1561542047995,enter,b8179,sprint,,mobile
1561542068867,respond,q11126,sprint,c,mobile
1561542072688,submit,b8179,sprint,,mobile
1561542084115,enter,b8225,sprint,,mobile
1561542105243,respond,q11172,sprint,b,mobile
1561542108776,submit,b8225,sprint,,mobile
1561542112011,enter,b8150,sprint,,mobile
1561542129169,respond,q11097,sprint,b,mobile
1561542135193,submit,b8150,sprint,,mobile
1561542143417,enter,b8233,sprint,,mobile
1561542164392,respond,q11180,sprint,a,mobile
1561542167672,submit,b8233,sprint,,mobile
1561542172702,enter,b8088,sprint,,mobile
1561542185732,respond,q11035,sprint,b,mobile
1561542190167,respond,q11035,sprint,b,mobile
1561542195208,submit,b8088,sprint,,mobile
1561542201996,enter,b8201,sprint,,mobile
1561542223504,respond,q11148,sprint,c,mobile
1561542226257,submit,b8201,sprint,,mobile
1561542255976,enter,b546,sprint,,mobile
1561542278455,submit,b546,sprint,,mobile
1561542286299,enter,b612,sprint,,mobile
1561542304404,respond,q612,sprint,c,mobile
1561542307741,submit,b612,sprint,,mobile
1561542323783,enter,b491,sprint,,mobile
1561542337834,respond,q491,sprint,b,mobile
1561542344720,submit,b491,sprint,,mobile
1561542359798,enter,b579,sprint,,mobile
1561542379120,submit,b579,sprint,,mobile
1561542387376,enter,b884,sprint,,mobile
1561542402695,respond,q884,sprint,a,mobile
1561542405942,submit,b884,sprint,,mobile
1561542429069,enter,b556,sprint,,mobile
1561542447390,respond,q556,sprint,c,mobile
1561542450820,submit,b556,sprint,,mobile
1561542471976,enter,b1357,sprint,,mobile
1561542490085,respond,q1357,sprint,a,mobile
1561542494214,submit,b1357,sprint,,mobile
1561542521391,enter,b271,sprint,,mobile
1561542536548,respond,q271,sprint,c,mobile
1561542539890,submit,b271,sprint,,mobile
1561542616429,enter,b1065,sprint,,mobile
1561542625438,respond,q1065,sprint,a,mobile
1561542631720,respond,q1065,sprint,c,mobile
1561542634912,submit,b1065,sprint,,mobile
1561542649193,enter,b515,sprint,,mobile
1561542672446,respond,q515,sprint,c,mobile
1561542675302,submit,b515,sprint,,mobile
1561542720888,enter,b476,sprint,,mobile
1561542744421,respond,q476,sprint,a,mobile
1561542747332,submit,b476,sprint,,mobile
1561542767349,enter,b1164,sprint,,mobile
1561542782967,respond,q1164,sprint,a,mobile
1561542786259,submit,b1164,sprint,,mobile
1561542821930,enter,b1338,sprint,,mobile
1561542839612,respond,q1338,sprint,a,mobile
1561542842203,submit,b1338,sprint,,mobile
1561542875195,enter,b1259,sprint,,mobile
1561542895720,respond,q1259,sprint,b,mobile
1561542898058,submit,b1259,sprint,,mobile
1561542928533,enter,b717,sprint,,mobile
1561542949303,respond,q717,sprint,a,mobile
1561542951945,submit,b717,sprint,,mobile
1561542977681,enter,b942,sprint,,mobile
1561542998106,respond,q942,sprint,c,mobile
1561543000581,submit,b942,sprint,,mobile
1561543045179,enter,b378,sprint,,mobile
1561543065210,respond,q378,sprint,c,mobile
1561543068168,submit,b378,sprint,,mobile
1561543097192,enter,b426,sprint,,mobile
1561543116118,respond,q426,sprint,b,mobile
1561543118847,submit,b426,sprint,,mobile
1561543162219,enter,b873,sprint,,mobile
1561543183089,respond,q873,sprint,c,mobile
1561543187084,submit,b873,sprint,,mobile
1561543203510,enter,b646,adaptive_offer,,mobile
1561543220513,respond,q646,adaptive_offer,a,mobile
1561543224323,submit,b646,adaptive_offer,,mobile
1561543230584,enter,b1338,adaptive_offer,,mobile
1561543242986,respond,q1338,adaptive_offer,b,mobile
1561543249402,submit,b1338,adaptive_offer,,mobile
1561543253670,enter,b1186,adaptive_offer,,mobile
1561543268433,respond,q1186,adaptive_offer,b,mobile
1561543271327,submit,b1186,adaptive_offer,,mobile
1561543283549,enter,b873,adaptive_offer,,mobile
1561543302336,respond,q873,adaptive_offer,a,mobile
1561543305114,submit,b873,adaptive_offer,,mobile
1561543328133,enter,b320,adaptive_offer,,mobile
1561543338960,respond,q320,adaptive_offer,a,mobile
1561543349149,submit,b320,adaptive_offer,,mobile
1561543373414,enter,b276,sprint,,mobile
1561543389451,respond,q276,sprint,b,mobile
1561543392460,submit,b276,sprint,,mobile
1561543408889,enter,b826,sprint,,mobile
1561543414833,submit,b826,sprint,,mobile
1561543443839,enter,b1659,sprint,,mobile
1561543541826,respond,q2175,sprint,d,mobile
1561543546585,submit,b1659,sprint,,mobile
1561543594978,enter,b1589,sprint,,mobile
1561543669015,respond,q1965,sprint,a,mobile
1561543672228,submit,b1589,sprint,,mobile
1561543752253,enter,b1411,sprint,,mobile
1561543802594,respond,q1431,sprint,d,mobile
1561543807283,submit,b1411,sprint,,mobile
1561543859250,enter,b1676,sprint,,mobile
1561543926377,respond,q2226,sprint,b,mobile
1561543930894,submit,b1676,sprint,,mobile
1561543980509,enter,b1493,sprint,,mobile
1561544052838,respond,q1677,sprint,b,mobile
1561544057596,submit,b1493,sprint,,mobile
1561544099734,enter,b1776,sprint,,mobile
1561544181411,respond,q2526,sprint,a,mobile
1561544187402,submit,b1776,sprint,,mobile
1561544264388,enter,b1746,sprint,,mobile
1561544330319,respond,q2436,sprint,d,mobile
1561544334856,submit,b1746,sprint,,mobile
1561544389553,enter,b1474,sprint,,mobile
1561544457268,respond,q1620,sprint,b,mobile
1561544469214,submit,b1474,sprint,,mobile
1561544538345,enter,b1727,adaptive_offer,,mobile
1561544590061,respond,q2379,adaptive_offer,d,mobile
1561544595526,respond,q2379,adaptive_offer,c,mobile
1561544599220,submit,b1727,adaptive_offer,,mobile
1561544683066,enter,b1667,sprint,,mobile
1561544760968,respond,q2199,sprint,b,mobile
1561544764936,submit,b1667,sprint,,mobile
1561544827249,enter,b1660,sprint,,mobile
1561544915905,respond,q2178,sprint,b,mobile
1561544919575,submit,b1660,sprint,,mobile
1561545008431,enter,b2082,sprint,,mobile
1561545080908,respond,q3444,sprint,d,mobile
1561545085356,submit,b2082,sprint,,mobile
1561545164651,enter,b7931,sprint,,mobile
1561545249355,respond,q10676,sprint,c,mobile
1561545254163,submit,b7931,sprint,,mobile
1561545395252,enter,b2119,sprint,,mobile
1561545447107,respond,q3555,sprint,b,mobile
1561545453471,respond,q3555,sprint,b,mobile
1561545457876,submit,b2119,sprint,,mobile
1561545492473,enter,b1973,sprint,,mobile
1561545562305,respond,q3117,sprint,a,mobile
1561545566047,submit,b1973,sprint,,mobile
1561545752868,enter,b1971,sprint,,mobile
1561545838610,respond,q3111,sprint,a,mobile
1561545843224,submit,b1971,sprint,,mobile
1561704485307,enter,b8168,sprint,,mobile
1561704507817,respond,q11115,sprint,a,mobile
1561704510878,submit,b8168,sprint,,mobile
1561704553353,enter,b8079,sprint,,mobile
1561704578482,respond,q11026,sprint,c,mobile
1561704581940,submit,b8079,sprint,,mobile
1561704623494,enter,b8296,sprint,,mobile
1561704638163,respond,q11243,sprint,b,mobile
1561704649862,respond,q11243,sprint,d,mobile
1561704653188,submit,b8296,sprint,,mobile
1561704663771,enter,b8169,sprint,,mobile
1561704683168,respond,q11116,sprint,d,mobile
1561704686050,submit,b8169,sprint,,mobile
1561704700569,enter,b8148,sprint,,mobile
1561704714559,respond,q11095,sprint,b,mobile
1561704725638,submit,b8148,sprint,,mobile
1561704743801,enter,b8020,sprint,,mobile
1561704757567,respond,q10967,sprint,b,mobile
1561704768599,submit,b8020,sprint,,mobile
1561704784025,enter,b8152,sprint,,mobile
1561704804713,respond,q11099,sprint,d,mobile
1561704808331,submit,b8152,sprint,,mobile
1561704847204,enter,b8006,sprint,,mobile
1561704864133,respond,q10953,sprint,c,mobile
1561704871078,submit,b8006,sprint,,mobile
1561704881815,enter,b8195,sprint,,mobile
1561704898625,respond,q11142,sprint,c,mobile
1561704904811,submit,b8195,sprint,,mobile
1561704913583,enter,b8023,sprint,,mobile
1561704938095,respond,q10970,sprint,d,mobile
1561704941236,submit,b8023,sprint,,mobile
1561704984709,enter,b720,sprint,,mobile
1561704997129,respond,q720,sprint,a,mobile
1561705006979,submit,b720,sprint,,mobile
1561705031005,enter,b1176,sprint,,mobile
1561705093097,respond,q1176,sprint,a,mobile
1561705095951,submit,b1176,sprint,,mobile
1561705825980,enter,b1176,sprint,,mobile
1561705878189,submit,b1176,sprint,,mobile
1561705878264,enter,b620,sprint,,mobile
1561705892857,respond,q620,sprint,b,mobile
1561705897150,submit,b620,sprint,,mobile
1561705986669,enter,b826,sprint,,mobile
1561706001330,respond,q826,sprint,b,mobile
1561706004260,submit,b826,sprint,,mobile
1561706048150,enter,b1342,sprint,,mobile
1561706067057,respond,q1342,sprint,a,mobile
1561706071130,submit,b1342,sprint,,mobile
1561706103648,enter,b816,sprint,,mobile
1561706120569,respond,q816,sprint,b,mobile
1561706123568,submit,b816,sprint,,mobile
1561706157215,enter,b1083,sprint,,mobile
1561706174961,respond,q1083,sprint,b,mobile
1561706179977,submit,b1083,sprint,,mobile
1561706195926,enter,b695,sprint,,mobile
1561706205322,respond,q695,sprint,a,mobile
1561706216427,submit,b695,sprint,,mobile
1561706241799,enter,b1124,sprint,,mobile
1561706257637,respond,q1124,sprint,b,mobile
1561706262318,submit,b1124,sprint,,mobile
1561706294549,enter,b1061,sprint,,mobile
1561706310638,respond,q1061,sprint,c,mobile
1561706313716,submit,b1061,sprint,,mobile
1561706519307,enter,b1367,sprint,,mobile
1561706535604,respond,q1367,sprint,b,mobile
1561706539738,submit,b1367,sprint,,mobile
1561706672686,enter,b1219,sprint,,mobile
1561706689663,respond,q1219,sprint,c,mobile
1561706693413,submit,b1219,sprint,,mobile
1561706720325,enter,b1099,sprint,,mobile
1561706737685,respond,q1099,sprint,a,mobile
1561706743113,submit,b1099,sprint,,mobile
1561706765002,enter,b1358,sprint,,mobile
1561706781500,respond,q1358,sprint,b,mobile
1561706784619,submit,b1358,sprint,,mobile
1561706830182,enter,b566,sprint,,mobile
1561706842436,respond,q566,sprint,b,mobile
1561706845745,respond,q566,sprint,c,mobile
1561706848190,respond,q566,sprint,b,mobile
1561706850618,submit,b566,sprint,,mobile
1561707090697,enter,b1392,sprint,,mobile
1561707108264,respond,q1392,sprint,c,mobile
1561707110893,submit,b1392,sprint,,mobile
1561707189302,enter,b392,sprint,,mobile
1561707206950,respond,q392,sprint,b,mobile
1561707210428,submit,b392,sprint,,mobile
1561707244720,enter,b1354,sprint,,mobile
1561707258864,respond,q1354,sprint,b,mobile
1561707264764,submit,b1354,sprint,,mobile
1561707276953,enter,b753,sprint,,mobile
1561707294807,respond,q753,sprint,a,mobile
1561707297991,submit,b753,sprint,,mobile
1561707324675,enter,b1192,sprint,,mobile
1561707343876,respond,q1192,sprint,c,mobile
1561707346935,submit,b1192,sprint,,mobile
1561707896463,enter,b1724,sprint,,mobile
1561707967421,respond,q2370,sprint,a,mobile
1561707976648,submit,b1724,sprint,,mobile
1561708086358,enter,b1494,sprint,,mobile
1561708149980,respond,q1680,sprint,d,mobile
1561708153449,submit,b1494,sprint,,mobile
1561708192902,enter,b1556,sprint,,mobile
1561708275280,respond,q1866,sprint,c,mobile
1561708284018,submit,b1556,sprint,,mobile
1561708372989,enter,b1773,sprint,,mobile
1561708436731,respond,q2517,sprint,b,mobile
1561708441930,submit,b1773,sprint,,mobile
1561708496247,enter,b1581,sprint,,mobile
1561708542370,respond,q1941,sprint,c,mobile
1561708545950,submit,b1581,sprint,,mobile
1561708596288,enter,b1718,sprint,,mobile
1561708665373,respond,q2352,sprint,a,mobile
1561708669869,submit,b1718,sprint,,mobile
1561708764976,enter,b1598,sprint,,mobile
1561708861513,respond,q1992,sprint,a,mobile
1561708867695,submit,b1598,sprint,,mobile
1561708962620,enter,b1451,sprint,,mobile
1561709042226,respond,q1551,sprint,b,mobile
1561709053133,submit,b1451,sprint,,mobile
1561709213151,enter,b1712,sprint,,mobile
1561709285641,respond,q2334,sprint,c,mobile
1561709290827,submit,b1712,sprint,,mobile
1561710582771,enter,b1552,sprint,,mobile
1561710641448,respond,q1854,sprint,d,mobile
1561710646496,submit,b1552,sprint,,mobile
1561710707062,enter,b7932,sprint,,mobile
1561710768092,respond,q10679,sprint,a,mobile
1561710775505,submit,b7932,sprint,,mobile
1561710914944,enter,b2116,sprint,,mobile
1561710976867,respond,q3546,sprint,b,mobile
1561710984713,submit,b2116,sprint,,mobile
1561711242522,enter,b1895,sprint,,mobile
1561711315998,respond,q2883,sprint,d,mobile
1561711330944,submit,b1895,sprint,,mobile
1561711416093,enter,b1809,sprint,,mobile
1561711488978,respond,q2625,sprint,d,mobile
1561711494377,submit,b1809,sprint,,mobile
1561711610048,enter,b1848,sprint,,mobile
1561711673257,respond,q2742,sprint,c,mobile
1561711676755,submit,b1848,sprint,,mobile
1561711782266,enter,b2026,sprint,,mobile
1561711879789,respond,q3276,sprint,b,mobile
1561711885043,submit,b2026,sprint,,mobile
1561712008469,enter,b1828,sprint,,mobile
1561712071486,respond,q2682,sprint,d,mobile
1561712075181,submit,b1828,sprint,,mobile
1561712215651,enter,b2062,sprint,,mobile
1561712282149,respond,q3384,sprint,b,mobile
1561712284904,respond,q3384,sprint,b,mobile
1561712290115,submit,b2062,sprint,,mobile
1561712518636,enter,b2130,sprint,,mobile
1561712583388,respond,q3588,sprint,b,mobile
1561712586880,submit,b2130,sprint,,mobile
1561712642341,enter,b1972,sprint,,mobile
1561712703664,respond,q3114,sprint,b,mobile
1561712707903,submit,b1972,sprint,,mobile
1561713305887,enter,b4859,adaptive_offer,,mobile
1561713326681,respond,q6327,adaptive_offer,c,mobile
1561713329982,submit,b4859,adaptive_offer,,mobile
1561713400703,enter,b2828,adaptive_offer,,mobile
1561713440282,respond,q4296,adaptive_offer,d,mobile
1561713443136,submit,b2828,adaptive_offer,,mobile
1561713513921,enter,b3782,adaptive_offer,,mobile
1561713539561,respond,q5250,adaptive_offer,a,mobile
1561713542248,submit,b3782,adaptive_offer,,mobile
1561713552107,enter,b6945,adaptive_offer,,mobile
1561713574299,respond,q9594,adaptive_offer,b,mobile
1561713577482,submit,b6945,adaptive_offer,,mobile
1561713915419,enter,b2220,adaptive_offer,,mobile
1561713925315,respond,q3688,adaptive_offer,d,mobile
1561713928608,submit,b2220,adaptive_offer,,mobile
1561713937368,enter,b2804,adaptive_offer,,mobile
1561713952982,respond,q4272,adaptive_offer,c,mobile
1561713960814,submit,b2804,adaptive_offer,,mobile
1561714715670,enter,b3883,adaptive_offer,,mobile
1561714751367,respond,q5351,adaptive_offer,c,mobile
1561714751758,respond,q5351,adaptive_offer,b,mobile
1561714755293,submit,b3883,adaptive_offer,,mobile
1561714762858,enter,b3882,adaptive_offer,,mobile
1561714795876,respond,q5350,adaptive_offer,a,mobile
1561714799527,submit,b3882,adaptive_offer,,mobile
1561714827414,enter,b3929,sprint,,mobile
1561714896548,respond,q5397,sprint,b,mobile
1561714899981,submit,b3929,sprint,,mobile
1561715006456,enter,b6722,sprint,,mobile
1561715026038,respond,q9371,sprint,b,mobile
1561715042127,submit,b6722,sprint,,mobile
1561715059894,enter,b4794,sprint,,mobile
1561715072914,respond,q6262,sprint,d,mobile
1561715076520,submit,b4794,sprint,,mobile
1561715092044,enter,b6007,sprint,,mobile
1561715120530,respond,q8656,sprint,d,mobile
1561715125162,submit,b6007,sprint,,mobile
1561715152353,enter,b5021,sprint,,mobile
1561715204453,respond,q6489,sprint,d,mobile
1561715208575,submit,b5021,sprint,,mobile
1561715257609,enter,b11435,sprint,,mobile
1561715266187,respond,q17198,sprint,b,mobile
1561715273019,submit,b11435,sprint,,mobile
1561715283822,enter,b3061,sprint,,mobile
1561715323772,respond,q4529,sprint,a,mobile
1561715331080,submit,b3061,sprint,,mobile
1561715342165,enter,b3778,adaptive_offer,,mobile
1561715367711,respond,q5246,adaptive_offer,c,mobile
1561715370613,submit,b3778,adaptive_offer,,mobile
1561715377022,enter,b3061,adaptive_offer,,mobile
1561715392087,respond,q4529,adaptive_offer,d,mobile
1561715395085,submit,b3061,adaptive_offer,,mobile
1561715451766,enter,b4726,adaptive_offer,,mobile
1561715476507,respond,q6194,adaptive_offer,a,mobile
1561715483766,submit,b4726,adaptive_offer,,mobile
1561716236463,enter,b6043,adaptive_offer,,mobile
1561716241738,respond,q8692,adaptive_offer,a,mobile
1561716244823,submit,b6043,adaptive_offer,,mobile
1561716252327,enter,b3060,adaptive_offer,,mobile
1561716277746,respond,q4528,adaptive_offer,c,mobile
1561716281773,submit,b3060,adaptive_offer,,mobile
1561716297491,enter,b3836,sprint,,mobile
1561716311891,respond,q5304,sprint,c,mobile
1561716318043,submit,b3836,sprint,,mobile
1561716345727,enter,b3847,sprint,,mobile
1561716367869,respond,q5315,sprint,a,mobile
1561716374279,submit,b3847,sprint,,mobile
1561716473619,enter,b6304,sprint,,mobile
1561716497759,respond,q8953,sprint,b,mobile
1561716501917,submit,b6304,sprint,,mobile
1561716812329,enter,b2370,sprint,,mobile
1561716837853,respond,q3838,sprint,c,mobile
1561716843538,submit,b2370,sprint,,mobile
1561717021686,enter,b5043,sprint,,mobile
1561717078716,respond,q6511,sprint,c,mobile
1561717081944,submit,b5043,sprint,,mobile
1561717118944,enter,b4975,sprint,,mobile
1561717180806,respond,q6443,sprint,d,mobile
1561717184061,submit,b4975,sprint,,mobile
1561717215414,enter,b7422,sprint,,mobile
1561717242339,respond,q10071,sprint,a,mobile
1561717245365,submit,b7422,sprint,,mobile
1561717505618,enter,b3070,sprint,,mobile
1561717570521,respond,q4538,sprint,b,mobile
1561717576627,submit,b3070,sprint,,mobile
1561717603319,enter,b3804,sprint,,mobile
1561717635664,respond,q5272,sprint,c,mobile
1561717639163,submit,b3804,sprint,,mobile
1561717651737,enter,b5040,sprint,,mobile
1561717660846,respond,q6508,sprint,a,mobile
1561717670738,submit,b5040,sprint,,mobile
1561717997205,enter,b3852,adaptive_offer,,mobile
1561718017359,respond,q5320,adaptive_offer,b,mobile
1561718020135,submit,b3852,adaptive_offer,,mobile
1561718029616,enter,b5035,adaptive_offer,,mobile
1561718063587,respond,q6503,adaptive_offer,b,mobile
1561718066566,submit,b5035,adaptive_offer,,mobile
1561718110712,enter,b6758,sprint,,mobile
1561718134886,respond,q9407,sprint,b,mobile
1561718141261,submit,b6758,sprint,,mobile
1561718176443,enter,b4271,sprint,,mobile
1561718188739,respond,q5739,sprint,b,mobile
1561718191848,submit,b4271,sprint,,mobile
1561718199894,enter,b5005,sprint,,mobile
1561718220913,respond,q6473,sprint,c,mobile
1561718225650,submit,b5005,sprint,,mobile
1561718235841,enter,b4647,sprint,,mobile
1561718267314,respond,q6115,sprint,b,mobile
1561718271816,submit,b4647,sprint,,mobile
1561718543131,enter,b4617,adaptive_offer,,mobile
1561718587110,respond,q6085,adaptive_offer,c,mobile
1561718589991,submit,b4617,adaptive_offer,,mobile
1561718596954,enter,b4647,adaptive_offer,,mobile
1561718603469,respond,q6115,adaptive_offer,c,mobile
1561718607391,submit,b4647,adaptive_offer,,mobile
1561718650060,enter,b6483,sprint,,mobile
1561718673779,respond,q9132,sprint,c,mobile
1561718677736,submit,b6483,sprint,,mobile
1561718686822,enter,b2500,sprint,,mobile
1561718728368,respond,q3968,sprint,b,mobile
1561718731676,submit,b2500,sprint,,mobile
1561718759218,enter,b4386,sprint,,mobile
1561718780850,respond,q5854,sprint,c,mobile
1561718785570,submit,b4386,sprint,,mobile
1561718792798,enter,b4614,sprint,,mobile
1561718830157,respond,q6082,sprint,b,mobile
1561718836351,submit,b4614,sprint,,mobile
1561718881360,enter,b11418,sprint,,mobile
1561718930760,respond,q17181,sprint,c,mobile
1561718935274,submit,b11418,sprint,,mobile
1561718955611,enter,b4888,sprint,,mobile
1561718981137,respond,q6356,sprint,a,mobile
1561718985043,submit,b4888,sprint,,mobile
1561719026896,enter,b6014,sprint,,mobile
1561719052828,respond,q8663,sprint,a,mobile
1561719057034,submit,b6014,sprint,,mobile
1561719064730,enter,b2207,sprint,,mobile
1561719087768,respond,q3675,sprint,c,mobile
1561719090624,submit,b2207,sprint,,mobile
1561719097530,enter,b11515,sprint,,mobile
1561719149805,respond,q17278,sprint,b,mobile
1561719152929,submit,b11515,sprint,,mobile
1561719190348,enter,b5210,sprint,,mobile
1561719288587,respond,q6936,sprint,a,mobile
1561719306025,submit,b5210,sprint,,mobile
1561719320795,enter,b7964,sprint,,mobile
1561719432432,respond,q10803,sprint,a,mobile
1561719441962,respond,q10803,sprint,b,mobile
1561719446921,submit,b7964,sprint,,mobile
1561720392523,enter,b5223,sprint,,mobile
1561720558076,respond,q6988,sprint,a,mobile
1561720573943,submit,b5223,sprint,,mobile
1561721357432,enter,b5223,adaptive_offer,,mobile
1561721401237,respond,q6988,adaptive_offer,a,mobile
1561721405778,submit,b5223,adaptive_offer,,mobile
1561721523377,enter,b5226,sprint,,mobile
1561721670436,respond,q7000,sprint,b,mobile
1561721677294,submit,b5226,sprint,,mobile
1561722018691,enter,b5226,adaptive_offer,,mobile
1561722022022,respond,q7000,adaptive_offer,b,mobile
1561722025681,submit,b5226,adaptive_offer,,mobile
1561722157283,enter,b5196,sprint,,mobile
1561722489137,respond,q6880,sprint,a,mobile
1561722494742,submit,b5196,sprint,,mobile
1561875638850,enter,b3949,review_quiz,,mobile
1561875670758,respond,q5417,review_quiz,c,mobile
1561875673891,submit,b3949,review_quiz,,mobile
1561875735523,enter,b7654,review_quiz,,mobile
1561875746710,respond,q10303,review_quiz,b,mobile
1561875749752,respond,q10303,review_quiz,a,mobile
1561875756553,submit,b7654,review_quiz,,mobile
1561875766968,enter,b2350,review_quiz,,mobile
1561875812650,respond,q3818,review_quiz,a,mobile
1561875817155,respond,q3818,review_quiz,d,mobile
1561875820241,submit,b2350,review_quiz,,mobile
1561875831958,enter,b3604,review_quiz,,mobile
1561875856282,respond,q5072,review_quiz,a,mobile
1561875861938,submit,b3604,review_quiz,,mobile
1561875871902,enter,b11405,review_quiz,,mobile
1561875891739,respond,q17168,review_quiz,d,mobile
1561875895192,submit,b11405,review_quiz,,mobile
1561875907122,enter,b6121,review_quiz,,mobile
1561875967311,respond,q8770,review_quiz,b,mobile
1561875973805,submit,b6121,review_quiz,,mobile
1561875986693,enter,b7214,review_quiz,,mobile
1561876030134,respond,q9863,review_quiz,a,mobile
1561876033014,submit,b7214,review_quiz,,mobile
1561876067709,enter,b4112,review_quiz,,mobile
1561876100798,respond,q5580,review_quiz,a,mobile
1561876104164,submit,b4112,review_quiz,,mobile
1561876128608,enter,b6799,review_quiz,,mobile
1561876157557,respond,q9448,review_quiz,d,mobile
1561876158090,respond,q9448,review_quiz,c,mobile
1561876161805,submit,b6799,review_quiz,,mobile
1561876169636,enter,b4859,review_quiz,,mobile
1561876193729,respond,q6327,review_quiz,b,mobile
1561876197952,submit,b4859,review_quiz,,mobile
1561876207899,enter,b6154,review_quiz,,mobile
1561876251322,respond,q8803,review_quiz,a,mobile
1561876251740,respond,q8803,review_quiz,b,mobile
1561876259230,submit,b6154,review_quiz,,mobile
1561876281067,enter,b3569,review_quiz,,mobile
1561876311822,respond,q5037,review_quiz,b,mobile
1561876325320,respond,q5037,review_quiz,d,mobile
1561876328349,submit,b3569,review_quiz,,mobile
1561876393731,enter,b4754,review_quiz,,mobile
1561876439605,respond,q6222,review_quiz,b,mobile
1561876443097,submit,b4754,review_quiz,,mobile
1561876453616,enter,b7430,review_quiz,,mobile
1561876467979,respond,q10079,review_quiz,c,mobile
1561876472811,submit,b7430,review_quiz,,mobile
1561876505187,enter,b5053,review_quiz,,mobile
1561876528047,respond,q6521,review_quiz,b,mobile
1561876534980,respond,q6521,review_quiz,a,mobile
1561876537931,submit,b5053,review_quiz,,mobile
1561876556868,enter,b4082,review_quiz,,mobile
1561876563986,respond,q5550,review_quiz,a,mobile
1561876568330,respond,q5550,review_quiz,b,mobile
1561876572024,submit,b4082,review_quiz,,mobile
1561876580504,enter,b11476,review_quiz,,mobile
1561876602118,respond,q17239,review_quiz,d,mobile
1561876605289,submit,b11476,review_quiz,,mobile
1561876614407,enter,b4257,review_quiz,,mobile
1561876662468,respond,q5725,review_quiz,a,mobile
1561876665735,submit,b4257,review_quiz,,mobile
1561876691887,enter,b6192,review_quiz,,mobile
1561876765116,respond,q8841,review_quiz,b,mobile
1561876769298,submit,b6192,review_quiz,,mobile
1561876843761,enter,b7100,review_quiz,,mobile
1561876869185,respond,q9749,review_quiz,b,mobile
1561876871900,submit,b7100,review_quiz,,mobile
1561876901106,enter,b4162,review_quiz,,mobile
1561876922837,respond,q5630,review_quiz,d,mobile
1561876925824,submit,b4162,review_quiz,,mobile
1561876936435,enter,b11579,review_quiz,,mobile
1561876954817,respond,q17342,review_quiz,a,mobile
1561876959399,submit,b11579,review_quiz,,mobile
1561876969932,enter,b2707,review_quiz,,mobile
1561876989033,respond,q4175,review_quiz,a,mobile
1561877000607,submit,b2707,review_quiz,,mobile
1561877013538,enter,b7179,review_quiz,,mobile
1561877038828,respond,q9828,review_quiz,a,mobile
1561877043879,submit,b7179,review_quiz,,mobile
1561877050514,enter,b3933,review_quiz,,mobile
1561877097642,respond,q5401,review_quiz,d,mobile
1561877102050,submit,b3933,review_quiz,,mobile
1561877132936,enter,b3762,review_quiz,,mobile
1561877150909,respond,q5230,review_quiz,a,mobile
1561877154066,respond,q5230,review_quiz,b,mobile
1561877157863,submit,b3762,review_quiz,,mobile
1561877173790,enter,b6904,review_quiz,,mobile
1561877195119,respond,q9553,review_quiz,b,mobile
1561877201165,submit,b6904,review_quiz,,mobile
1561877209841,enter,b2440,review_quiz,,mobile
1561877229240,respond,q3908,review_quiz,d,mobile
1561877234573,submit,b2440,review_quiz,,mobile
1561877246003,enter,b2442,review_quiz,,mobile
1561877282890,respond,q3910,review_quiz,a,mobile
1561877286474,submit,b2442,review_quiz,,mobile
1561877316020,enter,b3029,review_quiz,,mobile
1561877387649,respond,q4497,review_quiz,d,mobile
1561877390717,submit,b3029,review_quiz,,mobile
1561877428343,enter,b4459,review_quiz,,mobile
1561877441856,respond,q5927,review_quiz,d,mobile
1561877445393,submit,b4459,review_quiz,,mobile
1561877452249,enter,b4757,review_quiz,,mobile
1561877491349,respond,q6225,review_quiz,a,mobile
1561877496708,submit,b4757,review_quiz,,mobile
1561877510795,enter,b11338,review_quiz,,mobile
1561877553920,respond,q17101,review_quiz,b,mobile
1561877561535,submit,b11338,review_quiz,,mobile
1561877605827,enter,b4734,review_quiz,,mobile
1561877638314,respond,q6202,review_quiz,b,mobile
1561877642728,submit,b4734,review_quiz,,mobile
1561877652348,enter,b4218,review_quiz,,mobile
1561877673003,respond,q5686,review_quiz,d,mobile
1561877677740,submit,b4218,review_quiz,,mobile
1561877706239,enter,b2646,review_quiz,,mobile
1561877723104,respond,q4114,review_quiz,d,mobile
1561877730581,submit,b2646,review_quiz,,mobile
1562057560412,enter,b5299,sprint,,mobile
1562058020670,respond,q7251,sprint,b,mobile
1562058025925,submit,b5299,sprint,,mobile
1562058166912,enter,b5467,sprint,,mobile
1562058984662,respond,q7855,sprint,b,mobile
1562058990262,submit,b5467,sprint,,mobile
1562059159757,enter,b5040,review_quiz,,mobile
1562059180689,respond,q6508,review_quiz,d,mobile
1562059184812,submit,b5040,review_quiz,,mobile
1562059200885,enter,b3355,review_quiz,,mobile
1562059263941,respond,q4823,review_quiz,d,mobile
1562059268054,submit,b3355,review_quiz,,mobile
1562059281680,enter,b7207,review_quiz,,mobile
1562059353550,respond,q9856,review_quiz,b,mobile
1562059357045,submit,b7207,review_quiz,,mobile
1562059472462,enter,b3864,review_quiz,,mobile
1562059503622,respond,q5332,review_quiz,a,mobile
1562059506972,submit,b3864,review_quiz,,mobile
1562059540837,enter,b11351,review_quiz,,mobile
1562059582135,respond,q17114,review_quiz,a,mobile
1562059585140,submit,b11351,review_quiz,,mobile
1562059706182,enter,b11338,review_quiz,,mobile
1562059736774,respond,q17101,review_quiz,a,mobile
1562059739679,submit,b11338,review_quiz,,mobile
1562059773315,enter,b3075,review_quiz,,mobile
1562059808298,respond,q4543,review_quiz,d,mobile
1562059811168,submit,b3075,review_quiz,,mobile
1562059839106,enter,b2355,review_quiz,,mobile
1562059871630,respond,q3823,review_quiz,c,mobile
1562059874860,submit,b2355,review_quiz,,mobile
1562059892382,enter,b3015,review_quiz,,mobile
1562059923090,respond,q4483,review_quiz,c,mobile
1562059940850,respond,q4483,review_quiz,b,mobile
1562059944151,submit,b3015,review_quiz,,mobile
1562060029576,enter,b7086,review_quiz,,mobile
1562060052646,respond,q9735,review_quiz,b,mobile
1562060057455,submit,b7086,review_quiz,,mobile
1562060065955,enter,b4728,review_quiz,,mobile
1562060085930,respond,q6196,review_quiz,b,mobile
1562060089887,submit,b4728,review_quiz,,mobile
1562060118001,enter,b4854,review_quiz,,mobile
1562060138897,respond,q6322,review_quiz,a,mobile
1562060141810,submit,b4854,review_quiz,,mobile
1562060148320,enter,b6304,review_quiz,,mobile
1562060167627,respond,q8953,review_quiz,c,mobile
1562060181580,submit,b6304,review_quiz,,mobile
1562060264331,enter,b3049,review_quiz,,mobile
1562060304396,respond,q4517,review_quiz,d,mobile
1562060306751,submit,b3049,review_quiz,,mobile
1562060323330,enter,b6802,review_quiz,,mobile
1562060350178,respond,q9451,review_quiz,b,mobile
1562060355037,respond,q9451,review_quiz,c,mobile
1562060358688,submit,b6802,review_quiz,,mobile
1562060374933,enter,b3239,review_quiz,,mobile
1562060408924,respond,q4707,review_quiz,d,mobile
1562060412381,submit,b3239,review_quiz,,mobile
1562060473830,enter,b7328,review_quiz,,mobile
1562060502381,respond,q9977,review_quiz,d,mobile
1562060504963,submit,b7328,review_quiz,,mobile
1562060535831,enter,b3605,review_quiz,,mobile
1562060571515,respond,q5073,review_quiz,d,mobile
1562060574126,submit,b3605,review_quiz,,mobile
1562060633319,enter,b2354,review_quiz,,mobile
1562060702446,respond,q3822,review_quiz,b,mobile
1562060710539,submit,b2354,review_quiz,,mobile
1562060791698,enter,b4720,review_quiz,,mobile
1562060852032,respond,q6188,review_quiz,d,mobile
1562060856012,submit,b4720,review_quiz,,mobile
1562060879123,enter,b5738,review_quiz,,mobile
1562060938185,respond,q8387,review_quiz,a,mobile
1562060943995,respond,q8387,review_quiz,d,mobile
1562060944887,respond,q8387,review_quiz,a,mobile
1562060945570,respond,q8387,review_quiz,d,mobile
1562060949004,submit,b5738,review_quiz,,mobile
1562060977576,enter,b7214,review_quiz,,mobile
1562061013890,respond,q9863,review_quiz,c,mobile
1562061017261,submit,b7214,review_quiz,,mobile
1562061137621,enter,b3073,review_quiz,,mobile
1562061167260,respond,q4541,review_quiz,c,mobile
1562061170118,submit,b3073,review_quiz,,mobile
1562061214091,enter,b7022,review_quiz,,mobile
1562061254517,respond,q9671,review_quiz,a,mobile
1562061258081,submit,b7022,review_quiz,,mobile
1562061319874,enter,b2481,review_quiz,,mobile
1562061337733,respond,q3949,review_quiz,a,mobile
1562061342582,submit,b2481,review_quiz,,mobile
1562061359964,enter,b5945,review_quiz,,mobile
1562061391271,respond,q8594,review_quiz,c,mobile
1562061393925,submit,b5945,review_quiz,,mobile
1562061459763,enter,b11570,review_quiz,,mobile
1562061475298,respond,q17333,review_quiz,c,mobile
1562061478747,submit,b11570,review_quiz,,mobile
1562061502012,enter,b3563,review_quiz,,mobile
1562061549424,respond,q5031,review_quiz,b,mobile
1562061553766,submit,b3563,review_quiz,,mobile
1562061698230,enter,b11412,review_quiz,,mobile
1562061726512,respond,q17175,review_quiz,d,mobile
1562061729257,submit,b11412,review_quiz,,mobile
1562065438384,enter,b7536,review_quiz,,mobile
1562065486095,respond,q10185,review_quiz,a,mobile
1562065489569,submit,b7536,review_quiz,,mobile
1562067643762,enter,b6188,review_quiz,,mobile
1562067687553,respond,q8837,review_quiz,d,mobile
1562067690902,submit,b6188,review_quiz,,mobile
1562067762945,enter,b2663,review_quiz,,mobile
1562067785699,respond,q4131,review_quiz,c,mobile
1562067791288,submit,b2663,review_quiz,,mobile
1562067808340,enter,b3091,review_quiz,,mobile
1562067830812,respond,q4559,review_quiz,c,mobile
1562067833968,submit,b3091,review_quiz,,mobile
1562067869058,enter,b3415,review_quiz,,mobile
1562067883429,respond,q4883,review_quiz,c,mobile
1562067890356,respond,q4883,review_quiz,a,mobile
1562067912922,submit,b3415,review_quiz,,mobile
1562067940629,enter,b3609,review_quiz,,mobile
1562067985264,respond,q5077,review_quiz,a,mobile
1562067987696,submit,b3609,review_quiz,,mobile
1562068000835,enter,b4218,review_quiz,,mobile
1562068048156,respond,q5686,review_quiz,c,mobile
1562068060219,respond,q5686,review_quiz,d,mobile
1562068064075,submit,b4218,review_quiz,,mobile
1562068081826,enter,b4728,review_quiz,,mobile
1562068095688,respond,q6196,review_quiz,a,mobile
1562068098778,submit,b4728,review_quiz,,mobile
1562068120351,enter,b7305,review_quiz,,mobile
1562068155593,respond,q9954,review_quiz,d,mobile
1562068159606,submit,b7305,review_quiz,,mobile
1562068201564,enter,b5946,review_quiz,,mobile
1562068217222,respond,q8595,review_quiz,c,mobile
1562068220871,submit,b5946,review_quiz,,mobile
1562068254420,enter,b3086,review_quiz,,mobile
1562068270313,respond,q4554,review_quiz,c,mobile
1562068273374,submit,b3086,review_quiz,,mobile
1562203844689,enter,b8294,sprint,,mobile
1562203858199,respond,q11241,sprint,b,mobile
1562203869687,submit,b8294,sprint,,mobile
1562203892137,enter,b8010,sprint,,mobile
1562203916602,respond,q10957,sprint,d,mobile
1562203919645,submit,b8010,sprint,,mobile
1562203939549,enter,b8262,sprint,,mobile
1562203959393,respond,q11209,sprint,a,mobile
1562203965210,submit,b8262,sprint,,mobile
1562203973243,enter,b8172,sprint,,mobile
1562203994035,respond,q11119,sprint,a,mobile
1562203996930,submit,b8172,sprint,,mobile
1562204020974,enter,b8092,sprint,,mobile
1562204044112,respond,q11039,sprint,a,mobile
1562204047092,submit,b8092,sprint,,mobile
1562204075041,enter,b8071,sprint,,mobile
1562204097846,respond,q11018,sprint,c,mobile
1562204100326,submit,b8071,sprint,,mobile
1562204154383,enter,b8140,sprint,,mobile
1562204174104,respond,q11087,sprint,d,mobile
1562204177590,submit,b8140,sprint,,mobile
1562204193312,enter,b8200,sprint,,mobile
1562204214339,respond,q11147,sprint,d,mobile
1562204217220,submit,b8200,sprint,,mobile
1562204248472,enter,b8008,sprint,,mobile
1562204273030,submit,b8008,sprint,,mobile
1562204286039,enter,b8052,sprint,,mobile
1562204309263,submit,b8052,sprint,,mobile
1562204351819,enter,b475,sprint,,mobile
1562204370924,respond,q475,sprint,c,mobile
1562204374301,submit,b475,sprint,,mobile
1562204404570,enter,b510,sprint,,mobile
1562204420666,respond,q510,sprint,b,mobile
1562204425505,submit,b510,sprint,,mobile
1562204452290,enter,b871,sprint,,mobile
1562204479413,respond,q871,sprint,a,mobile
1562204482441,submit,b871,sprint,,mobile
1562204501873,enter,b511,sprint,,mobile
1562204517827,respond,q511,sprint,a,mobile
1562204521354,submit,b511,sprint,,mobile
1562204546788,enter,b932,sprint,,mobile
1562204562062,respond,q932,sprint,b,mobile
1562204565490,submit,b932,sprint,,mobile
1562204592981,enter,b1120,sprint,,mobile
1562204609255,respond,q1120,sprint,b,mobile
1562204611987,submit,b1120,sprint,,mobile
1562204680638,enter,b267,sprint,,mobile
1562204698076,respond,q267,sprint,b,mobile
1562204701267,submit,b267,sprint,,mobile
1562208297673,enter,b1199,sprint,,mobile
1562208322284,respond,q1199,sprint,a,mobile
1562208326988,submit,b1199,sprint,,mobile
1562208358370,enter,b606,sprint,,mobile
1562208378591,submit,b606,sprint,,mobile
1562208411119,enter,b1274,sprint,,mobile
1562208430034,respond,q1274,sprint,b,mobile
1562208433283,submit,b1274,sprint,,mobile
1562208465477,enter,b1104,sprint,,mobile
1562208484226,respond,q1104,sprint,a,mobile
1562208487342,submit,b1104,sprint,,mobile
1562208506127,enter,b1281,sprint,,mobile
1562208537454,respond,q1281,sprint,a,mobile
1562208539577,respond,q1281,sprint,b,mobile
1562208542331,submit,b1281,sprint,,mobile
1562208564193,enter,b452,sprint,,mobile
1562208581905,respond,q452,sprint,c,mobile
1562208585137,submit,b452,sprint,,mobile
1562208611413,enter,b562,sprint,,mobile
1562208630235,respond,q562,sprint,c,mobile
1562208633474,submit,b562,sprint,,mobile
1562208686893,enter,b537,sprint,,mobile
1562208701944,respond,q537,sprint,c,mobile
1562208702486,respond,q537,sprint,b,mobile
1562208707197,submit,b537,sprint,,mobile
1562208752834,enter,b1087,sprint,,mobile
1562208769204,respond,q1087,sprint,a,mobile
1562208772325,submit,b1087,sprint,,mobile
1562208797378,enter,b744,sprint,,mobile
1562208813825,respond,q744,sprint,c,mobile
1562208817110,submit,b744,sprint,,mobile
1562208841493,enter,b1143,sprint,,mobile
1562208858201,respond,q1143,sprint,c,mobile
1562208861417,submit,b1143,sprint,,mobile
1562208866082,enter,b911,sprint,,mobile
1562208878411,respond,q911,sprint,b,mobile
1562208883324,submit,b911,sprint,,mobile
1562211485139,enter,b1700,sprint,,mobile
1562211543231,respond,q2298,sprint,c,mobile
1562211557784,submit,b1700,sprint,,mobile
1562211666783,enter,b1476,sprint,,mobile
1562211746063,respond,q1626,sprint,c,mobile
1562211753682,submit,b1476,sprint,,mobile
1562211856841,enter,b1668,sprint,,mobile
1562211919399,respond,q2202,sprint,d,mobile
1562211923356,submit,b1668,sprint,,mobile
1562211998119,enter,b1609,sprint,,mobile
1562212066025,respond,q2025,sprint,c,mobile
1562212090324,submit,b1609,sprint,,mobile
1562212176504,enter,b1582,sprint,,mobile
1562212260707,respond,q1944,sprint,a,mobile
1562212272867,submit,b1582,sprint,,mobile
1562212419175,enter,b1615,sprint,,mobile
1562212516781,respond,q2043,sprint,c,mobile
1562212518459,respond,q2043,sprint,c,mobile
1562212520393,respond,q2043,sprint,c,mobile
1562212524671,submit,b1615,sprint,,mobile
1562212665285,enter,b1653,sprint,,mobile
1562212764692,respond,q2157,sprint,c,mobile
1562212769171,submit,b1653,sprint,,mobile
1562212864341,enter,b1418,sprint,,mobile
1562212948853,respond,q1452,sprint,a,mobile
1562212953174,submit,b1418,sprint,,mobile
1562213012615,enter,b1607,sprint,,mobile
1562213108011,respond,q2019,sprint,d,mobile
1562213111986,submit,b1607,sprint,,mobile
1562213169403,enter,b1652,sprint,,mobile
1562213241826,respond,q2154,sprint,d,mobile
1562213247573,submit,b1652,sprint,,mobile
1562214593153,enter,b1994,sprint,,mobile
1562214667539,respond,q3180,sprint,c,mobile
1562214671865,submit,b1994,sprint,,mobile
1562214929046,enter,b1999,sprint,,mobile
1562215027944,respond,q3195,sprint,c,mobile
1562215028865,respond,q3195,sprint,c,mobile
1562215034657,submit,b1999,sprint,,mobile
1562215066427,enter,b2126,sprint,,mobile
1562215137597,respond,q3576,sprint,c,mobile
1562215142924,submit,b2126,sprint,,mobile
1562215155264,enter,b2055,sprint,,mobile
1562215231078,respond,q3363,sprint,a,mobile
1562215241422,submit,b2055,sprint,,mobile
1562235571779,enter,b1903,sprint,,mobile
1562235630376,respond,q2907,sprint,c,mobile
1562235636352,submit,b1903,sprint,,mobile
1562235721188,enter,b1929,sprint,,mobile
1562235783089,respond,q2985,sprint,d,mobile
1562235790375,submit,b1929,sprint,,mobile
1562235848074,enter,b7936,sprint,,mobile
1562235913606,respond,q10691,sprint,c,mobile
1562235918475,submit,b7936,sprint,,mobile
1562235985186,enter,b2019,sprint,,mobile
1562236050257,respond,q3255,sprint,b,mobile
1562236057430,submit,b2019,sprint,,mobile
1562236200761,enter,b2004,sprint,,mobile
1562236291750,respond,q3210,sprint,a,mobile
1562236298994,submit,b2004,sprint,,mobile
1562236467431,enter,b2095,sprint,,mobile
1562236538510,respond,q3483,sprint,a,mobile
1562236543104,submit,b2095,sprint,,mobile
1562236980796,enter,b1973,adaptive_offer,,mobile
1562237045691,respond,q3117,adaptive_offer,a,mobile
1562237049950,submit,b1973,adaptive_offer,,mobile
1562237143218,enter,b8322,sprint,,mobile
1562237198240,respond,q11272,sprint,a,mobile
1562237208301,submit,b8322,sprint,,mobile
1562237415936,enter,b2109,sprint,,mobile
1562237471027,respond,q3525,sprint,b,mobile
1562237479194,submit,b2109,sprint,,mobile
1562237954328,enter,b3711,sprint,,mobile
1562237973322,respond,q5179,sprint,b,mobile
1562237976290,submit,b3711,sprint,,mobile
1562237990342,enter,b3799,sprint,,mobile
1562238021841,respond,q5267,sprint,c,mobile
1562238024949,submit,b3799,sprint,,mobile
1562238056520,enter,b4686,sprint,,mobile
1562238089188,respond,q6154,sprint,a,mobile
1562238097662,submit,b4686,sprint,,mobile
1562238141215,enter,b6876,sprint,,mobile
1562238157418,respond,q9525,sprint,d,mobile
1562238162034,submit,b6876,sprint,,mobile
1562238174999,enter,b4605,sprint,,mobile
1562238188338,respond,q6073,sprint,b,mobile
1562238191537,submit,b4605,sprint,,mobile
1562238200291,enter,b4106,sprint,,mobile
1562238229628,respond,q5574,sprint,c,mobile
1562238233213,submit,b4106,sprint,,mobile
1562238244947,enter,b6017,sprint,,mobile
1562238291237,respond,q8666,sprint,b,mobile
1562238310830,respond,q8666,sprint,b,mobile
1562238313855,submit,b6017,sprint,,mobile
1562238334133,enter,b7246,sprint,,mobile
1562238352034,respond,q9895,sprint,c,mobile
1562238363361,submit,b7246,sprint,,mobile
1562238460412,enter,b3134,sprint,,mobile
1562238492967,respond,q4602,sprint,a,mobile
1562238496289,submit,b3134,sprint,,mobile
1562238534833,enter,b3775,sprint,,mobile
1562238553244,respond,q5243,sprint,a,mobile
1562238556807,submit,b3775,sprint,,mobile
1562238575191,enter,b4250,sprint,,mobile
1562238602763,respond,q5718,sprint,c,mobile
1562238606219,submit,b4250,sprint,,mobile
1562238626899,enter,b6735,sprint,,mobile
1562238644281,respond,q9384,sprint,b,mobile
1562238648213,submit,b6735,sprint,,mobile
1562238658946,enter,b3360,sprint,,mobile
1562238674041,respond,q4828,sprint,c,mobile
1562238697282,submit,b3360,sprint,,mobile
1562238715630,enter,b4276,sprint,,mobile
1562238747860,respond,q5744,sprint,c,mobile
1562238750418,submit,b4276,sprint,,mobile
1562238765464,enter,b2609,sprint,,mobile
1562238795484,respond,q4077,sprint,c,mobile
1562238814443,respond,q4077,sprint,d,mobile
1562238818020,submit,b2609,sprint,,mobile
1562238836621,enter,b6079,sprint,,mobile
1562238858938,respond,q8728,sprint,a,mobile
1562238862774,submit,b6079,sprint,,mobile
1562238940342,enter,b2842,sprint,,mobile
1562238962763,respond,q4310,sprint,a,mobile
1562238967743,submit,b2842,sprint,,mobile
1562238991853,enter,b4782,sprint,,mobile
1562239021279,respond,q6250,sprint,b,mobile
1562239024467,submit,b4782,sprint,,mobile
1562239032386,enter,b3246,sprint,,mobile
1562239061184,respond,q4714,sprint,a,mobile
1562239064300,submit,b3246,sprint,,mobile
1562239117045,enter,b6220,sprint,,mobile
1562239141526,respond,q8869,sprint,c,mobile
1562239141526,respond,q8869,sprint,c,mobile
1562239147138,submit,b6220,sprint,,mobile
1562239163680,enter,b3305,sprint,,mobile
1562239183001,respond,q4773,sprint,c,mobile
1562239183468,respond,q4773,sprint,d,mobile
1562239186465,submit,b3305,sprint,,mobile
1562239221737,enter,b3997,sprint,,mobile
1562239234447,respond,q5465,sprint,a,mobile
1562239237465,submit,b3997,sprint,,mobile
1562239260410,enter,b4905,sprint,,mobile
1562239285674,respond,q6373,sprint,a,mobile
1562239289802,submit,b4905,sprint,,mobile
1562239302026,enter,b7498,sprint,,mobile
1562239336044,respond,q10147,sprint,b,mobile
1562239339858,submit,b7498,sprint,,mobile
1562239375965,enter,b2706,sprint,,mobile
1562239398948,respond,q4174,sprint,a,mobile
1562239402573,respond,q4174,sprint,d,mobile
1562239406117,submit,b2706,sprint,,mobile
1562239416100,enter,b4565,sprint,,mobile
1562239431691,respond,q6033,sprint,b,mobile
1562239452706,submit,b4565,sprint,,mobile
1562239482042,enter,b4299,sprint,,mobile
1562239505325,respond,q5767,sprint,b,mobile
1562239511064,submit,b4299,sprint,,mobile
1562239521478,enter,b6842,sprint,,mobile
1562239539484,respond,q9491,sprint,b,mobile
1562239548758,submit,b6842,sprint,,mobile
1562239573903,enter,b4433,sprint,,mobile
1562239587663,respond,q5901,sprint,d,mobile
1562239591049,submit,b4433,sprint,,mobile
1562239604523,enter,b3365,sprint,,mobile
1562239639729,respond,q4833,sprint,d,mobile
1562239647676,submit,b3365,sprint,,mobile
1562239684826,enter,b5104,sprint,,mobile
1562239855959,respond,q6631,sprint,b,mobile
1562239863361,submit,b5104,sprint,,mobile
1562239940387,enter,b5107,sprint,,mobile
1562240134027,respond,q6644,sprint,b,mobile
1562240141397,submit,b5107,sprint,,mobile
1562240264654,enter,b5190,sprint,,mobile
1562240443479,respond,q6856,sprint,c,mobile
1562240450360,submit,b5190,sprint,,mobile
1562310717521,enter,b5109,adaptive_offer,,mobile
1562310879033,respond,q6652,adaptive_offer,b,mobile
1562310888893,submit,b5109,adaptive_offer,,mobile
1562310950775,enter,b8054,sprint,,mobile
1562310968067,respond,q11001,sprint,c,mobile
1562310975422,submit,b8054,sprint,,mobile
1562310991358,enter,b8271,sprint,,mobile
1562311010821,respond,q11218,sprint,a,mobile
1562311013365,submit,b8271,sprint,,mobile
1562311036800,enter,b8051,sprint,,mobile
1562311061670,respond,q10998,sprint,d,mobile
1562311064852,submit,b8051,sprint,,mobile
1562311080053,enter,b8158,sprint,,mobile
1562311106962,respond,q11105,sprint,c,mobile
1562311109152,submit,b8158,sprint,,mobile
1562311140280,enter,b8012,sprint,,mobile
1562311163294,submit,b8012,sprint,,mobile
1562311204958,enter,b8210,sprint,,mobile
1562311226892,respond,q11157,sprint,a,mobile
1562311229917,submit,b8210,sprint,,mobile
1562311247024,enter,b8219,sprint,,mobile
1562311269672,respond,q11166,sprint,d,mobile
1562311272793,submit,b8219,sprint,,mobile
1562311308531,enter,b8030,sprint,,mobile
1562311336780,submit,b8030,sprint,,mobile
1562311361196,enter,b8238,sprint,,mobile
1562311375137,respond,q11185,sprint,a,mobile
1562311376459,respond,q11185,sprint,a,mobile
1562311381369,respond,q11185,sprint,c,mobile
1562311388672,submit,b8238,sprint,,mobile
1562311403743,enter,b8193,sprint,,mobile
1562311423556,respond,q11140,sprint,c,mobile
1562311431105,submit,b8193,sprint,,mobile
1562311464175,enter,b126,review_quiz,,mobile
1562311482339,respond,q126,review_quiz,c,mobile
1562311488061,submit,b126,review_quiz,,mobile
1562311500939,enter,b64,review_quiz,,mobile
1562311536639,respond,q64,review_quiz,c,mobile
1562311539008,submit,b64,review_quiz,,mobile
1562311610992,enter,b8027,review_quiz,,mobile
1562311631079,respond,q10974,review_quiz,c,mobile
1562311633854,submit,b8027,review_quiz,,mobile
1562311641945,enter,b8007,review_quiz,,mobile
1562311663477,respond,q10954,review_quiz,b,mobile
1562311666072,submit,b8007,review_quiz,,mobile
1562311674923,enter,b61,review_quiz,,mobile
1562311696460,respond,q61,review_quiz,c,mobile
1562311700496,submit,b61,review_quiz,,mobile
1562311738783,enter,b5653,review_quiz,,mobile
1562311753649,respond,q8182,review_quiz,b,mobile
1562311763420,submit,b5653,review_quiz,,mobile
1562311768526,enter,b8161,review_quiz,,mobile
1562311791655,respond,q11108,review_quiz,d,mobile
1562311794025,submit,b8161,review_quiz,,mobile
1562311820393,enter,b40,review_quiz,,mobile
1562311848606,respond,q40,review_quiz,c,mobile
1562311851266,submit,b40,review_quiz,,mobile
1562311876011,enter,b8081,review_quiz,,mobile
1562311910623,respond,q11028,review_quiz,d,mobile
1562311913644,submit,b8081,review_quiz,,mobile
1562311952811,enter,b165,review_quiz,,mobile
1562311965870,respond,q165,review_quiz,b,mobile
1562311976280,submit,b165,review_quiz,,mobile
1562311982803,enter,b5568,review_quiz,,mobile
1562312010760,respond,q8097,review_quiz,a,mobile
1562312013645,submit,b5568,review_quiz,,mobile
1562312023765,enter,b194,review_quiz,,mobile
1562312045704,respond,q194,review_quiz,d,mobile
1562312048159,submit,b194,review_quiz,,mobile
1562312061941,enter,b5613,review_quiz,,mobile
1562312079758,respond,q8142,review_quiz,c,mobile
1562312085957,submit,b5613,review_quiz,,mobile
1562312093197,enter,b87,review_quiz,,mobile
1562312108642,respond,q87,review_quiz,b,mobile
1562312114792,respond,q87,review_quiz,b,mobile
1562312120015,submit,b87,review_quiz,,mobile
1562312140299,enter,b89,review_quiz,,mobile
1562312165483,respond,q89,review_quiz,d,mobile
1562312167969,submit,b89,review_quiz,,mobile
1562312205557,enter,b1230,sprint,,mobile
1562312221668,respond,q1230,sprint,b,mobile
1562312223391,respond,q1230,sprint,c,mobile
1562312226844,submit,b1230,sprint,,mobile
1562312240780,enter,b1113,sprint,,mobile
1562312266682,respond,q1113,sprint,a,mobile
1562312269512,submit,b1113,sprint,,mobile
1562312291413,enter,b559,sprint,,mobile
1562312312159,respond,q559,sprint,c,mobile
1562312314477,submit,b559,sprint,,mobile
1562312337642,enter,b1066,sprint,,mobile
1562312354176,respond,q1066,sprint,b,mobile
1562312357126,submit,b1066,sprint,,mobile
1562312368187,enter,b1029,sprint,,mobile
1562312386246,respond,q1029,sprint,b,mobile
1562312390711,submit,b1029,sprint,,mobile
1562312431178,enter,b332,sprint,,mobile
1562312448320,respond,q332,sprint,b,mobile
1562312450916,submit,b332,sprint,,mobile
1562312474005,enter,b1387,sprint,,mobile
1562312489875,respond,q1387,sprint,c,mobile
1562312492775,submit,b1387,sprint,,mobile
1562312721089,enter,b428,adaptive_offer,,mobile
1562312742179,respond,q428,adaptive_offer,c,mobile
1562312744792,submit,b428,adaptive_offer,,mobile
1562312789036,enter,b332,adaptive_offer,,mobile
1562312800075,respond,q332,adaptive_offer,a,mobile
1562312809716,submit,b332,adaptive_offer,,mobile
1562312827995,enter,b651,sprint,,mobile
1562312844983,respond,q651,sprint,a,mobile
1562312848524,submit,b651,sprint,,mobile
1562312871753,enter,b613,sprint,,mobile
1562312891876,respond,q613,sprint,b,mobile
1562312895784,submit,b613,sprint,,mobile
1562312942731,enter,b919,sprint,,mobile
1562312955576,respond,q919,sprint,a,mobile
1562312963052,submit,b919,sprint,,mobile
1562313004423,enter,b530,sprint,,mobile
1562313017494,respond,q530,sprint,a,mobile
1562313023446,submit,b530,sprint,,mobile
1562313047652,enter,b1372,sprint,,mobile
1562313067271,respond,q1372,sprint,b,mobile
1562313070026,submit,b1372,sprint,,mobile
1562313118921,enter,b687,sprint,,mobile
1562313137496,submit,b687,sprint,,mobile
1562313163332,enter,b1183,sprint,,mobile
1562313180382,respond,q1183,sprint,a,mobile
1562313180382,respond,q1183,sprint,a,mobile
1562313184156,submit,b1183,sprint,,mobile
1562313217941,enter,b593,sprint,,mobile
1562313237859,submit,b593,sprint,,mobile
1562313253579,enter,b253,sprint,,mobile
1562313274520,respond,q253,sprint,c,mobile
1562313277440,submit,b253,sprint,,mobile
1562313302380,enter,b976,sprint,,mobile
1562313312337,respond,q976,sprint,a,mobile
1562313320858,submit,b976,sprint,,mobile
1562313326902,enter,b1308,sprint,,mobile
1562313345836,respond,q1308,sprint,b,mobile
1562313349075,submit,b1308,sprint,,mobile
1562313372779,enter,b852,sprint,,mobile
1562313392437,respond,q852,sprint,b,mobile
1562313395975,submit,b852,sprint,,mobile
1562313430478,enter,b1376,sprint,,mobile
1562313453425,submit,b1376,sprint,,mobile
1562315771689,enter,b1781,sprint,,mobile
1562315843383,respond,q2541,sprint,c,mobile
1562315848373,submit,b1781,sprint,,mobile
1562315889182,enter,b1601,sprint,,mobile
1562315962988,respond,q2001,sprint,a,mobile
1562315966257,submit,b1601,sprint,,mobile
1562316194756,enter,b1503,sprint,,mobile
1562316259595,respond,q1707,sprint,c,mobile
1562316264953,submit,b1503,sprint,,mobile
1562316329101,enter,b1512,sprint,,mobile
1562316416755,respond,q1734,sprint,a,mobile
1562316420905,submit,b1512,sprint,,mobile
1562316741148,enter,b1424,sprint,,mobile
1562316821757,respond,q1470,sprint,a,mobile
1562316825596,submit,b1424,sprint,,mobile
1562316865410,enter,b1472,sprint,,mobile
1562316946854,respond,q1614,sprint,b,mobile
1562316956222,respond,q1614,sprint,b,mobile
1562316962722,submit,b1472,sprint,,mobile
1562317039665,enter,b1536,sprint,,mobile
1562317119805,respond,q1806,sprint,c,mobile
1562317120406,respond,q1806,sprint,c,mobile
1562317123080,respond,q1806,sprint,c,mobile
1562317129601,submit,b1536,sprint,,mobile
1562317226230,enter,b1622,sprint,,mobile
1562317416399,submit,b1622,sprint,,mobile
1562481889720,enter,b6491,review_quiz,,mobile
1562481929607,respond,q9140,review_quiz,c,mobile
1562481932526,submit,b6491,review_quiz,,mobile
1562481966177,enter,b7684,review_quiz,,mobile
1562481991199,respond,q10333,review_quiz,a,mobile
1562481995241,submit,b7684,review_quiz,,mobile
1562482019926,enter,b4270,review_quiz,,mobile
1562482097214,respond,q5738,review_quiz,d,mobile
1562482102307,submit,b4270,review_quiz,,mobile
1562482263682,enter,b7430,review_quiz,,mobile
1562482278488,respond,q10079,review_quiz,d,mobile
1562482286116,submit,b7430,review_quiz,,mobile
1562482297638,enter,b2882,review_quiz,,mobile
1562482314085,respond,q4350,review_quiz,a,mobile
1562482317044,submit,b2882,review_quiz,,mobile
1562482625724,enter,b3928,review_quiz,,mobile
1562482680217,respond,q5396,review_quiz,b,mobile
1562482686308,submit,b3928,review_quiz,,mobile
1562482705601,enter,b3128,review_quiz,,mobile
1562482867338,respond,q4596,review_quiz,d,mobile
1562482870322,submit,b3128,review_quiz,,mobile
1562483177058,enter,b2840,review_quiz,,mobile
1562483193020,respond,q4308,review_quiz,a,mobile
1562483195951,submit,b2840,review_quiz,,mobile
1562483228079,enter,b4887,review_quiz,,mobile
1562483264984,respond,q6355,review_quiz,a,mobile
1562483268264,submit,b4887,review_quiz,,mobile
1562483374284,enter,b6930,review_quiz,,mobile
1562483405236,respond,q9579,review_quiz,b,mobile
1562483409155,submit,b6930,review_quiz,,mobile
1562483420670,enter,b6150,review_quiz,,mobile
1562483479068,respond,q8799,review_quiz,a,mobile
1562483503983,respond,q8799,review_quiz,c,mobile
1562483507359,submit,b6150,review_quiz,,mobile
1562483529836,enter,b7473,review_quiz,,mobile
1562483576328,respond,q10122,review_quiz,c,mobile
1562483579453,submit,b7473,review_quiz,,mobile
1562483600296,enter,b11357,review_quiz,,mobile
1562483629081,respond,q17120,review_quiz,a,mobile
1562483631674,submit,b11357,review_quiz,,mobile
1562483652100,enter,b3139,review_quiz,,mobile
1562483682812,respond,q4607,review_quiz,d,mobile
1562483686150,submit,b3139,review_quiz,,mobile
1562483691527,enter,b2349,review_quiz,,mobile
1562483723919,respond,q3817,review_quiz,b,mobile
1562483731697,submit,b2349,review_quiz,,mobile
1562483768012,enter,b6049,review_quiz,,mobile
1562483809496,respond,q8698,review_quiz,c,mobile
1562483816715,submit,b6049,review_quiz,,mobile
1562645851575,enter,b4302,review_quiz,,mobile
1562645937572,respond,q5770,review_quiz,b,mobile
1562645942289,submit,b4302,review_quiz,,mobile
1562645965985,enter,b4646,review_quiz,,mobile
1562645992993,respond,q6114,review_quiz,d,mobile
1562645996354,submit,b4646,review_quiz,,mobile
1562646039609,enter,b5152,review_quiz,,mobile
1562646086925,respond,q6746,review_quiz,c,mobile
1562646092324,submit,b5152,review_quiz,,mobile
1562646125573,enter,b6488,review_quiz,,mobile
1562646153578,respond,q9137,review_quiz,a,mobile
1562646157435,submit,b6488,review_quiz,,mobile
1562646168272,enter,b2541,review_quiz,,mobile
1562646205007,respond,q4009,review_quiz,d,mobile
1562646209155,submit,b2541,review_quiz,,mobile
1562646218810,enter,b4227,review_quiz,,mobile
1562646241766,respond,q5695,review_quiz,b,mobile
1562646248097,respond,q5695,review_quiz,a,mobile
1562646252763,submit,b4227,review_quiz,,mobile
1562646260695,enter,b3439,review_quiz,,mobile
1562646283638,respond,q4907,review_quiz,c,mobile
1562646287784,submit,b3439,review_quiz,,mobile
1562646298630,enter,b3804,review_quiz,,mobile
1562646324069,respond,q5272,review_quiz,c,mobile
1562646328246,submit,b3804,review_quiz,,mobile
1562646336065,enter,b6842,review_quiz,,mobile
1562646351672,respond,q9491,review_quiz,d,mobile
1562646356509,submit,b6842,review_quiz,,mobile
1562646366799,enter,b3998,review_quiz,,mobile
1562646391424,respond,q5466,review_quiz,b,mobile
1562646391792,respond,q5466,review_quiz,a,mobile
1562646403815,submit,b3998,review_quiz,,mobile
1562646476047,enter,b3084,review_quiz,,mobile
1562646516151,respond,q4552,review_quiz,d,mobile
1562646519524,submit,b3084,review_quiz,,mobile
1562646549073,enter,b3780,review_quiz,,mobile
1562646568031,respond,q5248,review_quiz,a,mobile
1562646585600,submit,b3780,review_quiz,,mobile
1562646614915,enter,b7188,review_quiz,,mobile
1562646642685,respond,q9837,review_quiz,c,mobile
1562646645583,submit,b7188,review_quiz,,mobile
1562646936451,enter,b3563,review_quiz,,mobile
1562646947844,respond,q5031,review_quiz,d,mobile
1562646950842,submit,b3563,review_quiz,,mobile
1562651876562,enter,b8108,sprint,,mobile
1562651897555,respond,q11055,sprint,d,mobile
1562651900636,submit,b8108,sprint,,mobile
1562651908049,enter,b8053,sprint,,mobile
1562651921006,respond,q11000,sprint,b,mobile
1562651931246,submit,b8053,sprint,,mobile
1562651956893,enter,b8061,sprint,,mobile
1562651977223,submit,b8061,sprint,,mobile
1562651983099,enter,b8133,sprint,,mobile
1562651992968,respond,q11080,sprint,a,mobile
1562651996393,respond,q11080,sprint,a,mobile
1562652001721,respond,q11080,sprint,a,mobile
1562652006510,submit,b8133,sprint,,mobile
1562652015976,enter,b8272,sprint,,mobile
1562652039780,submit,b8272,sprint,,mobile
1562652046693,enter,b8170,sprint,,mobile
1562652056096,respond,q11117,sprint,a,mobile
1562652073388,submit,b8170,sprint,,mobile
1562652091761,enter,b8047,sprint,,mobile
1562652112487,respond,q10994,sprint,a,mobile
1562652115575,submit,b8047,sprint,,mobile
1562652169272,enter,b8024,sprint,,mobile
1562652182677,respond,q10971,sprint,b,mobile
1562652192581,submit,b8024,sprint,,mobile
1562652199151,enter,b8145,sprint,,mobile
1562652215313,respond,q11092,sprint,c,mobile
1562652220839,submit,b8145,sprint,,mobile
1562652226109,enter,b8269,sprint,,mobile
1562652238811,respond,q11216,sprint,b,mobile
1562652250012,submit,b8269,sprint,,mobile
1562652276270,enter,b929,sprint,,mobile
1562652293167,respond,q929,sprint,b,mobile
1562652296407,submit,b929,sprint,,mobile
1562652329348,enter,b1398,sprint,,mobile
1562652349348,submit,b1398,sprint,,mobile
1562652361598,enter,b1082,sprint,,mobile
1562652383570,respond,q1082,sprint,a,mobile
1562652386823,submit,b1082,sprint,,mobile
1562652473862,enter,b409,sprint,,mobile
1562652483540,respond,q409,sprint,a,mobile
1562652493223,submit,b409,sprint,,mobile
1562652508844,enter,b1046,sprint,,mobile
1562652525349,respond,q1046,sprint,b,mobile
1562652528543,submit,b1046,sprint,,mobile
1562652549392,enter,b1122,sprint,,mobile
1562652565679,respond,q1122,sprint,b,mobile
1562652568788,submit,b1122,sprint,,mobile
1562652585849,enter,b440,sprint,,mobile
1562652605161,respond,q440,sprint,b,mobile
1562652608229,submit,b440,sprint,,mobile
1562652645695,enter,b991,sprint,,mobile
1562652667482,respond,q991,sprint,b,mobile
1562652670275,submit,b991,sprint,,mobile
1562652712423,enter,b649,sprint,,mobile
1562652725484,respond,q649,sprint,b,mobile
1562652732433,submit,b649,sprint,,mobile
1562652769893,enter,b1002,sprint,,mobile
1562652788838,respond,q1002,sprint,a,mobile
1562652792651,submit,b1002,sprint,,mobile
1562652829778,enter,b1332,sprint,,mobile
1562652845732,respond,q1332,sprint,b,mobile
1562652848958,submit,b1332,sprint,,mobile
1562652885985,enter,b277,sprint,,mobile
1562652901725,respond,q277,sprint,c,mobile
1562652904977,submit,b277,sprint,,mobile
1562652952337,enter,b768,sprint,,mobile
1562652968389,respond,q768,sprint,c,mobile
1562652971537,submit,b768,sprint,,mobile
1562652993134,enter,b718,sprint,,mobile
1562653002391,respond,q718,sprint,a,mobile
1562653010896,respond,q718,sprint,c,mobile
1562653014031,submit,b718,sprint,,mobile
1562653023520,enter,b565,sprint,,mobile
1562653040369,respond,q565,sprint,b,mobile
1562653043947,submit,b565,sprint,,mobile
1562653062939,enter,b1109,sprint,,mobile
1562653078499,respond,q1109,sprint,a,mobile
1562653082133,submit,b1109,sprint,,mobile
1562653101940,enter,b547,sprint,,mobile
1562653114822,respond,q547,sprint,a,mobile
1562653121150,submit,b547,sprint,,mobile
1562653145674,enter,b618,sprint,,mobile
1562653163883,respond,q618,sprint,b,mobile
1562653167028,submit,b618,sprint,,mobile
1562653195139,enter,b1108,sprint,,mobile
1562653205032,respond,q1108,sprint,a,mobile
1562653215453,submit,b1108,sprint,,mobile
1562653226645,enter,b1246,sprint,,mobile
1562653244196,respond,q1246,sprint,a,mobile
1562653247617,submit,b1246,sprint,,mobile
1562653662115,enter,b1488,sprint,,mobile
1562653721071,respond,q1662,sprint,d,mobile
1562653725539,submit,b1488,sprint,,mobile
1562653808130,enter,b1693,sprint,,mobile
1562653861924,respond,q2277,sprint,b,mobile
1562653866060,submit,b1693,sprint,,mobile
1562653902077,enter,b1739,sprint,,mobile
1562653957589,respond,q2415,sprint,a,mobile
1562653970105,submit,b1739,sprint,,mobile
1562654013101,enter,b1432,sprint,,mobile
1562654087212,respond,q1494,sprint,a,mobile
1562654091152,submit,b1432,sprint,,mobile
1562654165932,enter,b1777,sprint,,mobile
1562654231945,respond,q2529,sprint,a,mobile
1562654237637,submit,b1777,sprint,,mobile
1562654296390,enter,b1695,sprint,,mobile
1562654361710,respond,q2283,sprint,d,mobile
1562654367753,respond,q2283,sprint,d,mobile
1562654372721,submit,b1695,sprint,,mobile
1562654512805,enter,b1473,sprint,,mobile
1562654590085,respond,q1617,sprint,a,mobile
1562654594209,respond,q1617,sprint,a,mobile
1562654598107,submit,b1473,sprint,,mobile
1562654691556,enter,b1595,sprint,,mobile
1562654750683,respond,q1983,sprint,a,mobile
1562654760103,submit,b1595,sprint,,mobile
1562654851244,enter,b1709,sprint,,mobile
1562654918672,respond,q2325,sprint,c,mobile
1562654923323,submit,b1709,sprint,,mobile
1562654965218,enter,b1520,sprint,,mobile
1562655051547,respond,q1758,sprint,b,mobile
1562655052376,respond,q1758,sprint,b,mobile
1562655059637,submit,b1520,sprint,,mobile
1562655198806,enter,b1432,adaptive_offer,,mobile
1562655237191,respond,q1494,adaptive_offer,a,mobile
1562655241086,submit,b1432,adaptive_offer,,mobile
1562655373726,enter,b2003,sprint,,mobile
1562655455113,respond,q3207,sprint,d,mobile
1562655460125,submit,b2003,sprint,,mobile
1562655529792,enter,b2040,sprint,,mobile
1562655605237,respond,q3318,sprint,b,mobile
1562655610960,submit,b2040,sprint,,mobile
1562656029288,enter,b2040,adaptive_offer,,mobile
1562656075117,respond,q3318,adaptive_offer,a,mobile
1562656079123,submit,b2040,adaptive_offer,,mobile
1562656210713,enter,b8332,sprint,,mobile
1562656283961,respond,q11302,sprint,c,mobile
1562656289468,submit,b8332,sprint,,mobile
1562656524052,enter,b1886,sprint,,mobile
1562656598460,respond,q2856,sprint,a,mobile
1562656606899,submit,b1886,sprint,,mobile
1562656665346,enter,b2093,sprint,,mobile
1562656731819,respond,q3477,sprint,d,mobile
1562656736366,submit,b2093,sprint,,mobile
1562656781625,enter,b2102,sprint,,mobile
1562656843649,respond,q3504,sprint,b,mobile
1562656848072,submit,b2102,sprint,,mobile
1562656899640,enter,b2080,sprint,,mobile
1562656975614,respond,q3438,sprint,d,mobile
1562656976493,respond,q3438,sprint,d,mobile
1562656977061,respond,q3438,sprint,d,mobile
1562656982645,submit,b2080,sprint,,mobile
1562657137812,enter,b1910,sprint,,mobile
1562657182812,respond,q2928,sprint,d,mobile
1562657187546,submit,b1910,sprint,,mobile
1562657235654,enter,b2007,sprint,,mobile
1562657289252,respond,q3219,sprint,b,mobile
1562657295245,submit,b2007,sprint,,mobile
1562657312949,enter,b2045,sprint,,mobile
1562657367059,respond,q3333,sprint,c,mobile
1562657367576,respond,q3333,sprint,c,mobile
1562657372881,submit,b2045,sprint,,mobile
1562657504591,enter,b2222,sprint,,mobile
1562657522344,respond,q3690,sprint,a,mobile
1562657533516,submit,b2222,sprint,,mobile
1562657541444,enter,b6055,sprint,,mobile
1562657550885,respond,q8704,sprint,b,mobile
1562657555427,submit,b6055,sprint,,mobile
1562657561124,enter,b4884,sprint,,mobile
1562657586354,respond,q6352,sprint,a,mobile
1562657594716,submit,b4884,sprint,,mobile
1562657635770,enter,b3017,sprint,,mobile
1562657660238,respond,q4485,sprint,d,mobile
1562657666299,submit,b3017,sprint,,mobile
1562657691463,enter,b3865,sprint,,mobile
1562657740577,respond,q5333,sprint,d,mobile
1562657744484,submit,b3865,sprint,,mobile
1562657760515,enter,b11537,sprint,,mobile
1562657780232,respond,q17300,sprint,c,mobile
1562657784394,submit,b11537,sprint,,mobile
1562657793169,enter,b4216,sprint,,mobile
1562657827300,respond,q5684,sprint,a,mobile
1562657831213,submit,b4216,sprint,,mobile
1562657854312,enter,b6965,sprint,,mobile
1562657872780,respond,q9614,sprint,c,mobile
1562657878915,submit,b6965,sprint,,mobile
1562657886441,enter,b2371,sprint,,mobile
1562657904126,respond,q3839,sprint,b,mobile
1562657907527,respond,q3839,sprint,a,mobile
1562657924788,submit,b2371,sprint,,mobile
1562657932138,enter,b6297,sprint,,mobile
1562657972020,respond,q8946,sprint,d,mobile
1562657975390,submit,b6297,sprint,,mobile
1562657983353,enter,b4278,sprint,,mobile
1562657999556,respond,q5746,sprint,d,mobile
1562658004017,submit,b4278,sprint,,mobile
1562658012016,enter,b2205,sprint,,mobile
1562658029057,respond,q3673,sprint,d,mobile
1562658033344,submit,b2205,sprint,,mobile
1562658041892,enter,b4638,sprint,,mobile
1562658066679,respond,q6106,sprint,d,mobile
1562658070514,submit,b4638,sprint,,mobile
1562658083472,enter,b7157,sprint,,mobile
1562658139554,respond,q9806,sprint,b,mobile
1562658144551,submit,b7157,sprint,,mobile
1562658247405,enter,b3785,sprint,,mobile
1562658279596,respond,q5253,sprint,c,mobile
1562658284231,submit,b3785,sprint,,mobile
1562658302215,enter,b4659,sprint,,mobile
1562658325142,respond,q6127,sprint,a,mobile
1562658329688,submit,b4659,sprint,,mobile
1562658341420,enter,b4747,sprint,,mobile
1562658384572,respond,q6215,sprint,b,mobile
1562658388666,submit,b4747,sprint,,mobile
1562658397084,enter,b6231,sprint,,mobile
1562658418878,respond,q8880,sprint,a,mobile
1562658425725,submit,b6231,sprint,,mobile
1562658437459,enter,b4924,sprint,,mobile
1562658463340,respond,q6392,sprint,b,mobile
1562658470082,submit,b4924,sprint,,mobile
1562658479040,enter,b3575,sprint,,mobile
1562658500232,respond,q5043,sprint,b,mobile
1562658504893,submit,b3575,sprint,,mobile
1562658512224,enter,b2572,sprint,,mobile
1562658558902,respond,q4040,sprint,b,mobile
1562658564202,submit,b2572,sprint,,mobile
1562658589134,enter,b11372,sprint,,mobile
1562658612800,respond,q17135,sprint,c,mobile
1562658622058,respond,q17135,sprint,a,mobile
1562658626033,submit,b11372,sprint,,mobile
1562658642370,enter,b4600,sprint,,mobile
1562658677426,respond,q6068,sprint,a,mobile
1562658682358,submit,b4600,sprint,,mobile
1562658692557,enter,b3076,sprint,,mobile
1562658715521,respond,q4544,sprint,c,mobile
1562658720872,submit,b3076,sprint,,mobile
1562658755021,enter,b2218,sprint,,mobile
1562658787485,respond,q3686,sprint,c,mobile
1562658792436,submit,b2218,sprint,,mobile
1562658799959,enter,b6546,sprint,,mobile
1562658819533,respond,q9195,sprint,b,mobile
1562658826740,respond,q9195,sprint,a,mobile
1562658830438,submit,b6546,sprint,,mobile
1562658845128,enter,b2614,sprint,,mobile
1562658871759,respond,q4082,sprint,a,mobile
1562658876467,respond,q4082,sprint,b,mobile
1562658891525,respond,q4082,sprint,a,mobile
1562658895917,submit,b2614,sprint,,mobile
1562658905853,enter,b3079,sprint,,mobile
1562658966267,respond,q4547,sprint,a,mobile
1562658971561,submit,b3079,sprint,,mobile
1562658989932,enter,b4857,sprint,,mobile
1562659015429,respond,q6325,sprint,a,mobile
1562659018958,submit,b4857,sprint,,mobile
1562659027008,enter,b11589,sprint,,mobile
1562659052918,respond,q17352,sprint,a,mobile
1562659061749,submit,b11589,sprint,,mobile
1562659608821,enter,b5205,sprint,,mobile
1562659734168,respond,q6916,sprint,b,mobile
1562659745497,submit,b5205,sprint,,mobile
1562752542054,enter,b7958,sprint,,mobile
1562752668918,respond,q10776,sprint,a,mobile
1562752677600,respond,q10776,sprint,d,mobile
1562752682659,submit,b7958,sprint,,mobile
1562752754137,enter,b5194,sprint,,mobile
1562752950482,respond,q6872,sprint,b,mobile
1562752958356,submit,b5194,sprint,,mobile
1562753043580,enter,b5203,sprint,,mobile
1562753265271,submit,b5203,sprint,,mobile
1562753370848,enter,b5105,sprint,,mobile
1562753529045,respond,q6636,sprint,b,mobile
1562753534988,submit,b5105,sprint,,mobile
1562753921794,enter,b5118,adaptive_offer,,mobile
1562754086368,respond,q6688,adaptive_offer,d,mobile
1562754090226,submit,b5118,adaptive_offer,,mobile
1562754171152,enter,b5216,sprint,,mobile
1562754302027,respond,q6957,sprint,c,mobile
1562754309593,respond,q6957,sprint,d,mobile
1562754315013,submit,b5216,sprint,,mobile
1562754351211,enter,b5179,sprint,,mobile
1562754527306,respond,q6812,sprint,b,mobile
1562754532873,submit,b5179,sprint,,mobile
1562754587342,enter,b7922,sprint,,mobile
1562754758850,respond,q10645,sprint,c,mobile
1562754764622,respond,q10645,sprint,d,mobile
1562754770108,submit,b7922,sprint,,mobile
1562754915336,enter,b5195,sprint,,mobile
1562755083031,respond,q6876,sprint,a,mobile
1562755093526,respond,q6876,sprint,d,mobile
1562755095173,respond,q6876,sprint,a,mobile
1562755099017,respond,q6876,sprint,d,mobile
1562755104676,submit,b5195,sprint,,mobile
1562755190950,enter,b8519,sprint,,mobile
1562755293978,respond,q11743,sprint,d,mobile
1562755300072,submit,b8519,sprint,,mobile
1562755332976,enter,b5213,sprint,,mobile
1562755449332,respond,q6945,sprint,c,mobile
1562755453860,submit,b5213,sprint,,mobile
1562821474825,enter,b5197,sprint,,mobile
1562821645755,respond,q6884,sprint,d,mobile
1562821658900,respond,q6884,sprint,a,mobile
1562821672272,submit,b5197,sprint,,mobile
1562821749880,enter,b5088,sprint,,mobile
1562821863106,respond,q6568,sprint,b,mobile
1562821870128,submit,b5088,sprint,,mobile
1562821947636,enter,b7989,sprint,,mobile
1562822031497,respond,q10903,sprint,b,mobile
1562822037365,submit,b7989,sprint,,mobile
1562822060513,enter,b5198,sprint,,mobile
1562822237291,respond,q6888,sprint,d,mobile
1562822247689,submit,b5198,sprint,,mobile
1562822598854,enter,b5198,adaptive_offer,,mobile
1562822695891,respond,q6888,adaptive_offer,a,mobile
1562822700649,submit,b5198,adaptive_offer,,mobile
1562823919839,enter,b5187,sprint,,mobile
1562824067868,respond,q6844,sprint,b,mobile
1562824080147,submit,b5187,sprint,,mobile
1562824148604,enter,b5204,sprint,,mobile
1562824256488,respond,q6912,sprint,a,mobile
1562824262895,submit,b5204,sprint,,mobile
1562824290421,enter,b8516,sprint,,mobile
1562824444669,respond,q11734,sprint,c,mobile
1562824450081,submit,b8516,sprint,,mobile
1562989677235,enter,b5116,sprint,,mobile
1562989775609,respond,q6680,sprint,c,mobile
1562989784590,submit,b5116,sprint,,mobile
1562989985161,enter,b5183,sprint,,mobile
1562990147269,respond,q6827,sprint,b,mobile
1562990159287,respond,q6827,sprint,d,mobile
1562990164696,submit,b5183,sprint,,mobile
1562990267888,enter,b5180,sprint,,mobile
1562990394392,respond,q6814,sprint,b,mobile
1562990424433,submit,b5180,sprint,,mobile
1562990576359,enter,b8550,sprint,,mobile
1562990692452,respond,q11867,sprint,b,mobile
1562990699046,submit,b8550,sprint,,mobile
1562990786990,enter,b5121,sprint,,mobile
1562990885753,respond,q6700,sprint,b,mobile
1562990887827,respond,q6700,sprint,d,mobile
1562990895107,submit,b5121,sprint,,mobile
1562991503104,enter,b5177,sprint,,mobile
1562991628341,respond,q6804,sprint,b,mobile
1562991630595,respond,q6804,sprint,c,mobile
1562991641420,submit,b5177,sprint,,mobile
1562991835963,enter,b7921,sprint,,mobile
1562991952938,respond,q10641,sprint,a,mobile
1562991972218,submit,b7921,sprint,,mobile
1562992404276,enter,b7959,sprint,,mobile
1562992604869,respond,q10783,sprint,d,mobile
1562992606006,respond,q10783,sprint,a,mobile
1562992611366,submit,b7959,sprint,,mobile
1562992732240,enter,b5119,sprint,,mobile
1562992812950,respond,q6692,sprint,b,mobile
1562992823397,submit,b5119,sprint,,mobile
1562993109392,enter,b5198,adaptive_offer,,mobile
1562993224492,respond,q6888,adaptive_offer,b,mobile
1562993229010,submit,b5198,adaptive_offer,,mobile
1562993377656,enter,b5174,sprint,,mobile
1562993489587,respond,q6790,sprint,c,mobile
1562993495274,submit,b5174,sprint,,mobile
1564121385466,enter,b3091,review_quiz,,mobile
1564121408753,respond,q4559,review_quiz,b,mobile
1564121411846,submit,b3091,review_quiz,,mobile
1564121443371,enter,b4869,review_quiz,,mobile
1564121464729,respond,q6337,review_quiz,d,mobile
1564121476656,respond,q6337,review_quiz,b,mobile
1564121480750,submit,b4869,review_quiz,,mobile
