timestamp,action_type,item_id,source,user_answer,platform
1558163350702,enter,b2759,diagnosis,,mobile
1558163365297,respond,q4227,diagnosis,b,mobile
1558163375770,submit,b2759,diagnosis,,mobile
1558163375851,enter,b5554,diagnosis,,mobile
1558163396775,respond,q8083,diagnosis,c,mobile
1558163404490,submit,b5554,diagnosis,,mobile
1558163404552,enter,b2557,diagnosis,,mobile
1558163424954,respond,q4025,diagnosis,d,mobile
1558163429576,submit,b2557,diagnosis,,mobile
1558163429632,enter,b4272,diagnosis,,mobile
1558163466427,respond,q5740,diagnosis,b,mobile
1558163479539,submit,b4272,diagnosis,,mobile
1558163479584,enter,b3797,diagnosis,,mobile
1558163526016,respond,q5265,diagnosis,c,mobile
1558163547030,submit,b3797,diagnosis,,mobile
1558163547106,enter,b2325,diagnosis,,mobile
1558163561719,respond,q3793,diagnosis,c,mobile
1558163570483,submit,b2325,diagnosis,,mobile
