timestamp,action_type,item_id,source,user_answer,platform
1558951414099,enter,b3420,diagnosis,,mobile
1558951428669,respond,q4888,diagnosis,c,mobile
1558951436569,submit,b3420,diagnosis,,mobile
1558951436656,enter,b156,diagnosis,,mobile
1558951449170,respond,q156,diagnosis,a,mobile
1558951453629,submit,b156,diagnosis,,mobile
1558951453708,enter,b3149,diagnosis,,mobile
1558951465656,respond,q4617,diagnosis,a,mobile
1558951477918,submit,b3149,diagnosis,,mobile
1558951477994,enter,b5166,diagnosis,,mobile
1558951514766,respond,q6760,diagnosis,c,mobile
1558951519229,submit,b5166,diagnosis,,mobile
1558951519304,enter,b3131,diagnosis,,mobile
1558951540796,respond,q4599,diagnosis,a,mobile
1558951546829,submit,b3131,diagnosis,,mobile
1558951546897,enter,b4146,diagnosis,,mobile
1558951564445,respond,q5614,diagnosis,d,mobile
1558951568738,submit,b4146,diagnosis,,mobile
