timestamp,action_type,item_id,source,user_answer,platform
1559731929205,enter,b2643,diagnosis,,mobile
1559731945326,respond,q4111,diagnosis,b,mobile
1559731952565,submit,b2643,diagnosis,,mobile
1559731952665,enter,b4874,diagnosis,,mobile
1559731959446,respond,q6342,diagnosis,a,mobile
1559731963916,submit,b4874,diagnosis,,mobile
1559733052935,enter,b2657,diagnosis,,mobile
1559733074345,respond,q4125,diagnosis,a,mobile
1559733078780,submit,b2657,diagnosis,,mobile
1559733078865,enter,b5625,diagnosis,,mobile
1559733100871,respond,q8154,diagnosis,b,mobile
1559733104634,submit,b5625,diagnosis,,mobile
1559733104704,enter,b218,diagnosis,,mobile
1559733112694,submit,b218,diagnosis,,mobile
1559733120793,enter,b218,diagnosis,,mobile
1559733137025,respond,q218,diagnosis,a,mobile
1559733140878,submit,b218,diagnosis,,mobile
1559733140956,enter,b5004,diagnosis,,mobile
1559733157584,respond,q6472,diagnosis,c,mobile
1559733161790,submit,b5004,diagnosis,,mobile
1559733161862,enter,b5060,diagnosis,,mobile
1559733169476,respond,q6528,diagnosis,b,mobile
1559733174133,submit,b5060,diagnosis,,mobile
1562833964303,enter,b5621,sprint,,mobile
1562833967428,submit,b5621,sprint,,mobile
1562834074441,enter,b3106,sprint,,mobile
1562834106302,respond,q4574,sprint,c,mobile
1562834111235,submit,b3106,sprint,,mobile
1562834121533,enter,b3026,sprint,,mobile
1562834133448,respond,q4494,sprint,b,mobile
1562834137014,submit,b3026,sprint,,mobile
1562834144002,enter,b3375,sprint,,mobile
1562834161981,respond,q4843,sprint,b,mobile
1562834166357,respond,q4843,sprint,c,mobile
1562834170478,submit,b3375,sprint,,mobile
1562834177914,enter,b11384,sprint,,mobile
1562834190036,respond,q17147,sprint,a,mobile
1562834193537,submit,b11384,sprint,,mobile
1562834200460,enter,b4754,sprint,,mobile
1562834223393,respond,q6222,sprint,d,mobile
1562834227342,submit,b4754,sprint,,mobile
1562834234828,enter,b4167,sprint,,mobile
1562834245369,respond,q5635,sprint,d,mobile
1562834248793,submit,b4167,sprint,,mobile
1562834261654,enter,b3354,sprint,,mobile
1562834295563,respond,q4822,sprint,c,mobile
1562834298683,submit,b3354,sprint,,mobile
1562834307618,enter,b7478,sprint,,mobile
1562834325590,respond,q10127,sprint,c,mobile
1562834329336,submit,b7478,sprint,,mobile
1562834336732,enter,b4762,sprint,,mobile
1562834369871,respond,q6230,sprint,a,mobile
1562834373722,submit,b4762,sprint,,mobile
1562834381767,enter,b3857,sprint,,mobile
1562834417847,respond,q5325,sprint,b,mobile
1562834421131,submit,b3857,sprint,,mobile
1562834443623,enter,b4525,sprint,,mobile
1562834448311,respond,q5993,sprint,a,mobile
1562834453123,submit,b4525,sprint,,mobile
1562834461543,enter,b6300,sprint,,mobile
1562834491131,respond,q8949,sprint,b,mobile
1562834494487,submit,b6300,sprint,,mobile
1562848048263,enter,b2370,sprint,,mobile
1562848053245,respond,q3838,sprint,a,mobile
1562848058279,respond,q3838,sprint,c,mobile
1562848062134,submit,b2370,sprint,,mobile
1562848082035,enter,b5147,sprint,,mobile
1562848101959,respond,q6741,sprint,b,mobile
1562848105591,submit,b5147,sprint,,mobile
1562848130317,enter,b3602,sprint,,mobile
1562848138453,respond,q5070,sprint,a,mobile
1562848141759,respond,q5070,sprint,d,mobile
1562848144731,submit,b3602,sprint,,mobile
1562848169382,enter,b6279,sprint,,mobile
1562848171350,respond,q8928,sprint,a,mobile
1562848174472,submit,b6279,sprint,,mobile
1562848214150,enter,b4923,sprint,,mobile
1562848280854,respond,q6391,sprint,a,mobile
1562848286000,submit,b4923,sprint,,mobile
1562848293091,enter,b3923,sprint,,mobile
1562848335362,respond,q5391,sprint,a,mobile
1562848339984,submit,b3923,sprint,,mobile
1562848348054,enter,b2850,sprint,,mobile
1562848366612,respond,q4318,sprint,b,mobile
1562848370591,submit,b2850,sprint,,mobile
1562848376991,enter,b6908,sprint,,mobile
1562848385300,respond,q9557,sprint,d,mobile
1562848388195,respond,q9557,sprint,b,mobile
1562848400506,submit,b6908,sprint,,mobile
1562848406290,enter,b2467,sprint,,mobile
1562848422239,respond,q3935,sprint,a,mobile
1562848431607,submit,b2467,sprint,,mobile
1562848487087,enter,b3056,sprint,,mobile
1562848622100,respond,q4524,sprint,b,mobile
1562848626962,submit,b3056,sprint,,mobile
