timestamp,action_type,item_id,source,user_answer,platform
1559804674844,enter,b5792,diagnosis,,mobile
1559804686020,respond,q8441,diagnosis,a,mobile
1559804691684,submit,b5792,diagnosis,,mobile
1559804691764,enter,b4501,diagnosis,,mobile
1559804697074,respond,q5969,diagnosis,a,mobile
1559804700835,submit,b4501,diagnosis,,mobile
1559804700890,enter,b4577,diagnosis,,mobile
1559804708579,respond,q6045,diagnosis,b,mobile
1559804712777,submit,b4577,diagnosis,,mobile
1559804712845,enter,b2692,diagnosis,,mobile
1559804718015,respond,q4160,diagnosis,b,mobile
1559804721287,submit,b2692,diagnosis,,mobile
1559804721370,enter,b210,diagnosis,,mobile
1559804723790,respond,q210,diagnosis,b,mobile
1559804727441,submit,b210,diagnosis,,mobile
1559804727494,enter,b3141,diagnosis,,mobile
1559804731979,respond,q4609,diagnosis,a,mobile
1559804735540,submit,b3141,diagnosis,,mobile
1559804735614,enter,b307,diagnosis,,mobile
1559804737275,respond,q307,diagnosis,c,mobile
1559804755344,submit,b307,diagnosis,,mobile
1559804788044,enter,b4297,sprint,,mobile
1559804794084,respond,q5765,sprint,c,mobile
1559804796772,submit,b4297,sprint,,mobile
1559804803518,enter,b3404,sprint,,mobile
1559804806142,respond,q4872,sprint,b,mobile
1559804807814,respond,q4872,sprint,a,mobile
1559804809006,respond,q4872,sprint,c,mobile
1559804811630,submit,b3404,sprint,,mobile
1559804819334,enter,b2287,sprint,,mobile
1559804821313,respond,q3755,sprint,c,mobile
1559804821721,respond,q3755,sprint,d,mobile
1559804822378,respond,q3755,sprint,c,mobile
1559804827341,submit,b2287,sprint,,mobile
1559804835779,enter,b7034,sprint,,mobile
1559804839096,respond,q9683,sprint,a,mobile
1559804842155,submit,b7034,sprint,,mobile
1559804847527,enter,b3315,sprint,,mobile
1559804859582,respond,q4783,sprint,a,mobile
1559804863871,submit,b3315,sprint,,mobile
1560330821200,enter,b3315,sprint,,mobile
1560330842710,respond,q4783,sprint,c,mobile
1560330846443,submit,b3315,sprint,,mobile
