timestamp,action_type,item_id,source,user_answer,platform
1559990917181,enter,b2566,diagnosis,,mobile
1559990931279,respond,q4034,diagnosis,d,mobile
1559990938170,submit,b2566,diagnosis,,mobile
1559990938265,enter,b375,diagnosis,,mobile
1559990955291,respond,q375,diagnosis,c,mobile
1559990959074,submit,b375,diagnosis,,mobile
1559990959126,enter,b5137,diagnosis,,mobile
1559990981267,respond,q6731,diagnosis,a,mobile
1559990985263,submit,b5137,diagnosis,,mobile
1559990985334,enter,b3208,diagnosis,,mobile
1559991008215,respond,q4676,diagnosis,a,mobile
1559991013100,submit,b3208,diagnosis,,mobile
1559991013155,enter,b4922,diagnosis,,mobile
1559991033346,respond,q6390,diagnosis,b,mobile
1559991038874,submit,b4922,diagnosis,,mobile
1559991038935,enter,b4964,diagnosis,,mobile
1559991079777,respond,q6432,diagnosis,d,mobile
1559991083651,submit,b4964,diagnosis,,mobile
