timestamp,action_type,item_id,source,user_answer,platform
1561181017815,enter,b3957,diagnosis,,mobile
1561181038063,respond,q5425,diagnosis,b,mobile
1561181044138,submit,b3957,diagnosis,,mobile
1561181044236,enter,b2443,diagnosis,,mobile
1561181060678,respond,q3911,diagnosis,b,mobile
1561181065910,submit,b2443,diagnosis,,mobile
1561181066000,enter,b326,diagnosis,,mobile
1561181086381,respond,q326,diagnosis,c,mobile
1561181087258,respond,q326,diagnosis,a,mobile
1561181090678,submit,b326,diagnosis,,mobile
1561181090775,enter,b4700,diagnosis,,mobile
1561181111903,respond,q6168,diagnosis,c,mobile
1561181116072,submit,b4700,diagnosis,,mobile
1561181116165,enter,b2246,diagnosis,,mobile
1561181126366,respond,q3714,diagnosis,d,mobile
1561181129990,submit,b2246,diagnosis,,mobile
1561181130062,enter,b377,diagnosis,,mobile
1561181147586,respond,q377,diagnosis,b,mobile
1561181151206,submit,b377,diagnosis,,mobile
1561181151287,enter,b1290,diagnosis,,mobile
1561181170139,respond,q1290,diagnosis,c,mobile
1561181174024,submit,b1290,diagnosis,,mobile
1561181174126,enter,b847,diagnosis,,mobile
1561181189762,respond,q847,diagnosis,a,mobile
1561181198446,submit,b847,diagnosis,,mobile
