timestamp,action_type,item_id,source,user_answer,platform
1561353365225,enter,b4000,diagnosis,,mobile
1561353383958,respond,q5468,diagnosis,b,mobile
1561353393935,submit,b4000,diagnosis,,mobile
1561353394021,enter,b3357,diagnosis,,mobile
1561353405625,respond,q4825,diagnosis,c,mobile
1561353411162,submit,b3357,diagnosis,,mobile
1561353411230,enter,b7378,diagnosis,,mobile
1561353426474,respond,q10027,diagnosis,c,mobile
1561353431117,submit,b7378,diagnosis,,mobile
1561353431171,enter,b2165,diagnosis,,mobile
1561353450788,respond,q3633,diagnosis,d,mobile
1561353456409,submit,b2165,diagnosis,,mobile
1561353456497,enter,b2506,diagnosis,,mobile
1561353495158,respond,q3974,diagnosis,d,mobile
1561353500352,submit,b2506,diagnosis,,mobile
1561353500408,enter,b4914,diagnosis,,mobile
1561353522758,respond,q6382,diagnosis,b,mobile
1561353529878,submit,b4914,diagnosis,,mobile
