timestamp,action_type,item_id,source,user_answer,platform
1561447471635,enter,b4981,diagnosis,,mobile
1561447506866,respond,q6449,diagnosis,a,mobile
1561447511877,respond,q6449,diagnosis,b,mobile
1561447513068,respond,q6449,diagnosis,c,mobile
1561447518253,respond,q6449,diagnosis,d,mobile
1561447524125,submit,b4981,diagnosis,,mobile
1561447524214,enter,b5021,diagnosis,,mobile
1561447566276,respond,q6489,diagnosis,a,mobile
1561447567763,respond,q6489,diagnosis,d,mobile
1561447571913,submit,b5021,diagnosis,,mobile
1561447571947,enter,b4480,diagnosis,,mobile
1561447583688,respond,q5948,diagnosis,d,mobile
1561447587612,submit,b4480,diagnosis,,mobile
1561447587684,enter,b856,diagnosis,,mobile
1561447605820,respond,q856,diagnosis,a,mobile
1561447607253,respond,q856,diagnosis,c,mobile
1561447611616,submit,b856,diagnosis,,mobile
1561447611687,enter,b394,diagnosis,,mobile
1561447631295,respond,q394,diagnosis,c,mobile
1561447635218,submit,b394,diagnosis,,mobile
1561447635280,enter,b980,diagnosis,,mobile
1561447654221,respond,q980,diagnosis,b,mobile
1561447658853,submit,b980,diagnosis,,mobile
1561447658921,enter,b224,diagnosis,,mobile
1561447678732,respond,q224,diagnosis,b,mobile
1561447683467,submit,b224,diagnosis,,mobile
1561447683502,enter,b297,diagnosis,,mobile
1561447701040,respond,q297,diagnosis,b,mobile
1561447704584,submit,b297,diagnosis,,mobile
1561447704647,enter,b4527,diagnosis,,mobile
1561447727597,respond,q5995,diagnosis,b,mobile
1561447735054,submit,b4527,diagnosis,,mobile
