timestamp,action_type,item_id,source,user_answer,platform
1561644192153,enter,b4210,diagnosis,,mobile
1561644206305,respond,q5678,diagnosis,b,mobile
1561644213177,submit,b4210,diagnosis,,mobile
1561644213249,enter,b49,diagnosis,,mobile
1561644223214,respond,q49,diagnosis,a,mobile
1561644240481,submit,b49,diagnosis,,mobile
1561644240570,enter,b3450,diagnosis,,mobile
1561644240842,respond,q4918,diagnosis,a,mobile
1561644258815,submit,b3450,diagnosis,,mobile
1561644258864,enter,b1315,diagnosis,,mobile
1561644273725,respond,q1315,diagnosis,b,mobile
1561644281957,submit,b1315,diagnosis,,mobile
1561644281999,enter,b3953,diagnosis,,mobile
1561644295675,respond,q5421,diagnosis,a,mobile
1561644304706,submit,b3953,diagnosis,,mobile
1561644304748,enter,b1301,diagnosis,,mobile
1561644320647,respond,q1301,diagnosis,b,mobile
1561644326636,submit,b1301,diagnosis,,mobile
1561644326676,enter,b368,diagnosis,,mobile
1561644345303,respond,q368,diagnosis,b,mobile
1561644352050,submit,b368,diagnosis,,mobile
1561644497145,enter,b965,sprint,,mobile
1561644509992,respond,q965,sprint,a,mobile
1561644517478,submit,b965,sprint,,mobile
1562439304235,enter,b4564,adaptive_offer,,mobile
1562439314871,respond,q6032,adaptive_offer,b,mobile
1562439318164,submit,b4564,adaptive_offer,,mobile
1562439323977,enter,b5020,adaptive_offer,,mobile
1562439327652,respond,q6488,adaptive_offer,a,mobile
1562439331316,submit,b5020,adaptive_offer,,mobile
1563353695126,enter,b2884,sprint,,mobile
1563353706496,respond,q4352,sprint,c,mobile
1563353713586,submit,b2884,sprint,,mobile
1564471725105,enter,b3924,sprint,,mobile
1564471737070,respond,q5392,sprint,a,mobile
1564471741221,submit,b3924,sprint,,mobile
1564471750675,enter,b3965,sprint,,mobile
1564471763004,respond,q5433,sprint,b,mobile
1564471766121,submit,b3965,sprint,,mobile
1564471779543,enter,b11564,sprint,,mobile
1564471813002,respond,q17327,sprint,d,mobile
1564471817265,submit,b11564,sprint,,mobile
1564471853995,enter,b3796,sprint,,mobile
1564471857095,respond,q5264,sprint,a,mobile
1564471860985,submit,b3796,sprint,,mobile
1564471865564,enter,b3817,sprint,,mobile
1564471874474,respond,q5285,sprint,b,mobile
1564471879413,respond,q5285,sprint,a,mobile
1564471886169,submit,b3817,sprint,,mobile
1564471916776,enter,b3428,sprint,,mobile
1564471930756,respond,q4896,sprint,a,mobile
1564471937634,submit,b3428,sprint,,mobile
1564471943359,enter,b7537,sprint,,mobile
1564471963381,respond,q10186,sprint,a,mobile
1564471966975,submit,b7537,sprint,,mobile
1564471973720,enter,b4199,sprint,,mobile
1564471979550,respond,q5667,sprint,b,mobile
1564471985701,submit,b4199,sprint,,mobile
1564471991649,enter,b4716,sprint,,mobile
1564471995448,respond,q6184,sprint,b,mobile
1564471998643,submit,b4716,sprint,,mobile
1564714658973,enter,b11476,sprint,,mobile
1564714677978,respond,q17239,sprint,d,mobile
1564714682799,submit,b11476,sprint,,mobile
1564714693074,enter,b3881,sprint,,mobile
1564714709880,respond,q5349,sprint,a,mobile
1564714713601,submit,b3881,sprint,,mobile
1564714720028,enter,b4247,sprint,,mobile
1564714735014,respond,q5715,sprint,b,mobile
1564714738250,submit,b4247,sprint,,mobile
1564714744046,enter,b2698,sprint,,mobile
1564714765860,respond,q4166,sprint,c,mobile
1564714769715,submit,b2698,sprint,,mobile
1564714842900,enter,b6519,sprint,,mobile
1564714869405,respond,q9168,sprint,a,mobile
1564714872930,submit,b6519,sprint,,mobile
1564714879161,enter,b2728,sprint,,mobile
1564714894961,respond,q4196,sprint,d,mobile
1564714898205,submit,b2728,sprint,,mobile
1564714903441,enter,b2566,sprint,,mobile
1564714909790,respond,q4034,sprint,b,mobile
1564714913083,submit,b2566,sprint,,mobile
1564714919345,enter,b3270,sprint,,mobile
1564714936553,respond,q4738,sprint,c,mobile
1564714939792,submit,b3270,sprint,,mobile
1564714945039,enter,b7114,sprint,,mobile
1564714969556,respond,q9763,sprint,a,mobile
1564714972802,submit,b7114,sprint,,mobile
1564714979294,enter,b3596,sprint,,mobile
1564714991129,respond,q5064,sprint,b,mobile
1564714995046,submit,b3596,sprint,,mobile
1564715001172,enter,b4314,sprint,,mobile
1564715005537,respond,q5782,sprint,c,mobile
1564715009239,submit,b4314,sprint,,mobile
1564715015042,enter,b3789,sprint,,mobile
1564715018100,respond,q5257,sprint,c,mobile
1564715022040,submit,b3789,sprint,,mobile
1564715111429,enter,b7179,sprint,,mobile
1564715128242,respond,q9828,sprint,c,mobile
1564715134437,submit,b7179,sprint,,mobile
1564715146294,enter,b6929,sprint,,mobile
1564715173944,respond,q9578,sprint,a,mobile
1564715179598,submit,b6929,sprint,,mobile
1564715244531,enter,b4796,sprint,,mobile
1564715262491,respond,q6264,sprint,d,mobile
1564715267154,submit,b4796,sprint,,mobile
1564715273684,enter,b2502,sprint,,mobile
1564715303494,respond,q3970,sprint,b,mobile
1564715309812,submit,b2502,sprint,,mobile
1564715338145,enter,b11497,sprint,,mobile
1564715345145,respond,q17260,sprint,b,mobile
1564715349943,submit,b11497,sprint,,mobile
1564715385161,enter,b2327,sprint,,mobile
1564715388465,respond,q3795,sprint,a,mobile
1564715394884,submit,b2327,sprint,,mobile
1564715401000,enter,b2295,sprint,,mobile
1564715407587,respond,q3763,sprint,c,mobile
1564715409354,respond,q3763,sprint,d,mobile
1564715412940,submit,b2295,sprint,,mobile
1564715417781,enter,b3163,sprint,,mobile
1564715434188,respond,q4631,sprint,b,mobile
1564715438015,submit,b3163,sprint,,mobile
1564715444565,enter,b7136,sprint,,mobile
1564715457839,respond,q9785,sprint,a,mobile
1564715459222,respond,q9785,sprint,c,mobile
1564715462711,submit,b7136,sprint,,mobile
1564715473560,enter,b2876,sprint,,mobile
1564715485861,respond,q4344,sprint,c,mobile
1564715490371,submit,b2876,sprint,,mobile
1564715528372,enter,b2731,sprint,,mobile
1564715539749,respond,q4199,sprint,b,mobile
1564715542938,submit,b2731,sprint,,mobile
1564715601371,enter,b4312,sprint,,mobile
1564715618461,respond,q5780,sprint,b,mobile
1564715627178,submit,b4312,sprint,,mobile
1564715644654,enter,b7586,sprint,,mobile
1564715679836,respond,q10235,sprint,b,mobile
1564715683433,submit,b7586,sprint,,mobile
1564715690336,enter,b3010,sprint,,mobile
1564715696748,respond,q4478,sprint,a,mobile
1564715700614,submit,b3010,sprint,,mobile
1564715710255,enter,b3541,sprint,,mobile
1564715723800,respond,q5009,sprint,a,mobile
1564715727798,submit,b3541,sprint,,mobile
1564715734024,enter,b4303,sprint,,mobile
1564715739849,respond,q5771,sprint,b,mobile
1564715743439,submit,b4303,sprint,,mobile
1564715749220,enter,b7560,sprint,,mobile
1564715776603,respond,q10209,sprint,a,mobile
1564715780799,submit,b7560,sprint,,mobile
1564715795927,enter,b3751,sprint,,mobile
1564715806048,respond,q5219,sprint,a,mobile
1564715809586,submit,b3751,sprint,,mobile
1564715834598,enter,b6997,sprint,,mobile
1564715864329,respond,q9646,sprint,c,mobile
1564715868174,submit,b6997,sprint,,mobile
1565141901900,enter,b2335,sprint,,mobile
1565141911822,respond,q3803,sprint,b,mobile
1565141916520,submit,b2335,sprint,,mobile
1565141924121,enter,b7465,sprint,,mobile
1565141947425,respond,q10114,sprint,a,mobile
1565141950546,respond,q10114,sprint,b,mobile
1565141954614,submit,b7465,sprint,,mobile
1565142093305,enter,b2343,sprint,,mobile
1565142107757,respond,q3811,sprint,b,mobile
1565142116301,respond,q3811,sprint,b,mobile
1565142119987,submit,b2343,sprint,,mobile
1565142126178,enter,b3261,sprint,,mobile
1565142148331,respond,q4729,sprint,c,mobile
1565142151326,submit,b3261,sprint,,mobile
1565142164998,enter,b3933,sprint,,mobile
1565142200115,respond,q5401,sprint,b,mobile
1565142202521,respond,q5401,sprint,a,mobile
1565142208770,submit,b3933,sprint,,mobile
1565142439369,enter,b5677,sprint,,mobile
1565142446967,respond,q8206,sprint,c,mobile
1565142450759,submit,b5677,sprint,,mobile
1565142475561,enter,b2999,sprint,,mobile
1565142487446,respond,q4467,sprint,a,mobile
1565142490270,submit,b2999,sprint,,mobile
1565142494706,enter,b3404,sprint,,mobile
1565142506121,respond,q4872,sprint,a,mobile
1565142507993,respond,q4872,sprint,c,mobile
1565142510949,submit,b3404,sprint,,mobile
1565142563118,enter,b2883,sprint,,mobile
1565142601214,respond,q4351,sprint,d,mobile
1565142604964,submit,b2883,sprint,,mobile
1565142637768,enter,b11540,sprint,,mobile
1565142662123,respond,q17303,sprint,b,mobile
1565142665376,submit,b11540,sprint,,mobile
1565153063389,enter,b3044,sprint,,mobile
1565153067267,respond,q4512,sprint,b,mobile
1565153083767,submit,b3044,sprint,,mobile
1565153089251,enter,b3622,sprint,,mobile
1565153121111,respond,q5090,sprint,d,mobile
1565153124447,submit,b3622,sprint,,mobile
1565153176788,enter,b3307,sprint,,mobile
1565153185448,respond,q4775,sprint,b,mobile
1565153189538,submit,b3307,sprint,,mobile
1565153296628,enter,b6391,sprint,,mobile
1565153310938,respond,q9040,sprint,c,mobile
1565153311636,respond,q9040,sprint,d,mobile
1565153323920,respond,q9040,sprint,a,mobile
1565153327888,respond,q9040,sprint,d,mobile
1565153331315,submit,b6391,sprint,,mobile
1565153335049,enter,b3819,sprint,,mobile
1565153370318,respond,q5287,sprint,c,mobile
1565153375325,submit,b3819,sprint,,mobile
1565153406918,enter,b3938,sprint,,mobile
1565153437832,respond,q5406,sprint,a,mobile
1565153441987,submit,b3938,sprint,,mobile
1565153481540,enter,b2807,sprint,,mobile
1565153492033,respond,q4275,sprint,b,mobile
1565153496582,submit,b2807,sprint,,mobile
1565153503670,enter,b5738,sprint,,mobile
1565153514192,respond,q8387,sprint,b,mobile
1565153518837,submit,b5738,sprint,,mobile
1565153525541,enter,b3322,sprint,,mobile
1565153555476,respond,q4790,sprint,b,mobile
1565153558793,submit,b3322,sprint,,mobile
1565153583370,enter,b4671,sprint,,mobile
1565153615452,respond,q6139,sprint,b,mobile
1565153619892,submit,b4671,sprint,,mobile
1565220170200,enter,b4929,sprint,,mobile
1565220178896,respond,q6397,sprint,c,mobile
1565220183056,submit,b4929,sprint,,mobile
1565220189940,enter,b6441,sprint,,mobile
1565220206937,respond,q9090,sprint,b,mobile
1565220210263,submit,b6441,sprint,,mobile
1565220217489,enter,b2809,sprint,,mobile
1565220267164,respond,q4277,sprint,d,mobile
1565220272394,submit,b2809,sprint,,mobile
1565220333871,enter,b4289,sprint,,mobile
1565220373722,respond,q5757,sprint,b,mobile
1565220376944,submit,b4289,sprint,,mobile
1565220382256,enter,b2814,sprint,,mobile
1565220404869,respond,q4282,sprint,c,mobile
1565220409421,submit,b2814,sprint,,mobile
1565220448592,enter,b7023,sprint,,mobile
1565220467413,respond,q9672,sprint,d,mobile
1565220474701,submit,b7023,sprint,,mobile
1565220510425,enter,b3577,sprint,,mobile
1565220537514,respond,q5045,sprint,c,mobile
1565220540654,submit,b3577,sprint,,mobile
1565220546780,enter,b6989,sprint,,mobile
1565220582981,respond,q9638,sprint,b,mobile
1565220586765,submit,b6989,sprint,,mobile
1565220633777,enter,b2864,sprint,,mobile
1565220646021,respond,q4332,sprint,a,mobile
1565220650058,submit,b2864,sprint,,mobile
1565220672045,enter,b5665,sprint,,mobile
1565220678232,respond,q8194,sprint,a,mobile
1565220682057,submit,b5665,sprint,,mobile
1565329379382,enter,b3584,sprint,,mobile
1565329385989,respond,q5052,sprint,c,mobile
1565329394976,submit,b3584,sprint,,mobile
1565329431734,enter,b2224,sprint,,mobile
1565329453459,respond,q3692,sprint,b,mobile
1565329458585,submit,b2224,sprint,,mobile
1565329553742,enter,b2653,sprint,,mobile
1565329586274,respond,q4121,sprint,d,mobile
1565329590723,submit,b2653,sprint,,mobile
1565329609384,enter,b7046,sprint,,mobile
1565329629097,respond,q9695,sprint,a,mobile
1565329632193,submit,b7046,sprint,,mobile
1565329639192,enter,b3635,sprint,,mobile
1565329656383,respond,q5103,sprint,c,mobile
1565329660596,submit,b3635,sprint,,mobile
1565329686180,enter,b3091,sprint,,mobile
1565329690499,respond,q4559,sprint,b,mobile
1565329693483,submit,b3091,sprint,,mobile
1565329699294,enter,b3007,sprint,,mobile
1565329706345,respond,q4475,sprint,a,mobile
1565329709492,submit,b3007,sprint,,mobile
1565329713691,enter,b6411,sprint,,mobile
1565329730926,respond,q9060,sprint,b,mobile
1565329734395,submit,b6411,sprint,,mobile
1565329748588,enter,b4606,sprint,,mobile
1565329766983,respond,q6074,sprint,c,mobile
1565329768568,respond,q6074,sprint,a,mobile
1565329769201,respond,q6074,sprint,c,mobile
1565329772887,submit,b4606,sprint,,mobile
1565329784447,enter,b2577,sprint,,mobile
1565329803671,respond,q4045,sprint,d,mobile
1565329807328,submit,b2577,sprint,,mobile
1565521465946,enter,b4184,sprint,,mobile
1565521493300,respond,q5652,sprint,c,mobile
1565521496615,submit,b4184,sprint,,mobile
1565521556666,enter,b6730,sprint,,mobile
1565521575773,respond,q9379,sprint,a,mobile
1565521580183,submit,b6730,sprint,,mobile
1565521612890,enter,b2517,sprint,,mobile
1565521628597,respond,q3985,sprint,d,mobile
1565521632921,submit,b2517,sprint,,mobile
1565521645754,enter,b3132,sprint,,mobile
1565521646402,respond,q4600,sprint,b,mobile
1565521652889,submit,b3132,sprint,,mobile
1565521657532,enter,b5146,sprint,,mobile
1565521674970,respond,q6740,sprint,c,mobile
1565521678791,submit,b5146,sprint,,mobile
1565521684975,enter,b6809,sprint,,mobile
1565521706207,respond,q9458,sprint,d,mobile
1565521709413,submit,b6809,sprint,,mobile
1565521726872,enter,b4033,sprint,,mobile
1565521739995,respond,q5501,sprint,a,mobile
1565521743028,respond,q5501,sprint,b,mobile
1565521746266,submit,b4033,sprint,,mobile
1565521754920,enter,b2215,sprint,,mobile
1565521765202,respond,q3683,sprint,a,mobile
1565521770851,submit,b2215,sprint,,mobile
1565521790636,enter,b4315,sprint,,mobile
1565521799659,respond,q5783,sprint,b,mobile
1565521808849,submit,b4315,sprint,,mobile
1565521826279,enter,b11394,sprint,,mobile
1565521848869,respond,q17157,sprint,a,mobile
1565521852970,submit,b11394,sprint,,mobile
1565590361186,enter,b3585,sprint,,mobile
1565590363764,respond,q5053,sprint,a,mobile
1565590372790,submit,b3585,sprint,,mobile
1565590377826,enter,b3370,sprint,,mobile
1565590382171,respond,q4838,sprint,a,mobile
1565590388443,submit,b3370,sprint,,mobile
1565590392694,enter,b2574,sprint,,mobile
1565590417992,respond,q4042,sprint,b,mobile
1565590422960,submit,b2574,sprint,,mobile
1565590463944,enter,b6430,sprint,,mobile
1565590484261,respond,q9079,sprint,a,mobile
1565590489304,submit,b6430,sprint,,mobile
