timestamp,action_type,item_id,source,user_answer,platform
1561992964021,enter,b2230,diagnosis,,mobile
1561992979662,respond,q3698,diagnosis,c,mobile
1561992986660,submit,b2230,diagnosis,,mobile
1561992986798,enter,b2243,diagnosis,,mobile
1561992999881,respond,q3711,diagnosis,d,mobile
1561993000995,respond,q3711,diagnosis,c,mobile
1561993002252,respond,q3711,diagnosis,b,mobile
1561993002986,respond,q3711,diagnosis,c,mobile
1561993006918,submit,b2243,diagnosis,,mobile
1561993007006,enter,b3446,diagnosis,,mobile
1561993023779,respond,q4914,diagnosis,c,mobile
1561993027915,submit,b3446,diagnosis,,mobile
1561993028034,enter,b421,diagnosis,,mobile
1561993048122,respond,q421,diagnosis,a,mobile
1561993055149,submit,b421,diagnosis,,mobile
1561993055269,enter,b297,diagnosis,,mobile
1561993071643,respond,q297,diagnosis,a,mobile
1561993074405,submit,b297,diagnosis,,mobile
1561993074490,enter,b218,diagnosis,,mobile
1561993092548,respond,q218,diagnosis,b,mobile
1561993096420,submit,b218,diagnosis,,mobile
