timestamp,action_type,item_id,source,user_answer,platform
1562032364427,enter,b4462,diagnosis,,mobile
1562032398346,respond,q5930,diagnosis,d,mobile
1562032404790,submit,b4462,diagnosis,,mobile
1562032404960,enter,b4860,diagnosis,,mobile
1562032433177,respond,q6328,diagnosis,a,mobile
1562032437261,submit,b4860,diagnosis,,mobile
1562032437366,enter,b1203,diagnosis,,mobile
1562032456531,respond,q1203,diagnosis,b,mobile
1562032460072,submit,b1203,diagnosis,,mobile
1562032460182,enter,b3181,diagnosis,,mobile
1562032481985,respond,q4649,diagnosis,c,mobile
1562032486489,submit,b3181,diagnosis,,mobile
1562032486660,enter,b5037,diagnosis,,mobile
1562032510131,respond,q6505,diagnosis,c,mobile
1562032514448,submit,b5037,diagnosis,,mobile
1562032514543,enter,b4449,diagnosis,,mobile
1562032554324,respond,q5917,diagnosis,a,mobile
1562032559289,submit,b4449,diagnosis,,mobile
1562032559390,enter,b5006,diagnosis,,mobile
1562032590408,respond,q6474,diagnosis,a,mobile
1562032594527,submit,b5006,diagnosis,,mobile
1562144927708,enter,b4449,review_quiz,,mobile
1562144951398,respond,q5917,review_quiz,c,mobile
1562144955292,submit,b4449,review_quiz,,mobile
1562144970092,enter,b3181,review_quiz,,mobile
1562145004139,respond,q4649,review_quiz,a,mobile
1562145008501,submit,b3181,review_quiz,,mobile
1565460127402,enter,b7379,sprint,,mobile
1565460164740,respond,q10028,sprint,c,mobile
1565460167982,submit,b7379,sprint,,mobile
1565460175419,enter,b4306,sprint,,mobile
1565460254208,respond,q5774,sprint,b,mobile
1565460257592,submit,b4306,sprint,,mobile
1565460266733,enter,b5041,sprint,,mobile
1565460331786,respond,q6509,sprint,a,mobile
1565460335414,submit,b5041,sprint,,mobile
1565460340490,enter,b7433,sprint,,mobile
1565460413469,respond,q10082,sprint,b,mobile
1565460418043,submit,b7433,sprint,,mobile
1565460423553,enter,b3025,sprint,,mobile
1565460481960,respond,q4493,sprint,b,mobile
1565460484901,submit,b3025,sprint,,mobile
1565460492063,enter,b4872,sprint,,mobile
1565460553745,respond,q6340,sprint,d,mobile
1565460562937,submit,b4872,sprint,,mobile
1565460568778,enter,b6959,sprint,,mobile
1565460581411,respond,q9608,sprint,a,mobile
1565460587787,submit,b6959,sprint,,mobile
1565460593131,enter,b7104,sprint,,mobile
1565460636195,respond,q9753,sprint,c,mobile
1565460638903,submit,b7104,sprint,,mobile
1565460644259,enter,b3969,sprint,,mobile
1565460714573,respond,q5437,sprint,a,mobile
1565460718170,submit,b3969,sprint,,mobile
1565460723062,enter,b3070,sprint,,mobile
1565460729083,respond,q4538,sprint,c,mobile
1565460731996,submit,b3070,sprint,,mobile
1565461047540,enter,b3181,review_quiz,,mobile
1565461104561,respond,q4649,review_quiz,c,mobile
1565461108622,submit,b3181,review_quiz,,mobile
1565461114464,enter,b4860,review_quiz,,mobile
1565461191533,respond,q6328,review_quiz,b,mobile
1565461195137,submit,b4860,review_quiz,,mobile
1565540397891,enter,b880,sprint,,mobile
1565540416407,respond,q880,sprint,b,mobile
1565540420532,submit,b880,sprint,,mobile
1565540515403,enter,b944,sprint,,mobile
1565540533977,respond,q944,sprint,b,mobile
1565540536934,submit,b944,sprint,,mobile
1565540554162,enter,b218,sprint,,mobile
1565540573989,respond,q218,sprint,a,mobile
1565540577251,submit,b218,sprint,,mobile
1565540590361,enter,b8315,sprint,,mobile
1565540616328,respond,q11262,sprint,a,mobile
1565540619845,submit,b8315,sprint,,mobile
1565540646057,enter,b578,sprint,,mobile
1565540664216,respond,q578,sprint,b,mobile
1565540667772,submit,b578,sprint,,mobile
1565540689163,enter,b200,sprint,,mobile
1565540787476,submit,b200,sprint,,mobile
1565540794854,enter,b758,sprint,,mobile
1565540817982,respond,q758,sprint,c,mobile
1565540820028,respond,q758,sprint,a,mobile
1565540825862,respond,q758,sprint,c,mobile
1565540829486,submit,b758,sprint,,mobile
1565540835120,enter,b8302,sprint,,mobile
1565540858624,respond,q11249,sprint,b,mobile
1565540861824,submit,b8302,sprint,,mobile
1565540865981,enter,b1190,sprint,,mobile
1565540884122,respond,q1190,sprint,c,mobile
1565540886914,submit,b1190,sprint,,mobile
1565540903699,enter,b639,sprint,,mobile
1565540925077,respond,q639,sprint,b,mobile
1565540927759,submit,b639,sprint,,mobile
1565541002074,enter,b4138,sprint,,mobile
1565541032201,respond,q5606,sprint,a,mobile
1565541041845,submit,b4138,sprint,,mobile
1565541047783,enter,b6231,sprint,,mobile
1565541078805,respond,q8880,sprint,c,mobile
1565541080441,respond,q8880,sprint,a,mobile
1565541082996,submit,b6231,sprint,,mobile
1565541088980,enter,b4180,sprint,,mobile
1565541116721,respond,q5648,sprint,b,mobile
1565541121002,submit,b4180,sprint,,mobile
1565541126339,enter,b4215,sprint,,mobile
1565541154540,respond,q5683,sprint,b,mobile
1565541157847,submit,b4215,sprint,,mobile
1565541162883,enter,b2348,sprint,,mobile
1565541176527,respond,q3816,sprint,d,mobile
1565541180022,submit,b2348,sprint,,mobile
1565541184175,enter,b7031,sprint,,mobile
1565541229713,respond,q9680,sprint,d,mobile
1565541232307,submit,b7031,sprint,,mobile
1565541238366,enter,b3862,sprint,,mobile
1565541255327,respond,q5330,sprint,d,mobile
1565541263605,submit,b3862,sprint,,mobile
1565541271500,enter,b4793,sprint,,mobile
1565541312534,respond,q6261,sprint,c,mobile
1565541317015,submit,b4793,sprint,,mobile
1565541322014,enter,b2226,sprint,,mobile
1565541353783,respond,q3694,sprint,c,mobile
1565541356763,submit,b2226,sprint,,mobile
1565541362177,enter,b6422,sprint,,mobile
1565541426951,respond,q9071,sprint,b,mobile
1565541431161,submit,b6422,sprint,,mobile
