timestamp,action_type,item_id,source,user_answer,platform
1562547489904,enter,b4714,diagnosis,,mobile
1562547508138,respond,q6182,diagnosis,d,mobile
1562547515301,submit,b4714,diagnosis,,mobile
1562547515393,enter,b2946,diagnosis,,mobile
1562547530976,respond,q4414,diagnosis,c,mobile
1562547534865,submit,b2946,diagnosis,,mobile
1562547534962,enter,b5625,diagnosis,,mobile
1562547565609,respond,q8154,diagnosis,b,mobile
1562547569666,submit,b5625,diagnosis,,mobile
1562547569782,enter,b2557,diagnosis,,mobile
1562547590774,respond,q4025,diagnosis,d,mobile
1562547595157,submit,b2557,diagnosis,,mobile
1562547595231,enter,b6992,diagnosis,,mobile
1562547622313,respond,q9641,diagnosis,c,mobile
1562547626385,submit,b6992,diagnosis,,mobile
1562547626463,enter,b4337,diagnosis,,mobile
1562547655554,respond,q5805,diagnosis,c,mobile
1562547659566,submit,b4337,diagnosis,,mobile
1562547659655,enter,b3665,diagnosis,,mobile
1562547716522,respond,q5133,diagnosis,d,mobile
1562547717304,respond,q5133,diagnosis,c,mobile
1562547717886,respond,q5133,diagnosis,b,mobile
1562547718959,respond,q5133,diagnosis,a,mobile
1562547723575,submit,b3665,diagnosis,,mobile
1562547723646,enter,b2465,diagnosis,,mobile
1562547733653,respond,q3933,diagnosis,b,mobile
1562547738303,submit,b2465,diagnosis,,mobile
1562547738373,enter,b4705,diagnosis,,mobile
1562547764602,respond,q6173,diagnosis,a,mobile
1562547769233,submit,b4705,diagnosis,,mobile
1562547769331,enter,b3098,diagnosis,,mobile
1562547801210,respond,q4566,diagnosis,d,mobile
1562547805728,submit,b3098,diagnosis,,mobile
1562547805825,enter,b2667,diagnosis,,mobile
1562547856993,respond,q4135,diagnosis,c,mobile
1562547864310,submit,b2667,diagnosis,,mobile
1569237376001,enter,b291,sprint,,mobile
1569237394591,respond,q291,sprint,b,mobile
1569237399192,submit,b291,sprint,,mobile
