timestamp,action_type,item_id,source,user_answer,platform
1562718023857,enter,b2231,diagnosis,,mobile
1562718046745,respond,q3699,diagnosis,a,mobile
1562718053201,submit,b2231,diagnosis,,mobile
1562718053272,enter,b4616,diagnosis,,mobile
1562718066906,respond,q6084,diagnosis,b,mobile
1562718072452,submit,b4616,diagnosis,,mobile
1562718072515,enter,b2823,diagnosis,,mobile
1562718081714,respond,q4291,diagnosis,b,mobile
1562718085835,submit,b2823,diagnosis,,mobile
1562718085893,enter,b4976,diagnosis,,mobile
1562718102177,respond,q6444,diagnosis,b,mobile
1562718106660,submit,b4976,diagnosis,,mobile
1562718106722,enter,b3479,diagnosis,,mobile
1562718121798,respond,q4947,diagnosis,d,mobile
1562718126500,submit,b3479,diagnosis,,mobile
1562718126674,enter,b3361,diagnosis,,mobile
1562718140085,respond,q4829,diagnosis,b,mobile
1562718144886,submit,b3361,diagnosis,,mobile
1562718144943,enter,b2246,diagnosis,,mobile
1562718160478,respond,q3714,diagnosis,d,mobile
1562718165347,submit,b2246,diagnosis,,mobile
1562718205363,enter,b1123,sprint,,mobile
1562718210830,respond,q1123,sprint,a,mobile
1562718215219,submit,b1123,sprint,,mobile
1562749997984,enter,b806,sprint,,mobile
1562750013475,respond,q806,sprint,b,mobile
1562750022647,submit,b806,sprint,,mobile
1562750028660,enter,b312,sprint,,mobile
1562750043937,respond,q312,sprint,a,mobile
1562750047258,submit,b312,sprint,,mobile
1562892681796,enter,b5651,sprint,,mobile
1562892704506,respond,q8180,sprint,d,mobile
1562892708297,submit,b5651,sprint,,mobile
1562892712399,enter,b5532,sprint,,mobile
1562892732788,respond,q8061,sprint,b,mobile
1562892735615,submit,b5532,sprint,,mobile
1562892740574,enter,b163,sprint,,mobile
1562892766527,respond,q163,sprint,c,mobile
1562892769079,submit,b163,sprint,,mobile
1562892773525,enter,b8229,sprint,,mobile
1562892796292,respond,q11176,sprint,d,mobile
1562892799278,submit,b8229,sprint,,mobile
1562892803118,enter,b15,sprint,,mobile
1562892825996,respond,q15,sprint,d,mobile
1562892828873,submit,b15,sprint,,mobile
1562892832828,enter,b5525,sprint,,mobile
1562892856462,respond,q8054,sprint,b,mobile
1562892859196,submit,b5525,sprint,,mobile
1562892863344,enter,b188,sprint,,mobile
1562892885703,respond,q188,sprint,c,mobile
1562892888535,submit,b188,sprint,,mobile
1562892897987,enter,b8171,sprint,,mobile
1562892905897,respond,q11118,sprint,c,mobile
1562892927661,respond,q11118,sprint,b,mobile
1562892928944,respond,q11118,sprint,d,mobile
1562892931679,submit,b8171,sprint,,mobile
1562892938189,enter,b5557,sprint,,mobile
1562892962429,respond,q8086,sprint,b,mobile
1562892965381,submit,b5557,sprint,,mobile
1562892969580,enter,b2,sprint,,mobile
1562892990683,respond,q2,sprint,a,mobile
1562892993853,submit,b2,sprint,,mobile
1562893002286,enter,b5541,sprint,,mobile
1562893023770,respond,q8070,sprint,c,mobile
1562893027354,submit,b5541,sprint,,mobile
1562893138637,enter,b5541,sprint,,mobile
1562893155293,submit,b5541,sprint,,mobile
1562893155484,enter,b8256,sprint,,mobile
1562893177620,respond,q11203,sprint,a,mobile
1562893180521,submit,b8256,sprint,,mobile
1562893185851,enter,b5649,sprint,,mobile
1562893207516,respond,q8178,sprint,a,mobile
1562893210556,submit,b5649,sprint,,mobile
1562893254448,enter,b156,sprint,,mobile
1562893277385,respond,q156,sprint,a,mobile
1562893280142,submit,b156,sprint,,mobile
1562893284576,enter,b164,sprint,,mobile
1562893309372,respond,q164,sprint,c,mobile
1562893312262,submit,b164,sprint,,mobile
1562893320813,enter,b8066,sprint,,mobile
1562893342868,respond,q11013,sprint,d,mobile
1562893345795,submit,b8066,sprint,,mobile
1562893349792,enter,b196,sprint,,mobile
1562893374315,respond,q196,sprint,a,mobile
1562893377315,submit,b196,sprint,,mobile
1562893403874,enter,b5574,sprint,,mobile
1562893429151,respond,q8103,sprint,a,mobile
1562893432073,submit,b5574,sprint,,mobile
1562893438736,enter,b185,sprint,,mobile
1562893461177,respond,q185,sprint,a,mobile
1562893464542,submit,b185,sprint,,mobile
1562893468676,enter,b8080,sprint,,mobile
1562893493776,respond,q11027,sprint,b,mobile
1562893496474,submit,b8080,sprint,,mobile
1562893501444,enter,b166,sprint,,mobile
1562893525113,respond,q166,sprint,d,mobile
1562893529689,submit,b166,sprint,,mobile
1562893536592,enter,b154,sprint,,mobile
1562893560242,respond,q154,sprint,d,mobile
1562893563545,submit,b154,sprint,,mobile
1562893589623,enter,b166,adaptive_offer,,mobile
1562893612318,respond,q166,adaptive_offer,c,mobile
1562893614973,submit,b166,adaptive_offer,,mobile
1562893619922,enter,b154,adaptive_offer,,mobile
1562893640492,respond,q154,adaptive_offer,b,mobile
1562893643482,submit,b154,adaptive_offer,,mobile
1562893654945,enter,b5535,sprint,,mobile
1562893677134,respond,q8064,sprint,c,mobile
1562893680182,submit,b5535,sprint,,mobile
