timestamp,action_type,item_id,source,user_answer,platform
1562744320915,enter,b6942,diagnosis,,mobile
1562744332304,respond,q9591,diagnosis,a,mobile
1562744338875,submit,b6942,diagnosis,,mobile
1562744338989,enter,b7,diagnosis,,mobile
1562744348543,respond,q7,diagnosis,a,mobile
1562744382219,respond,q7,diagnosis,a,mobile
1562744387510,submit,b7,diagnosis,,mobile
1562744387592,enter,b377,diagnosis,,mobile
1562744406931,respond,q377,diagnosis,a,mobile
1562744410741,submit,b377,diagnosis,,mobile
1562744410820,enter,b3953,diagnosis,,mobile
1562744427003,respond,q5421,diagnosis,a,mobile
1562744430927,submit,b3953,diagnosis,,mobile
1562744430998,enter,b3374,diagnosis,,mobile
1562744454554,respond,q4842,diagnosis,d,mobile
1562744458356,submit,b3374,diagnosis,,mobile
1562744458434,enter,b2656,diagnosis,,mobile
1562744486826,respond,q4124,diagnosis,a,mobile
1562744491021,submit,b2656,diagnosis,,mobile
