timestamp,action_type,item_id,source,user_answer,platform
1562733498331,enter,b236,sprint,,mobile
1562733505220,submit,b236,sprint,,mobile
1562989627299,enter,b2877,diagnosis,,mobile
1562989641315,respond,q4345,diagnosis,a,mobile
1562989648078,submit,b2877,diagnosis,,mobile
1562989648176,enter,b990,diagnosis,,mobile
1562989668049,respond,q990,diagnosis,c,mobile
1562989672370,submit,b990,diagnosis,,mobile
1562989672437,enter,b5128,diagnosis,,mobile
1562989707002,respond,q6722,diagnosis,c,mobile
1562989711348,submit,b5128,diagnosis,,mobile
1562989711404,enter,b4288,diagnosis,,mobile
1562989753738,respond,q5756,diagnosis,b,mobile
1562989759896,submit,b4288,diagnosis,,mobile
1562989759943,enter,b2199,diagnosis,,mobile
1562989783443,respond,q3667,diagnosis,a,mobile
1562989787962,submit,b2199,diagnosis,,mobile
1562989788024,enter,b2317,diagnosis,,mobile
1562989822109,respond,q3785,diagnosis,a,mobile
1562989826746,submit,b2317,diagnosis,,mobile
1562989826795,enter,b4251,diagnosis,,mobile
1562989845578,respond,q5719,diagnosis,d,mobile
1562989849390,submit,b4251,diagnosis,,mobile
1562989849462,enter,b3531,diagnosis,,mobile
1562989870542,respond,q4999,diagnosis,d,mobile
1562989874483,submit,b3531,diagnosis,,mobile
1562989874521,enter,b4808,diagnosis,,mobile
1562989914494,respond,q6276,diagnosis,b,mobile
1562989918972,submit,b4808,diagnosis,,mobile
1562989919024,enter,b3061,diagnosis,,mobile
1562989943336,respond,q4529,diagnosis,d,mobile
1562989947812,submit,b3061,diagnosis,,mobile
1562989996596,enter,b181,sprint,,mobile
1562990013397,respond,q181,sprint,b,mobile
1562990019687,submit,b181,sprint,,mobile
1562990053221,enter,b5638,sprint,,mobile
1562990078964,respond,q8167,sprint,c,mobile
1562990082930,submit,b5638,sprint,,mobile
1562990108926,enter,b11,sprint,,mobile
1562990127138,respond,q11,sprint,b,mobile
1562990134269,submit,b11,sprint,,mobile
1562990148358,enter,b8018,sprint,,mobile
1562990169412,respond,q10965,sprint,d,mobile
1562990172465,submit,b8018,sprint,,mobile
1562990178598,enter,b108,sprint,,mobile
1562990199154,respond,q108,sprint,b,mobile
1562990202374,submit,b108,sprint,,mobile
1562990240811,enter,b5536,sprint,,mobile
1562990262015,respond,q8065,sprint,a,mobile
1562990266256,submit,b5536,sprint,,mobile
1562990289859,enter,b5551,sprint,,mobile
1562990310364,respond,q8080,sprint,d,mobile
1562990313781,submit,b5551,sprint,,mobile
1562990326917,enter,b8091,sprint,,mobile
1562990349934,respond,q11038,sprint,d,mobile
1562990356178,submit,b8091,sprint,,mobile
1562990368228,enter,b150,sprint,,mobile
1562990381989,respond,q150,sprint,b,mobile
1562990391396,respond,q150,sprint,d,mobile
1562990394872,submit,b150,sprint,,mobile
1562990407721,enter,b86,sprint,,mobile
1562990438383,respond,q86,sprint,d,mobile
1562990441777,submit,b86,sprint,,mobile
1562990493858,enter,b1316,sprint,,mobile
1562990511485,respond,q1316,sprint,b,mobile
1562990514606,submit,b1316,sprint,,mobile
