timestamp,action_type,item_id,source,user_answer,platform
1563109152035,enter,b3947,diagnosis,,mobile
1563109175345,respond,q5415,diagnosis,c,mobile
1563109181789,submit,b3947,diagnosis,,mobile
1563109181885,enter,b4626,diagnosis,,mobile
1563109197257,respond,q6094,diagnosis,b,mobile
1563109201616,submit,b4626,diagnosis,,mobile
1563109201714,enter,b2653,diagnosis,,mobile
1563109222059,respond,q4121,diagnosis,a,mobile
1563109226014,submit,b2653,diagnosis,,mobile
1563109226096,enter,b4712,diagnosis,,mobile
1563109249111,respond,q6180,diagnosis,b,mobile
1563109250150,respond,q6180,diagnosis,d,mobile
1563109250784,respond,q6180,diagnosis,b,mobile
1563109254984,submit,b4712,diagnosis,,mobile
1563109255060,enter,b4978,diagnosis,,mobile
1563109277010,respond,q6446,diagnosis,b,mobile
1563109283091,respond,q6446,diagnosis,a,mobile
1563109285564,respond,q6446,diagnosis,c,mobile
1563109286069,respond,q6446,diagnosis,d,mobile
1563109289806,submit,b4978,diagnosis,,mobile
1563109289888,enter,b4883,diagnosis,,mobile
1563109309518,respond,q6351,diagnosis,a,mobile
1563109312658,respond,q6351,diagnosis,d,mobile
1563109313979,respond,q6351,diagnosis,a,mobile
1563109317420,submit,b4883,diagnosis,,mobile
