timestamp,action_type,item_id,source,user_answer,platform
1563159764489,enter,b5131,diagnosis,,mobile
1563159799750,respond,q6725,diagnosis,c,mobile
1563159806553,submit,b5131,diagnosis,,mobile
1563159806611,enter,b2159,diagnosis,,mobile
1563159833051,respond,q3627,diagnosis,b,mobile
1563159837897,submit,b2159,diagnosis,,mobile
1563159837958,enter,b3551,diagnosis,,mobile
1563159884247,respond,q5019,diagnosis,d,mobile
1563159889723,submit,b3551,diagnosis,,mobile
1563159889775,enter,b215,diagnosis,,mobile
1563159916953,respond,q215,diagnosis,b,mobile
1563159921962,submit,b215,diagnosis,,mobile
1563159922010,enter,b2416,diagnosis,,mobile
1563159961221,respond,q3884,diagnosis,a,mobile
1563159966699,submit,b2416,diagnosis,,mobile
1563159966747,enter,b4980,diagnosis,,mobile
1563160003709,respond,q6448,diagnosis,a,mobile
1563160008270,submit,b4980,diagnosis,,mobile
