timestamp,action_type,item_id,source,user_answer,platform
1563736693124,enter,b6960,diagnosis,,mobile
1563736717729,respond,q9609,diagnosis,a,mobile
1563736724142,submit,b6960,diagnosis,,mobile
1563736724234,enter,b2816,diagnosis,,mobile
1563736734776,respond,q4284,diagnosis,b,mobile
1563736739390,submit,b2816,diagnosis,,mobile
1563736739532,enter,b5625,diagnosis,,mobile
1563736756275,respond,q8154,diagnosis,b,mobile
1563736760681,submit,b5625,diagnosis,,mobile
1563736760833,enter,b99,diagnosis,,mobile
1563736778071,respond,q99,diagnosis,a,mobile
1563736781670,submit,b99,diagnosis,,mobile
1563736781772,enter,b3303,diagnosis,,mobile
1563736798048,respond,q4771,diagnosis,a,mobile
1563736801939,submit,b3303,diagnosis,,mobile
