timestamp,action_type,item_id,source,user_answer,platform
1563726445528,enter,b4771,diagnosis,,mobile
1563726478345,respond,q6239,diagnosis,a,mobile
1563726485417,submit,b4771,diagnosis,,mobile
1563726485489,enter,b2316,diagnosis,,mobile
1563726517487,respond,q3784,diagnosis,b,mobile
1563726524936,submit,b2316,diagnosis,,mobile
1563726525048,enter,b5645,diagnosis,,mobile
1563726556897,submit,b5645,diagnosis,,mobile
1563726557003,enter,b4109,diagnosis,,mobile
1563726571459,respond,q5577,diagnosis,a,mobile
1563726575954,submit,b4109,diagnosis,,mobile
1563726576016,enter,b3351,diagnosis,,mobile
1563726598011,respond,q4819,diagnosis,d,mobile
1563726602559,submit,b3351,diagnosis,,mobile
1563726602613,enter,b2262,diagnosis,,mobile
1563726628734,respond,q3730,diagnosis,c,mobile
1563726634716,submit,b2262,diagnosis,,mobile
