timestamp,action_type,item_id,source,user_answer,platform
1563927643351,enter,b2272,diagnosis,,mobile
1563927655597,respond,q3740,diagnosis,a,mobile
1563927671954,submit,b2272,diagnosis,,mobile
1563927672067,enter,b4896,diagnosis,,mobile
1563927713663,respond,q6364,diagnosis,c,mobile
1563927715920,respond,q6364,diagnosis,a,mobile
1563927720261,submit,b4896,diagnosis,,mobile
1563927720342,enter,b4410,diagnosis,,mobile
1563927749672,respond,q5878,diagnosis,d,mobile
1563927754472,submit,b4410,diagnosis,,mobile
1563927754573,enter,b2575,diagnosis,,mobile
1563927766504,respond,q4043,diagnosis,a,mobile
1563927788321,respond,q4043,diagnosis,b,mobile
1563927819287,submit,b2575,diagnosis,,mobile
1563927819372,enter,b5165,diagnosis,,mobile
1563927892919,respond,q6759,diagnosis,d,mobile
1563927897414,submit,b5165,diagnosis,,mobile
1563927897492,enter,b3916,diagnosis,,mobile
1563927919212,respond,q5384,diagnosis,b,mobile
1563927926787,submit,b3916,diagnosis,,mobile
1563927926876,enter,b4212,diagnosis,,mobile
1563927974863,respond,q5680,diagnosis,c,mobile
1563927979751,submit,b4212,diagnosis,,mobile
1563927979806,enter,b2507,diagnosis,,mobile
1563928056405,respond,q3975,diagnosis,c,mobile
1563928061444,submit,b2507,diagnosis,,mobile
1563928061505,enter,b190,diagnosis,,mobile
1563928083906,respond,q190,diagnosis,a,mobile
1563928088895,submit,b190,diagnosis,,mobile
1563928088975,enter,b2482,diagnosis,,mobile
1563928122752,respond,q3950,diagnosis,b,mobile
1563928127097,submit,b2482,diagnosis,,mobile
