timestamp,action_type,item_id,source,user_answer,platform
1559971219896,enter,b4543,diagnosis,,mobile
1559971248666,respond,q6011,diagnosis,d,mobile
1559971250186,respond,q6011,diagnosis,c,mobile
1559971256217,submit,b4543,diagnosis,,mobile
1559971256287,enter,b2529,diagnosis,,mobile
1559971271416,respond,q3997,diagnosis,b,mobile
1559971277304,submit,b2529,diagnosis,,mobile
1559971344836,enter,b4480,diagnosis,,mobile
1559971351135,respond,q5948,diagnosis,a,mobile
1559971356557,submit,b4480,diagnosis,,mobile
1559971356611,enter,b2383,diagnosis,,mobile
1559971365754,respond,q3851,diagnosis,d,mobile
1559971370184,submit,b2383,diagnosis,,mobile
1559971370256,enter,b754,diagnosis,,mobile
1559971394342,respond,q754,diagnosis,b,mobile
1559971398858,submit,b754,diagnosis,,mobile
1559971398914,enter,b3787,diagnosis,,mobile
1559971409292,respond,q5255,diagnosis,b,mobile
1559971412992,submit,b3787,diagnosis,,mobile
1559971413040,enter,b4700,diagnosis,,mobile
1559971414411,respond,q6168,diagnosis,a,mobile
1559971418753,submit,b4700,diagnosis,,mobile
1567052855640,enter,b7406,tutor,,mobile
1567052907712,respond,q10055,tutor,a,mobile
1567052916989,submit,b7406,tutor,,mobile
1567053219196,enter,b1144,tutor,,mobile
1567053267815,respond,q1144,tutor,c,mobile
1567053272334,respond,q1144,tutor,b,mobile
1567053272905,respond,q1144,tutor,a,mobile
1567053273539,respond,q1144,tutor,b,mobile
1567053277269,submit,b1144,tutor,,mobile
1567053351825,enter,b7389,tutor,,mobile
1567053393299,respond,q10038,tutor,a,mobile
1567053397078,submit,b7389,tutor,,mobile
1567053492716,enter,b1449,tutor,,mobile
1567053609462,respond,q1545,tutor,d,mobile
1567053611778,respond,q1545,tutor,d,mobile
1567053617699,submit,b1449,tutor,,mobile
1567054070744,enter,b1449,tutor,,mobile
1567054090159,submit,b1449,tutor,,mobile
1567054090220,enter,b1522,tutor,,mobile
1567054211615,respond,q1764,tutor,b,mobile
1567054227517,submit,b1522,tutor,,mobile
