timestamp,action_type,item_id,source,user_answer,platform
1564210866127,enter,b2975,diagnosis,,mobile
1564210879540,respond,q4443,diagnosis,d,mobile
1564210887037,submit,b2975,diagnosis,,mobile
1564210887111,enter,b3679,diagnosis,,mobile
1564210903233,respond,q5147,diagnosis,b,mobile
1564210908145,submit,b3679,diagnosis,,mobile
1564210908216,enter,b2557,diagnosis,,mobile
1564210930817,respond,q4025,diagnosis,c,mobile
1564210935744,submit,b2557,diagnosis,,mobile
1564210935834,enter,b218,diagnosis,,mobile
1564210954288,submit,b218,diagnosis,,mobile
1564210963521,enter,b218,diagnosis,,mobile
1564210987129,respond,q218,diagnosis,a,mobile
1564210993578,submit,b218,diagnosis,,mobile
1564210993651,enter,b2743,diagnosis,,mobile
1564211032322,respond,q4211,diagnosis,c,mobile
1564211036696,submit,b2743,diagnosis,,mobile
1564211036762,enter,b4766,diagnosis,,mobile
1564211064323,respond,q6234,diagnosis,c,mobile
1564211069081,submit,b4766,diagnosis,,mobile
1564211069139,enter,b5625,diagnosis,,mobile
1564211081163,respond,q8154,diagnosis,b,mobile
1564211087182,submit,b5625,diagnosis,,mobile
1564211311255,enter,b748,sprint,,mobile
1564211326936,respond,q748,sprint,a,mobile
1564211330932,submit,b748,sprint,,mobile
1564211363174,enter,b1219,sprint,,mobile
1564211380591,respond,q1219,sprint,b,mobile
1564211384721,submit,b1219,sprint,,mobile
1564211407329,enter,b649,sprint,,mobile
1564211423326,respond,q649,sprint,a,mobile
1564211426722,submit,b649,sprint,,mobile
1564211452764,enter,b11760,sprint,,mobile
1564211470718,respond,q17643,sprint,a,mobile
1564211474444,submit,b11760,sprint,,mobile
1564211497786,enter,b523,sprint,,mobile
1564211513536,respond,q523,sprint,c,mobile
1564211519381,submit,b523,sprint,,mobile
1564211541740,enter,b794,sprint,,mobile
1564211558599,respond,q794,sprint,c,mobile
1564211562498,submit,b794,sprint,,mobile
1564211587826,enter,b1248,sprint,,mobile
1564211603725,respond,q1248,sprint,a,mobile
1564211607418,submit,b1248,sprint,,mobile
1564211630536,enter,b11775,sprint,,mobile
1564211650126,respond,q17658,sprint,b,mobile
1564211653572,submit,b11775,sprint,,mobile
1564211675964,enter,b205,sprint,,mobile
1564211693308,respond,q205,sprint,a,mobile
1564211696757,submit,b205,sprint,,mobile
1564211718930,enter,b276,sprint,,mobile
1564211734448,respond,q276,sprint,b,mobile
1564211737555,submit,b276,sprint,,mobile
1564211839510,enter,b5143,sprint,,mobile
1564211869259,respond,q6737,sprint,c,mobile
1564211872914,submit,b5143,sprint,,mobile
1564211888516,enter,b3071,sprint,,mobile
1564211914944,respond,q4539,sprint,a,mobile
1564211919270,submit,b3071,sprint,,mobile
1564211938128,enter,b3147,sprint,,mobile
1564211943186,respond,q4615,sprint,c,mobile
1564211946760,submit,b3147,sprint,,mobile
1564211955565,enter,b7020,sprint,,mobile
1564211969395,respond,q9669,sprint,d,mobile
1564211974316,submit,b7020,sprint,,mobile
1564212006865,enter,b3799,sprint,,mobile
1564212047835,respond,q5267,sprint,d,mobile
1564212050575,submit,b3799,sprint,,mobile
1564212062638,enter,b4659,sprint,,mobile
1564212089728,respond,q6127,sprint,d,mobile
1564212093074,submit,b4659,sprint,,mobile
1564212107125,enter,b4870,sprint,,mobile
1564212121597,respond,q6338,sprint,a,mobile
1564212125262,submit,b4870,sprint,,mobile
1564212139448,enter,b6793,sprint,,mobile
1564212161879,respond,q9442,sprint,c,mobile
1564212165353,submit,b6793,sprint,,mobile
1564212178050,enter,b6043,sprint,,mobile
1564212218387,respond,q8692,sprint,a,mobile
1564212224666,submit,b6043,sprint,,mobile
1564212240731,enter,b3352,sprint,,mobile
1564212294170,respond,q4820,sprint,d,mobile
1564212297482,submit,b3352,sprint,,mobile
1564319578255,enter,b737,sprint,,mobile
1564319597070,respond,q737,sprint,c,mobile
1564319602490,submit,b737,sprint,,mobile
1564319627664,enter,b1047,sprint,,mobile
1564319637385,respond,q1047,sprint,a,mobile
1564319641145,submit,b1047,sprint,,mobile
1564319666484,enter,b1258,sprint,,mobile
1564319683389,respond,q1258,sprint,a,mobile
1564319688220,submit,b1258,sprint,,mobile
1564319696161,enter,b11698,sprint,,mobile
1564319716174,respond,q17543,sprint,b,mobile
1564319720676,submit,b11698,sprint,,mobile
1564319748721,enter,b730,sprint,,mobile
1564319765676,respond,q730,sprint,a,mobile
1564319771999,submit,b730,sprint,,mobile
1564319781579,enter,b482,sprint,,mobile
1564319797940,respond,q482,sprint,b,mobile
1564319802493,submit,b482,sprint,,mobile
1564319809308,enter,b421,sprint,,mobile
1564319828493,respond,q421,sprint,a,mobile
1564319835961,submit,b421,sprint,,mobile
1564319859452,enter,b8312,sprint,,mobile
1564319875064,respond,q11259,sprint,b,mobile
1564319880210,submit,b8312,sprint,,mobile
1564319886518,enter,b448,sprint,,mobile
1564319904371,respond,q448,sprint,b,mobile
1564319910249,submit,b448,sprint,,mobile
1564319934883,enter,b422,sprint,,mobile
1564319951344,respond,q422,sprint,a,mobile
1564319955450,submit,b422,sprint,,mobile
1564319968960,enter,b701,sprint,,mobile
1564319991072,respond,q701,sprint,a,mobile
1564319996630,submit,b701,sprint,,mobile
1564320023717,enter,b11759,sprint,,mobile
1564320046315,respond,q17642,sprint,c,mobile
1564320050949,submit,b11759,sprint,,mobile
1564320075525,enter,b609,sprint,,mobile
1564320101415,respond,q609,sprint,a,mobile
1564320106013,submit,b609,sprint,,mobile
1564320127787,enter,b686,sprint,,mobile
1564320145537,respond,q686,sprint,b,mobile
1564320151150,submit,b686,sprint,,mobile
1564320159054,enter,b1149,sprint,,mobile
1564320174953,respond,q1149,sprint,b,mobile
1564320179964,submit,b1149,sprint,,mobile
1564320187058,enter,b11764,sprint,,mobile
1564320214121,respond,q17647,sprint,c,mobile
1564320220633,submit,b11764,sprint,,mobile
1564320230509,enter,b671,sprint,,mobile
1564320253187,respond,q671,sprint,a,mobile
1564320256571,submit,b671,sprint,,mobile
1564320289207,enter,b959,sprint,,mobile
1564320307417,respond,q959,sprint,c,mobile
1564320311535,submit,b959,sprint,,mobile
1564320324413,enter,b236,sprint,,mobile
1564320346178,respond,q236,sprint,a,mobile
1564320351316,submit,b236,sprint,,mobile
1564320381835,enter,b11762,sprint,,mobile
1564320408532,respond,q17645,sprint,a,mobile
1564320412205,submit,b11762,sprint,,mobile
1564320547096,enter,b4308,sprint,,mobile
1564320581888,respond,q5776,sprint,d,mobile
1564320587018,submit,b4308,sprint,,mobile
1564320596920,enter,b3878,sprint,,mobile
1564320620668,respond,q5346,sprint,c,mobile
1564320626982,submit,b3878,sprint,,mobile
1564320653457,enter,b4214,sprint,,mobile
1564320669291,respond,q5682,sprint,c,mobile
1564320676390,submit,b4214,sprint,,mobile
1564320698906,enter,b6469,sprint,,mobile
1564320716172,respond,q9118,sprint,c,mobile
1564320722304,submit,b6469,sprint,,mobile
1564320738197,enter,b6012,sprint,,mobile
1564320748603,respond,q8661,sprint,d,mobile
1564320758137,submit,b6012,sprint,,mobile
1564320771484,enter,b3001,sprint,,mobile
1564320786662,respond,q4469,sprint,b,mobile
1564320795824,submit,b3001,sprint,,mobile
1564320812777,enter,b5068,sprint,,mobile
1564320837857,respond,q6536,sprint,c,mobile
1564320844173,submit,b5068,sprint,,mobile
1564320864747,enter,b11542,sprint,,mobile
1564320893400,respond,q17305,sprint,d,mobile
1564320897895,submit,b11542,sprint,,mobile
1564320919170,enter,b3002,sprint,,mobile
1564320950539,respond,q4470,sprint,a,mobile
1564320955362,submit,b3002,sprint,,mobile
1564320984553,enter,b4793,sprint,,mobile
1564321031002,respond,q6261,sprint,d,mobile
1564321036733,submit,b4793,sprint,,mobile
1564321055390,enter,b2460,sprint,,mobile
1564321073952,respond,q3928,sprint,b,mobile
1564321078216,submit,b2460,sprint,,mobile
1564321094551,enter,b6304,sprint,,mobile
1564321117487,respond,q8953,sprint,a,mobile
1564321121532,submit,b6304,sprint,,mobile
1564321141242,enter,b2320,sprint,,mobile
1564321153963,respond,q3788,sprint,b,mobile
1564321167601,submit,b2320,sprint,,mobile
1564321187636,enter,b3774,sprint,,mobile
1564321210470,respond,q5242,sprint,a,mobile
1564321219621,submit,b3774,sprint,,mobile
1564321234938,enter,b5765,sprint,,mobile
1564321265178,respond,q8414,sprint,a,mobile
1564321271755,submit,b5765,sprint,,mobile
1564321286244,enter,b7622,sprint,,mobile
1564321327463,respond,q10271,sprint,a,mobile
1564321333795,submit,b7622,sprint,,mobile
1564321351063,enter,b2734,sprint,,mobile
1564321379296,respond,q4202,sprint,b,mobile
1564321384517,submit,b2734,sprint,,mobile
1564321401133,enter,b3357,sprint,,mobile
1564321424163,respond,q4825,sprint,c,mobile
1564321429346,submit,b3357,sprint,,mobile
1564321441998,enter,b3777,sprint,,mobile
1564321474240,respond,q5245,sprint,b,mobile
1564321480644,submit,b3777,sprint,,mobile
1564321493300,enter,b7328,sprint,,mobile
1564321519095,respond,q9977,sprint,d,mobile
1564321522731,submit,b7328,sprint,,mobile
1564321584839,enter,b5225,sprint,,mobile
1564321675125,respond,q6996,sprint,a,mobile
1564321682112,submit,b5225,sprint,,mobile
1564321947210,enter,b3585,sprint,,mobile
1564321968901,respond,q5053,sprint,a,mobile
1564321982305,submit,b3585,sprint,,mobile
1564321996189,enter,b4885,sprint,,mobile
1564322016724,respond,q6353,sprint,a,mobile
1564322026239,submit,b4885,sprint,,mobile
1564322050559,enter,b3854,sprint,,mobile
1564322063186,respond,q5322,sprint,d,mobile
1564322067087,submit,b3854,sprint,,mobile
1564322083117,enter,b6159,sprint,,mobile
1564322101392,respond,q8808,sprint,d,mobile
1564322111493,respond,q8808,sprint,b,mobile
1564322115025,submit,b6159,sprint,,mobile
1564322136887,enter,b3938,sprint,,mobile
1564322156831,respond,q5406,sprint,a,mobile
1564322167243,submit,b3938,sprint,,mobile
1564322181130,enter,b3261,sprint,,mobile
1564322192271,respond,q4729,sprint,c,mobile
1564322195874,submit,b3261,sprint,,mobile
1564322222053,enter,b3607,sprint,,mobile
1564322250458,respond,q5075,sprint,d,mobile
1564322257252,submit,b3607,sprint,,mobile
1564322269894,enter,b11539,sprint,,mobile
1564322285768,respond,q17302,sprint,a,mobile
1564322290420,submit,b11539,sprint,,mobile
1564322300300,enter,b3045,sprint,,mobile
1564322318145,respond,q4513,sprint,b,mobile
1564322326171,submit,b3045,sprint,,mobile
1564322477031,enter,b3607,adaptive_offer,,mobile
1564322485237,respond,q5075,adaptive_offer,b,mobile
1564322491650,submit,b3607,adaptive_offer,,mobile
1564322500327,enter,b3045,adaptive_offer,,mobile
1564322508046,respond,q4513,adaptive_offer,c,mobile
1564322512253,submit,b3045,adaptive_offer,,mobile
1564322532607,enter,b3287,sprint,,mobile
1564322542058,respond,q4755,sprint,d,mobile
1564322549114,submit,b3287,sprint,,mobile
1564322568308,enter,b2257,sprint,,mobile
1564322594899,respond,q3725,sprint,a,mobile
1564322599899,submit,b2257,sprint,,mobile
1564322618562,enter,b11611,sprint,,mobile
1564322665460,respond,q17374,sprint,c,mobile
1564322670128,submit,b11611,sprint,,mobile
1564322684921,enter,b4951,sprint,,mobile
1564322707729,respond,q6419,sprint,c,mobile
1564322713173,submit,b4951,sprint,,mobile
1564322731381,enter,b5768,sprint,,mobile
1564322766222,respond,q8417,sprint,a,mobile
1564322776139,submit,b5768,sprint,,mobile
1564322790905,enter,b4201,sprint,,mobile
1564322803929,respond,q5669,sprint,a,mobile
1564322811250,submit,b4201,sprint,,mobile
1564322819745,enter,b6735,sprint,,mobile
1564322849417,respond,q9384,sprint,b,mobile
1564322859282,submit,b6735,sprint,,mobile
1564322873872,enter,b3023,sprint,,mobile
1564322921770,respond,q4491,sprint,d,mobile
1564322928222,submit,b3023,sprint,,mobile
1564322945151,enter,b6972,sprint,,mobile
1564322987278,respond,q9621,sprint,a,mobile
1564322991781,submit,b6972,sprint,,mobile
1564323006873,enter,b4169,sprint,,mobile
1564323022606,respond,q5637,sprint,c,mobile
1564323028318,submit,b4169,sprint,,mobile
1564323037522,enter,b6699,sprint,,mobile
1564323066154,respond,q9348,sprint,b,mobile
1564323071677,submit,b6699,sprint,,mobile
1564323166996,enter,b16,sprint,,mobile
1564323192619,respond,q16,sprint,c,mobile
1564323196455,submit,b16,sprint,,mobile
1564323219842,enter,b114,sprint,,mobile
1564323243997,respond,q114,sprint,b,mobile
1564323248349,submit,b114,sprint,,mobile
1564323256401,enter,b5584,sprint,,mobile
1564323283661,respond,q8113,sprint,a,mobile
1564323289460,submit,b5584,sprint,,mobile
1564323316284,enter,b8276,sprint,,mobile
1564323341152,respond,q11223,sprint,b,mobile
1564323344820,submit,b8276,sprint,,mobile
1564323359930,enter,b154,sprint,,mobile
1564323382464,respond,q154,sprint,b,mobile
1564323389941,submit,b154,sprint,,mobile
1564323399864,enter,b165,sprint,,mobile
1564323413883,respond,q165,sprint,b,mobile
1564323417655,submit,b165,sprint,,mobile
1564323483173,enter,b5198,sprint,,mobile
1564323583967,respond,q6887,sprint,b,mobile
1564323596500,submit,b5198,sprint,,mobile
1564323636812,enter,b5203,sprint,,mobile
1564323767424,respond,q6908,sprint,c,mobile
1564323772866,submit,b5203,sprint,,mobile
1564323889365,enter,b4215,sprint,,mobile
1564323933386,respond,q5683,sprint,a,mobile
1564323939768,submit,b4215,sprint,,mobile
1564323973676,enter,b4985,sprint,,mobile
1564324016612,respond,q6453,sprint,d,mobile
1564324022158,submit,b4985,sprint,,mobile
1564324046254,enter,b4052,sprint,,mobile
1564324074646,respond,q5520,sprint,d,mobile
1564324082317,submit,b4052,sprint,,mobile
1564324145176,enter,b5362,sprint,,mobile
1564324270867,respond,q7489,sprint,a,mobile
1564324279293,submit,b5362,sprint,,mobile
1564324295301,enter,b5442,sprint,,mobile
1564324365533,respond,q7766,sprint,d,mobile
1564324370161,submit,b5442,sprint,,mobile
