timestamp,action_type,item_id,source,user_answer,platform
1564660623399,enter,b2309,diagnosis,,mobile
1564660660901,respond,q3777,diagnosis,b,mobile
1564660669192,submit,b2309,diagnosis,,mobile
1564660669360,enter,b4525,diagnosis,,mobile
1564660733183,respond,q5993,diagnosis,b,mobile
1564660738638,submit,b4525,diagnosis,,mobile
1564660738756,enter,b2692,diagnosis,,mobile
1564660787740,respond,q4160,diagnosis,d,mobile
1564660792238,submit,b2692,diagnosis,,mobile
1564660792339,enter,b4925,diagnosis,,mobile
1564660856389,respond,q6393,diagnosis,c,mobile
1564660861442,submit,b4925,diagnosis,,mobile
1564660861563,enter,b210,diagnosis,,mobile
1564660881301,respond,q210,diagnosis,a,mobile
1564660890136,submit,b210,diagnosis,,mobile
1564660890230,enter,b4561,diagnosis,,mobile
1564660961154,respond,q6029,diagnosis,c,mobile
1564660971061,submit,b4561,diagnosis,,mobile
1564660971157,enter,b7373,diagnosis,,mobile
1564661037583,respond,q10022,diagnosis,c,mobile
1564661042813,submit,b7373,diagnosis,,mobile
1564719589957,enter,b467,sprint,,mobile
1564719597480,submit,b467,sprint,,mobile
1564719602850,enter,b467,sprint,,mobile
1564719638533,respond,q467,sprint,a,mobile
1564719644190,submit,b467,sprint,,mobile
1564719719714,enter,b741,sprint,,mobile
1564719740051,respond,q741,sprint,b,mobile
1564719744298,submit,b741,sprint,,mobile
1564719834057,enter,b874,sprint,,mobile
1564719871364,respond,q874,sprint,c,mobile
1564719875584,submit,b874,sprint,,mobile
1564719879153,enter,b11756,sprint,,mobile
1564719883259,submit,b11756,sprint,,mobile
1564719904481,enter,b11756,sprint,,mobile
1564719926976,respond,q17639,sprint,c,mobile
1564719931012,submit,b11756,sprint,,mobile
