timestamp,action_type,item_id,source,user_answer,platform
1564763583038,enter,b3414,diagnosis,,mobile
1564763600715,respond,q4882,diagnosis,b,mobile
1564763606422,submit,b3414,diagnosis,,mobile
1564763606520,enter,b1085,diagnosis,,mobile
1564763619345,respond,q1085,diagnosis,b,mobile
1564763622837,submit,b1085,diagnosis,,mobile
1564763622903,enter,b297,diagnosis,,mobile
1564763638062,respond,q297,diagnosis,b,mobile
1564763641870,submit,b297,diagnosis,,mobile
1564763641959,enter,b3732,diagnosis,,mobile
1564763660097,respond,q5200,diagnosis,a,mobile
1564763664294,submit,b3732,diagnosis,,mobile
1564763664358,enter,b2746,diagnosis,,mobile
1564763685028,respond,q4214,diagnosis,a,mobile
1564763689075,submit,b2746,diagnosis,,mobile
1564763689142,enter,b4028,diagnosis,,mobile
1564763701775,respond,q5496,diagnosis,a,mobile
1564763704746,respond,q5496,diagnosis,d,mobile
1564763708976,respond,q5496,diagnosis,a,mobile
1564763713343,submit,b4028,diagnosis,,mobile
1564763713407,enter,b4298,diagnosis,,mobile
1564763726135,respond,q5766,diagnosis,b,mobile
1564763733320,submit,b4298,diagnosis,,mobile
