timestamp,action_type,item_id,source,user_answer,platform
1564982652824,enter,b2650,diagnosis,,mobile
1564982669918,respond,q4118,diagnosis,b,mobile
1564982677320,submit,b2650,diagnosis,,mobile
1564982677423,enter,b3184,diagnosis,,mobile
1564982725117,respond,q4652,diagnosis,d,mobile
1564982728928,submit,b3184,diagnosis,,mobile
1564982729040,enter,b5137,diagnosis,,mobile
1564982756738,respond,q6731,diagnosis,d,mobile
1564982760972,submit,b5137,diagnosis,,mobile
1564982761081,enter,b2557,diagnosis,,mobile
1564982787856,respond,q4025,diagnosis,c,mobile
1564982792500,submit,b2557,diagnosis,,mobile
1564982792579,enter,b2598,diagnosis,,mobile
1564982818252,respond,q4066,diagnosis,b,mobile
1564982822522,submit,b2598,diagnosis,,mobile
1564982822626,enter,b3780,diagnosis,,mobile
1564982847122,respond,q5248,diagnosis,d,mobile
1564982850894,submit,b3780,diagnosis,,mobile
