timestamp,action_type,item_id,source,user_answer,platform
1565100644173,enter,b3898,diagnosis,,mobile
1565100706687,respond,q5366,diagnosis,b,mobile
1565100715797,submit,b3898,diagnosis,,mobile
1565100715933,enter,b4913,diagnosis,,mobile
1565100731602,respond,q6381,diagnosis,c,mobile
1565100736484,submit,b4913,diagnosis,,mobile
1565100736573,enter,b4241,diagnosis,,mobile
1565100776228,respond,q5709,diagnosis,b,mobile
1565100780509,submit,b4241,diagnosis,,mobile
1565100780594,enter,b4224,diagnosis,,mobile
1565100833172,respond,q5692,diagnosis,b,mobile
1565100837676,submit,b4224,diagnosis,,mobile
1565100837765,enter,b4979,diagnosis,,mobile
1565100859147,respond,q6447,diagnosis,c,mobile
1565100862967,submit,b4979,diagnosis,,mobile
1565100863056,enter,b5060,diagnosis,,mobile
1565100894478,respond,q6528,diagnosis,d,mobile
1565100900391,submit,b5060,diagnosis,,mobile
