timestamp,action_type,item_id,source,user_answer,platform
1565086131544,enter,b3608,diagnosis,,mobile
1565086146054,respond,q5076,diagnosis,d,mobile
1565086151957,submit,b3608,diagnosis,,mobile
1565086152088,enter,b430,diagnosis,,mobile
1565086182499,respond,q430,diagnosis,c,mobile
1565086186643,submit,b430,diagnosis,,mobile
1565086186764,enter,b6931,diagnosis,,mobile
1565086209355,respond,q9580,diagnosis,b,mobile
1565086212986,submit,b6931,diagnosis,,mobile
1565086213450,enter,b3077,diagnosis,,mobile
1565086239157,respond,q4545,diagnosis,b,mobile
1565086243881,submit,b3077,diagnosis,,mobile
1565086243996,enter,b3738,diagnosis,,mobile
1565086263831,respond,q5206,diagnosis,d,mobile
1565086268166,submit,b3738,diagnosis,,mobile
1565086268282,enter,b5156,diagnosis,,mobile
1565086292639,respond,q6750,diagnosis,b,mobile
1565086297242,submit,b5156,diagnosis,,mobile
