timestamp,action_type,item_id,source,user_answer,platform
1565270336037,enter,b4945,diagnosis,,mobile
1565270357961,respond,q6413,diagnosis,a,mobile
1565270366496,submit,b4945,diagnosis,,mobile
1565270366613,enter,b852,diagnosis,,mobile
1565270387067,respond,q852,diagnosis,b,mobile
1565270393586,submit,b852,diagnosis,,mobile
1565270393682,enter,b4109,diagnosis,,mobile
1565270407213,respond,q5577,diagnosis,a,mobile
1565270413675,submit,b4109,diagnosis,,mobile
1565270413782,enter,b4091,diagnosis,,mobile
1565270448353,respond,q5559,diagnosis,b,mobile
1565270453255,submit,b4091,diagnosis,,mobile
1565270453324,enter,b2677,diagnosis,,mobile
1565270492481,respond,q4145,diagnosis,c,mobile
1565270496322,submit,b2677,diagnosis,,mobile
1565270496417,enter,b3797,diagnosis,,mobile
1565270531570,respond,q5265,diagnosis,b,mobile
1565270534159,respond,q5265,diagnosis,a,mobile
1565270538585,submit,b3797,diagnosis,,mobile
1565270538665,enter,b2727,diagnosis,,mobile
1565270570634,respond,q4195,diagnosis,a,mobile
1565270575561,submit,b2727,diagnosis,,mobile
1565270575660,enter,b4964,diagnosis,,mobile
1565270604228,respond,q6432,diagnosis,c,mobile
1565270609754,submit,b4964,diagnosis,,mobile
1565270609822,enter,b3283,diagnosis,,mobile
1565270642572,respond,q4751,diagnosis,b,mobile
1565270646736,submit,b3283,diagnosis,,mobile
1565270646836,enter,b3897,diagnosis,,mobile
1565270669632,respond,q5365,diagnosis,c,mobile
1565270674277,submit,b3897,diagnosis,,mobile
1565270942111,enter,b783,sprint,,mobile
1565270959932,respond,q783,sprint,a,mobile
1565270963657,submit,b783,sprint,,mobile
1565270978055,enter,b475,sprint,,mobile
1565270998295,respond,q475,sprint,b,mobile
1565271001548,submit,b475,sprint,,mobile
1565271033655,enter,b1076,sprint,,mobile
1565271051709,respond,q1076,sprint,c,mobile
1565271055016,submit,b1076,sprint,,mobile
1565271093774,enter,b8302,sprint,,mobile
1565271117192,respond,q11249,sprint,b,mobile
1565271121336,submit,b8302,sprint,,mobile
1565271163081,enter,b1220,sprint,,mobile
1565271184045,respond,q1220,sprint,c,mobile
1565271187214,submit,b1220,sprint,,mobile
1565271210008,enter,b829,sprint,,mobile
1565271224815,respond,q829,sprint,c,mobile
1565271227965,submit,b829,sprint,,mobile
1565271238678,enter,b327,sprint,,mobile
1565271257824,respond,q327,sprint,c,mobile
1565271261839,submit,b327,sprint,,mobile
1565271280947,enter,b295,sprint,,mobile
1565271298355,respond,q295,sprint,c,mobile
1565271303097,submit,b295,sprint,,mobile
1565271320977,enter,b511,sprint,,mobile
1565271338476,respond,q511,sprint,a,mobile
1565271341810,submit,b511,sprint,,mobile
1565349499793,enter,b3370,sprint,,mobile
1565349516073,respond,q4838,sprint,a,mobile
1565349521324,submit,b3370,sprint,,mobile
1565349537565,enter,b3693,sprint,,mobile
1565349570264,respond,q5161,sprint,a,mobile
1565349573976,submit,b3693,sprint,,mobile
1565349581926,enter,b4039,sprint,,mobile
1565349599314,respond,q5507,sprint,a,mobile
1565349607161,submit,b4039,sprint,,mobile
1565349613374,enter,b5716,sprint,,mobile
1565349653984,respond,q8365,sprint,b,mobile
1565349657435,submit,b5716,sprint,,mobile
1565349663244,enter,b2159,sprint,,mobile
1565349690500,respond,q3627,sprint,b,mobile
1565349697749,respond,q3627,sprint,c,mobile
1565349700250,submit,b2159,sprint,,mobile
1565349705918,enter,b4715,sprint,,mobile
1565349721535,respond,q6183,sprint,d,mobile
1565349725821,submit,b4715,sprint,,mobile
1565349739111,enter,b4289,sprint,,mobile
1565349753661,respond,q5757,sprint,b,mobile
1565349757763,submit,b4289,sprint,,mobile
1565349762843,enter,b6474,sprint,,mobile
1565349805025,respond,q9123,sprint,b,mobile
1565349807752,submit,b6474,sprint,,mobile
1565349814016,enter,b2306,sprint,,mobile
1565349839185,respond,q3774,sprint,a,mobile
1565349842568,submit,b2306,sprint,,mobile
1565349848683,enter,b3605,sprint,,mobile
1565349867600,respond,q5073,sprint,d,mobile
1565349870839,submit,b3605,sprint,,mobile
1565399264482,enter,b4884,sprint,,mobile
1565399275597,respond,q6352,sprint,a,mobile
1565399279548,submit,b4884,sprint,,mobile
1565399286469,enter,b6384,sprint,,mobile
1565399315141,respond,q9033,sprint,c,mobile
1565399318539,submit,b6384,sprint,,mobile
1565399325434,enter,b2698,sprint,,mobile
1565399336821,respond,q4166,sprint,d,mobile
1565399340754,submit,b2698,sprint,,mobile
1565399347027,enter,b4430,sprint,,mobile
1565399382871,respond,q5898,sprint,d,mobile
1565399386318,submit,b4430,sprint,,mobile
1565399392969,enter,b3082,sprint,,mobile
1565399425882,respond,q4550,sprint,d,mobile
1565399429840,submit,b3082,sprint,,mobile
1565399436374,enter,b7152,sprint,,mobile
1565399447619,respond,q9801,sprint,d,mobile
1565399451145,submit,b7152,sprint,,mobile
1565399459839,enter,b4998,sprint,,mobile
1565399472649,respond,q6466,sprint,a,mobile
1565399476221,submit,b4998,sprint,,mobile
1565399482557,enter,b3110,sprint,,mobile
1565399509247,respond,q4578,sprint,b,mobile
1565399513608,submit,b3110,sprint,,mobile
1565399519084,enter,b3933,sprint,,mobile
1565399541215,respond,q5401,sprint,b,mobile
1565399544637,submit,b3933,sprint,,mobile
1565399550158,enter,b6814,sprint,,mobile
1565399568939,respond,q9463,sprint,b,mobile
1565399571973,submit,b6814,sprint,,mobile
1565759429875,enter,b762,sprint,,mobile
1565759449382,submit,b762,sprint,,mobile
1565759456070,enter,b762,sprint,,mobile
1565759471108,respond,q762,sprint,b,mobile
1565759478373,submit,b762,sprint,,mobile
1565759485316,enter,b8316,sprint,,mobile
1565759503344,respond,q11263,sprint,b,mobile
1565759506840,submit,b8316,sprint,,mobile
1565759519096,enter,b289,sprint,,mobile
1565759535506,respond,q289,sprint,a,mobile
1565759538470,submit,b289,sprint,,mobile
1565759546844,enter,b555,sprint,,mobile
1565759565165,respond,q555,sprint,c,mobile
1565759568317,submit,b555,sprint,,mobile
1565759586242,enter,b1396,sprint,,mobile
1565759605349,respond,q1396,sprint,b,mobile
1565759608718,submit,b1396,sprint,,mobile
1565759628073,enter,b8312,sprint,,mobile
1565759646450,respond,q11259,sprint,b,mobile
1565759649288,submit,b8312,sprint,,mobile
1565759658365,enter,b361,sprint,,mobile
1565759694864,respond,q361,sprint,b,mobile
1565759697888,submit,b361,sprint,,mobile
1565759706707,enter,b1363,sprint,,mobile
1565759719301,submit,b1363,sprint,,mobile
1565759724147,enter,b1363,sprint,,mobile
1565759732796,respond,q1363,sprint,c,mobile
1565759737340,submit,b1363,sprint,,mobile
1565759745823,enter,b1346,sprint,,mobile
1565759765687,respond,q1346,sprint,c,mobile
1565759769183,submit,b1346,sprint,,mobile
1565759782600,enter,b8314,sprint,,mobile
1565759801524,respond,q11261,sprint,b,mobile
1565759804568,submit,b8314,sprint,,mobile
1565797820755,enter,b1287,sprint,,mobile
1565797830488,respond,q1287,sprint,a,mobile
1565797839135,submit,b1287,sprint,,mobile
1565797860651,enter,b812,sprint,,mobile
1565797876859,respond,q812,sprint,a,mobile
1565797880162,submit,b812,sprint,,mobile
1565797939539,enter,b1253,sprint,,mobile
1565797958844,respond,q1253,sprint,a,mobile
1565797962056,submit,b1253,sprint,,mobile
1565798019466,enter,b8315,sprint,,mobile
1565798035735,respond,q11262,sprint,a,mobile
1565798039280,submit,b8315,sprint,,mobile
1565798058901,enter,b967,sprint,,mobile
1565798079503,respond,q967,sprint,b,mobile
1565798085430,submit,b967,sprint,,mobile
1565798127287,enter,b670,sprint,,mobile
1565798145412,respond,q670,sprint,a,mobile
1565798148114,submit,b670,sprint,,mobile
1565798187103,enter,b1063,sprint,,mobile
1565798205533,respond,q1063,sprint,b,mobile
1565798209050,submit,b1063,sprint,,mobile
1565798260746,enter,b314,sprint,,mobile
1565798275592,respond,q314,sprint,c,mobile
1565798278470,submit,b314,sprint,,mobile
1565798291362,enter,b202,sprint,,mobile
1565798310224,respond,q202,sprint,a,mobile
1565798313909,submit,b202,sprint,,mobile
1565798378379,enter,b520,sprint,,mobile
1565798401137,respond,q520,sprint,b,mobile
1565798406932,submit,b520,sprint,,mobile
1565873997080,enter,b3573,sprint,,mobile
1565874037514,respond,q5041,sprint,b,mobile
1565874040816,submit,b3573,sprint,,mobile
1565874110426,enter,b4525,sprint,,mobile
1565874131072,respond,q5993,sprint,a,mobile
1565874141360,submit,b4525,sprint,,mobile
1565874208590,enter,b4436,sprint,,mobile
1565874246967,respond,q5904,sprint,c,mobile
1565874249808,respond,q5904,sprint,d,mobile
1565874254799,submit,b4436,sprint,,mobile
1565874296905,enter,b7104,sprint,,mobile
1565874316705,respond,q9753,sprint,c,mobile
1565874321371,submit,b7104,sprint,,mobile
1565874339775,enter,b4471,sprint,,mobile
1565874365024,respond,q5939,sprint,d,mobile
1565874368471,submit,b4471,sprint,,mobile
1565874414036,enter,b4219,sprint,,mobile
1565874463690,respond,q5687,sprint,c,mobile
1565874466976,submit,b4219,sprint,,mobile
1565874535593,enter,b4314,sprint,,mobile
1565874546069,respond,q5782,sprint,c,mobile
1565874549636,submit,b4314,sprint,,mobile
1565874625907,enter,b7358,sprint,,mobile
1565874678607,respond,q10007,sprint,b,mobile
1565874681307,submit,b7358,sprint,,mobile
1565874717023,enter,b2934,sprint,,mobile
1565874756009,respond,q4402,sprint,d,mobile
1565874759103,submit,b2934,sprint,,mobile
1565874778477,enter,b2230,sprint,,mobile
1565874796905,respond,q3698,sprint,d,mobile
1565874799707,submit,b2230,sprint,,mobile
1565913727120,enter,b660,sprint,,mobile
1565913739200,respond,q660,sprint,b,mobile
1565913744715,submit,b660,sprint,,mobile
1565913752748,enter,b435,sprint,,mobile
1565913770112,respond,q435,sprint,b,mobile
1565913775424,submit,b435,sprint,,mobile
1565913796998,enter,b1364,sprint,,mobile
1565913814956,respond,q1364,sprint,a,mobile
1565913822454,submit,b1364,sprint,,mobile
1565913850156,enter,b200,sprint,,mobile
1565913868129,respond,q200,sprint,b,mobile
1565913871367,submit,b200,sprint,,mobile
1565913895248,enter,b1325,sprint,,mobile
1565913911374,respond,q1325,sprint,c,mobile
1565913915094,submit,b1325,sprint,,mobile
1565913939355,enter,b737,sprint,,mobile
1565913958040,respond,q737,sprint,c,mobile
1565913961472,submit,b737,sprint,,mobile
1565913970030,enter,b914,sprint,,mobile
1565913983911,respond,q914,sprint,b,mobile
1565913990452,submit,b914,sprint,,mobile
1565914010001,enter,b219,sprint,,mobile
1565914029496,respond,q219,sprint,c,mobile
1565914035717,submit,b219,sprint,,mobile
1565914045661,enter,b976,sprint,,mobile
1565914067799,respond,q976,sprint,a,mobile
1565914071344,submit,b976,sprint,,mobile
1565914142713,enter,b200,adaptive_offer,,mobile
1565914158057,respond,q200,adaptive_offer,c,mobile
1565914161537,submit,b200,adaptive_offer,,mobile
1565914170954,enter,b289,adaptive_offer,,mobile
1565914183757,respond,q289,adaptive_offer,b,mobile
1565914188092,submit,b289,adaptive_offer,,mobile
1565914304274,enter,b3626,sprint,,mobile
1565914354773,respond,q5094,sprint,a,mobile
1565914358057,submit,b3626,sprint,,mobile
1565914435881,enter,b7433,sprint,,mobile
1565914475034,respond,q10082,sprint,c,mobile
1565914480036,submit,b7433,sprint,,mobile
1565914526794,enter,b3377,sprint,,mobile
1565914553169,respond,q4845,sprint,d,mobile
1565914556414,submit,b3377,sprint,,mobile
1565914580632,enter,b2836,sprint,,mobile
1565914643627,respond,q4304,sprint,d,mobile
1565914652577,submit,b2836,sprint,,mobile
1566018658130,enter,b2223,sprint,,mobile
1566018711104,respond,q3691,sprint,c,mobile
1566018714770,submit,b2223,sprint,,mobile
1566018725281,enter,b6300,sprint,,mobile
1566018752331,respond,q8949,sprint,c,mobile
1566018755236,submit,b6300,sprint,,mobile
1566018779474,enter,b4313,sprint,,mobile
1566018805693,respond,q5781,sprint,b,mobile
1566018811888,respond,q5781,sprint,d,mobile
1566018815961,submit,b4313,sprint,,mobile
1566018821556,enter,b4316,sprint,,mobile
1566018830150,respond,q5784,sprint,c,mobile
1566018842807,submit,b4316,sprint,,mobile
