timestamp,action_type,item_id,source,user_answer,platform
1566136663908,enter,b3715,diagnosis,,mobile
1566136698749,respond,q5183,diagnosis,a,mobile
1566136703804,submit,b3715,diagnosis,,mobile
1566136703887,enter,b51,diagnosis,,mobile
1566136726261,respond,q51,diagnosis,a,mobile
1566136729704,submit,b51,diagnosis,,mobile
1566136729772,enter,b297,diagnosis,,mobile
1566136748248,respond,q297,diagnosis,b,mobile
1566136751929,submit,b297,diagnosis,,mobile
1566136752034,enter,b326,diagnosis,,mobile
1566136772136,respond,q326,diagnosis,a,mobile
1566136776189,submit,b326,diagnosis,,mobile
1566136776271,enter,b3917,diagnosis,,mobile
1566136798027,respond,q5385,diagnosis,c,mobile
1566136803535,submit,b3917,diagnosis,,mobile
1566136803610,enter,b3058,diagnosis,,mobile
1566136825240,respond,q4526,diagnosis,d,mobile
1566136829437,submit,b3058,diagnosis,,mobile
