timestamp,action_type,item_id,source,user_answer,platform
1561531770962,enter,b6929,diagnosis,,mobile
1561531787493,respond,q9578,diagnosis,b,mobile
1561531799367,respond,q9578,diagnosis,d,mobile
1561531800505,respond,q9578,diagnosis,c,mobile
1561531804606,respond,q9578,diagnosis,b,mobile
1561531804960,respond,q9578,diagnosis,a,mobile
1561531810742,submit,b6929,diagnosis,,mobile
1561531810839,enter,b2737,diagnosis,,mobile
1561531819265,respond,q4205,diagnosis,b,mobile
1561531847098,submit,b2737,diagnosis,,mobile
1561531847169,enter,b3325,diagnosis,,mobile
1561531873085,respond,q4793,diagnosis,b,mobile
1561531877933,submit,b3325,diagnosis,,mobile
1561531878011,enter,b3766,diagnosis,,mobile
1561531895464,respond,q5234,diagnosis,d,mobile
1561531900652,submit,b3766,diagnosis,,mobile
1561531900730,enter,b4184,diagnosis,,mobile
1561531928520,respond,q5652,diagnosis,b,mobile
1561531941182,respond,q5652,diagnosis,d,mobile
1561531945406,submit,b4184,diagnosis,,mobile
1561531945481,enter,b7373,diagnosis,,mobile
1561531960101,respond,q10022,diagnosis,c,mobile
1561531964145,submit,b7373,diagnosis,,mobile
1561531964216,enter,b2465,diagnosis,,mobile
1561531973793,respond,q3933,diagnosis,b,mobile
1561531981137,submit,b2465,diagnosis,,mobile
1561531981227,enter,b4561,diagnosis,,mobile
1561531994029,respond,q6029,diagnosis,b,mobile
1561532002752,respond,q6029,diagnosis,c,mobile
1561532006111,respond,q6029,diagnosis,b,mobile
1561532006748,respond,q6029,diagnosis,c,mobile
1561532012594,submit,b4561,diagnosis,,mobile
1561532353024,enter,b5597,sprint,,mobile
1561532375894,respond,q8126,sprint,c,mobile
1561532380712,submit,b5597,sprint,,mobile
1561532393787,enter,b5626,sprint,,mobile
1561532412516,respond,q8155,sprint,d,mobile
1561532418179,submit,b5626,sprint,,mobile
1561532432483,enter,b5606,sprint,,mobile
1561532443731,respond,q8135,sprint,a,mobile
1561532458985,submit,b5606,sprint,,mobile
1561532466889,enter,b8220,sprint,,mobile
1561532485992,respond,q11167,sprint,c,mobile
1561532492216,submit,b8220,sprint,,mobile
1561532503124,enter,b5544,sprint,,mobile
1561532520174,respond,q8073,sprint,c,mobile
1561532525189,submit,b5544,sprint,,mobile
1561532534159,enter,b60,sprint,,mobile
1561532543801,respond,q60,sprint,a,mobile
1561532553874,submit,b60,sprint,,mobile
1561532558835,enter,b72,sprint,,mobile
1561532568123,respond,q72,sprint,a,mobile
1561532573517,submit,b72,sprint,,mobile
1561532580331,enter,b8200,sprint,,mobile
1561532601760,respond,q11147,sprint,d,mobile
1561532604382,submit,b8200,sprint,,mobile
1561532610350,enter,b122,sprint,,mobile
1561532635356,respond,q122,sprint,c,mobile
1561532639124,respond,q122,sprint,d,mobile
1561532642640,submit,b122,sprint,,mobile
1561532650465,enter,b5539,sprint,,mobile
1561532666151,respond,q8068,sprint,b,mobile
1561532680850,submit,b5539,sprint,,mobile
1561532694315,enter,b5614,sprint,,mobile
1561532698669,submit,b5614,sprint,,mobile
1561532742122,enter,b5553,sprint,,mobile
1561532763140,respond,q8082,sprint,c,mobile
1561532766641,submit,b5553,sprint,,mobile
1561532774094,enter,b8084,sprint,,mobile
1561532795072,respond,q11031,sprint,d,mobile
1561532798497,submit,b8084,sprint,,mobile
1561532811049,enter,b181,sprint,,mobile
1561532833026,respond,q181,sprint,d,mobile
1561532836068,submit,b181,sprint,,mobile
1561532847901,enter,b5528,sprint,,mobile
1561532857902,respond,q8057,sprint,a,mobile
1561532873550,submit,b5528,sprint,,mobile
1561532904016,enter,b5611,sprint,,mobile
1561532917365,respond,q8140,sprint,b,mobile
1561532927221,submit,b5611,sprint,,mobile
1561532936075,enter,b8116,sprint,,mobile
1561532939548,submit,b8116,sprint,,mobile
1561533186049,enter,b1855,sprint,,mobile
1561533263309,submit,b1855,sprint,,mobile
1561533322415,enter,b2306,sprint,,mobile
1561533328396,respond,q3774,sprint,a,mobile
1561533341001,submit,b2306,sprint,,mobile
1561533347400,enter,b2467,sprint,,mobile
1561533355708,respond,q3935,sprint,b,mobile
1561533359536,submit,b2467,sprint,,mobile
1561533391032,enter,b4606,sprint,,mobile
1561533410147,respond,q6074,sprint,a,mobile
1561533418103,submit,b4606,sprint,,mobile
1561533425453,enter,b11388,sprint,,mobile
1561533453486,respond,q17151,sprint,a,mobile
1561533459981,respond,q17151,sprint,c,mobile
1561533464199,submit,b11388,sprint,,mobile
1561533501223,enter,b4718,sprint,,mobile
1561533520507,respond,q6186,sprint,d,mobile
1561533540194,respond,q6186,sprint,a,mobile
1561533544776,submit,b4718,sprint,,mobile
1561533850925,enter,b230,sprint,,mobile
1561533858783,submit,b230,sprint,,mobile
1561534031709,enter,b230,sprint,,mobile
1561534043765,respond,q230,sprint,b,mobile
1561534050640,submit,b230,sprint,,mobile
1561534064716,enter,b592,sprint,,mobile
1561534074391,respond,q592,sprint,a,mobile
1561534083177,submit,b592,sprint,,mobile
1561534088861,enter,b484,sprint,,mobile
1561534104022,respond,q484,sprint,c,mobile
1561534107334,submit,b484,sprint,,mobile
1561534112843,enter,b8314,sprint,,mobile
1561534132414,respond,q11261,sprint,b,mobile
1561534135102,submit,b8314,sprint,,mobile
1561534150923,enter,b472,sprint,,mobile
1561534165258,respond,q472,sprint,b,mobile
1561534170403,submit,b472,sprint,,mobile
1561534183278,enter,b879,sprint,,mobile
1561534186636,submit,b879,sprint,,mobile
1561541516033,enter,b1512,sprint,,mobile
1561541540641,submit,b1512,sprint,,mobile
1561541543523,enter,b1512,sprint,,mobile
1561541583235,submit,b1512,sprint,,mobile
1561885374208,enter,b5212,sprint,,mobile
1561885439617,submit,b5212,sprint,,mobile
1562222684615,enter,b1512,sprint,,mobile
1562222771255,respond,q1734,sprint,a,mobile
1562222775975,submit,b1512,sprint,,mobile
1562222846500,enter,b1716,sprint,,mobile
1562222914204,respond,q2346,sprint,b,mobile
1562222919285,submit,b1716,sprint,,mobile
1562222933007,enter,b1609,sprint,,mobile
1562223016073,respond,q2025,sprint,d,mobile
1562223034104,submit,b1609,sprint,,mobile
1562226287357,enter,b2680,tutor,,mobile
1562226299559,respond,q4148,tutor,b,mobile
1562226306775,submit,b2680,tutor,,mobile
1562226355331,enter,b5510,tutor,,mobile
1562226541876,respond,q8017,tutor,a,mobile
1562226546844,submit,b5510,tutor,,mobile
1562843754810,enter,b5553,review_quiz,,mobile
1562843762983,submit,b5553,review_quiz,,mobile
1562923582610,enter,b2441,sprint,,mobile
1562923592696,respond,q3909,sprint,b,mobile
1562923592696,respond,q3909,sprint,b,mobile
1562923592696,respond,q3909,sprint,b,mobile
1562923611809,submit,b2441,sprint,,mobile
1562923827022,enter,b6144,sprint,,mobile
1562923840620,respond,q8793,sprint,a,mobile
1562923847413,submit,b6144,sprint,,mobile
1562923948777,enter,b6930,sprint,,mobile
1562923954068,respond,q9579,sprint,b,mobile
1562923962200,submit,b6930,sprint,,mobile
1562923969957,enter,b4702,sprint,,mobile
1562923989745,respond,q6170,sprint,b,mobile
1562924006260,submit,b4702,sprint,,mobile
1562924057389,enter,b3762,sprint,,mobile
1562924065236,respond,q5230,sprint,d,mobile
1562924065236,respond,q5230,sprint,d,mobile
1562924066863,respond,q5230,sprint,b,mobile
1562924079575,submit,b3762,sprint,,mobile
1562924100099,enter,b7278,sprint,,mobile
1562924114489,respond,q9927,sprint,b,mobile
1562924114489,respond,q9927,sprint,b,mobile
1562924126650,submit,b7278,sprint,,mobile
1562924174848,enter,b6950,sprint,,mobile
1562924183124,respond,q9599,sprint,c,mobile
1562924183124,respond,q9599,sprint,c,mobile
1562924183124,respond,q9599,sprint,c,mobile
1562924204694,submit,b6950,sprint,,mobile
1562992859957,enter,b3584,sprint,,mobile
1562992881287,respond,q5052,sprint,a,mobile
1562992887551,respond,q5052,sprint,d,mobile
1562992905926,respond,q5052,sprint,c,mobile
1562992912486,respond,q5052,sprint,b,mobile
1562992913363,respond,q5052,sprint,d,mobile
1562992916006,respond,q5052,sprint,b,mobile
1562992917712,respond,q5052,sprint,a,mobile
1562992921064,submit,b3584,sprint,,mobile
