timestamp,action_type,item_id,source,user_answer,platform
1566451848388,enter,b6050,diagnosis,,mobile
1566451890231,respond,q8699,diagnosis,b,mobile
1566451894445,submit,b6050,diagnosis,,mobile
1566453037105,enter,b3794,sprint,,mobile
1566453055438,respond,q5262,sprint,b,mobile
1566453071375,submit,b3794,sprint,,mobile
1566454654702,enter,b4364,sprint,,mobile
1566454665984,respond,q5832,sprint,b,mobile
1566454669484,submit,b4364,sprint,,mobile
1566454898938,enter,b3934,sprint,,mobile
1566454931877,respond,q5402,sprint,b,mobile
1566454935341,submit,b3934,sprint,,mobile
1566455074468,enter,b4209,sprint,,mobile
1566455098497,respond,q5677,sprint,b,mobile
1566455104688,submit,b4209,sprint,,mobile
1566455270822,enter,b4521,sprint,,mobile
1566455294268,respond,q5989,sprint,a,mobile
1566455308976,submit,b4521,sprint,,mobile
1566455718707,enter,b7277,sprint,,mobile
1566455739572,respond,q9926,sprint,a,mobile
1566455745402,submit,b7277,sprint,,mobile
1566455914708,enter,b2812,sprint,,mobile
1566455937085,respond,q4280,sprint,a,mobile
1566455942961,respond,q4280,sprint,b,mobile
1566455949902,submit,b2812,sprint,,mobile
1566456482030,enter,b2461,sprint,,mobile
1566456500420,respond,q3929,sprint,d,mobile
1566456505521,submit,b2461,sprint,,mobile
1566457008254,enter,b2678,sprint,,mobile
1566457052703,respond,q4146,sprint,a,mobile
1566457056258,submit,b2678,sprint,,mobile
1566457143324,enter,b11581,sprint,,mobile
1566457165642,respond,q17344,sprint,b,mobile
1566457175334,submit,b11581,sprint,,mobile
