timestamp,action_type,item_id,source,user_answer,platform
1567005127012,enter,b4636,diagnosis,,mobile
1567005160026,respond,q6104,diagnosis,b,mobile
1567005166031,submit,b4636,diagnosis,,mobile
1567005166184,enter,b2193,diagnosis,,mobile
1567005176893,respond,q3661,diagnosis,c,mobile
1567005180665,submit,b2193,diagnosis,,mobile
1567005180800,enter,b4288,diagnosis,,mobile
1567005207001,respond,q5756,diagnosis,b,mobile
1567005211593,submit,b4288,diagnosis,,mobile
1567005211728,enter,b176,diagnosis,,mobile
1567005230195,respond,q176,diagnosis,a,mobile
1567005233243,respond,q176,diagnosis,b,mobile
1567005233944,respond,q176,diagnosis,c,mobile
1567005234428,respond,q176,diagnosis,d,mobile
1567005235312,respond,q176,diagnosis,a,mobile
1567005235836,respond,q176,diagnosis,b,mobile
1567005236328,respond,q176,diagnosis,c,mobile
1567005236792,respond,q176,diagnosis,d,mobile
1567005238848,respond,q176,diagnosis,a,mobile
1567005239113,respond,q176,diagnosis,b,mobile
1567005239652,respond,q176,diagnosis,c,mobile
1567005240146,respond,q176,diagnosis,d,mobile
1567005241576,respond,q176,diagnosis,c,mobile
1567005241885,respond,q176,diagnosis,b,mobile
1567005242190,respond,q176,diagnosis,a,mobile
1567005251803,submit,b176,diagnosis,,mobile
