timestamp,action_type,item_id,source,user_answer,platform
1567161637475,enter,b3857,diagnosis,,mobile
1567161673379,respond,q5325,diagnosis,c,mobile
1567161678410,submit,b3857,diagnosis,,mobile
1567161678489,enter,b2727,diagnosis,,mobile
1567161693967,respond,q4195,diagnosis,c,mobile
1567161697835,submit,b2727,diagnosis,,mobile
1567161697937,enter,b856,diagnosis,,mobile
1567161704499,submit,b856,diagnosis,,mobile
1567161795569,enter,b856,diagnosis,,mobile
1567161809278,submit,b856,diagnosis,,mobile
1567162122144,enter,b6962,diagnosis,,mobile
1567162158393,respond,q9611,diagnosis,b,mobile
1567162163059,submit,b6962,diagnosis,,mobile
1567162163096,enter,b16,diagnosis,,mobile
1567162184998,respond,q16,diagnosis,c,mobile
1567162188845,submit,b16,diagnosis,,mobile
1567162188915,enter,b3785,diagnosis,,mobile
1567162196609,respond,q5253,diagnosis,c,mobile
1567162201141,submit,b3785,diagnosis,,mobile
1567162201223,enter,b2743,diagnosis,,mobile
1567162206401,respond,q4211,diagnosis,a,mobile
1567162210037,submit,b2743,diagnosis,,mobile
1567162210109,enter,b3956,diagnosis,,mobile
1567162221049,respond,q5424,diagnosis,b,mobile
1567162225082,submit,b3956,diagnosis,,mobile
1567162225150,enter,b2823,diagnosis,,mobile
1567162228032,respond,q4291,diagnosis,a,mobile
1567162232877,submit,b2823,diagnosis,,mobile
1567162232945,enter,b2139,diagnosis,,mobile
1567162240817,respond,q3607,diagnosis,c,mobile
1567162248895,submit,b2139,diagnosis,,mobile
