timestamp,action_type,item_id,source,user_answer,platform
1568710022322,enter,b2857,diagnosis,,mobile
1568710049212,respond,q4325,diagnosis,a,mobile
1568710055364,submit,b2857,diagnosis,,mobile
1568710055443,enter,b4441,diagnosis,,mobile
1568710060722,respond,q5909,diagnosis,c,mobile
1568710065198,submit,b4441,diagnosis,,mobile
1568710065238,enter,b3302,diagnosis,,mobile
1568710077934,respond,q4770,diagnosis,d,mobile
1568710082812,submit,b3302,diagnosis,,mobile
1568710082875,enter,b5647,diagnosis,,mobile
1568710108310,respond,q8176,diagnosis,a,mobile
1568710112906,submit,b5647,diagnosis,,mobile
1568710112966,enter,b3535,diagnosis,,mobile
1568710122504,respond,q5003,diagnosis,c,mobile
1568710126980,submit,b3535,diagnosis,,mobile
1568710127029,enter,b2546,diagnosis,,mobile
1568710157973,respond,q4014,diagnosis,a,mobile
1568710163134,submit,b2546,diagnosis,,mobile
1568710163183,enter,b2677,diagnosis,,mobile
1568710187841,respond,q4145,diagnosis,c,mobile
1568710194907,submit,b2677,diagnosis,,mobile
1568710406420,enter,b6810,tutor,,mobile
1568710422127,respond,q9459,tutor,d,mobile
1568710426205,submit,b6810,tutor,,mobile
1568710586410,enter,b1153,tutor,,mobile
1568710613241,respond,q1153,tutor,b,mobile
1568710617442,submit,b1153,tutor,,mobile
1568710632687,enter,b741,tutor,,mobile
1568710647944,respond,q741,tutor,b,mobile
1568710661751,submit,b741,tutor,,mobile
1568710667890,enter,b3500,tutor,,mobile
1568710683732,respond,q4968,tutor,c,mobile
1568710687806,submit,b3500,tutor,,mobile
