timestamp,action_type,item_id,source,user_answer,platform
1570031909452,enter,b916,my_note,,web
1570031926883,respond,q916,my_note,c,web
1570031927814,submit,b916,my_note,,web
1570031975979,enter,b285,my_note,,web
1570031993521,respond,q285,my_note,b,web
1570031994502,submit,b285,my_note,,web
1570032040385,enter,b952,my_note,,web
1570032054691,respond,q952,my_note,a,web
1570032055629,submit,b952,my_note,,web
1570032094343,enter,b641,my_note,,web
1570032107381,respond,q641,my_note,a,web
1570032111922,submit,b641,my_note,,web
1570032151771,enter,b589,my_note,,web
1570032169513,respond,q589,my_note,a,web
1570032170494,submit,b589,my_note,,web
1570032222528,enter,b422,my_note,,web
1570032237783,respond,q422,my_note,b,web
1570032238635,submit,b422,my_note,,web
1570032276910,enter,b1250,my_note,,web
1570032289775,respond,q1250,my_note,a,web
1570032294325,submit,b1250,my_note,,web
1570032348649,enter,b428,my_note,,web
1570032367662,respond,q428,my_note,b,web
1570032370004,submit,b428,my_note,,web
1570032464160,enter,b739,my_note,,web
1570032479889,respond,q739,my_note,b,web
1570032481131,submit,b739,my_note,,web
1570032506965,enter,b1295,my_note,,web
1570032522555,respond,q1295,my_note,b,web
1570032527664,submit,b1295,my_note,,web
1570032538653,enter,b732,my_note,,web
1570032576744,respond,q732,my_note,a,web
1570032577766,submit,b732,my_note,,web
1570032614801,enter,b5333,my_note,,web
1570032765890,respond,q7379,my_note,d,web
1570032855476,respond,q7380,my_note,c,web
1570032948669,respond,q7382,my_note,b,web
1570033002870,respond,q7383,my_note,c,web
1570033027851,respond,q7381,my_note,d,web
1570033040236,respond,q7380,my_note,a,web
1570033043062,submit,b5333,my_note,,web
1570033108038,enter,b5391,my_note,,web
1570033212580,respond,q7608,my_note,c,web
1570033245630,respond,q7609,my_note,d,web
1570033319884,respond,q7610,my_note,a,web
1570033347917,respond,q7611,my_note,a,web
1570033394189,respond,q7612,my_note,b,web
1570033396128,submit,b5391,my_note,,web
1570033428196,enter,b5335,my_note,,web
1570033607270,respond,q7389,my_note,d,web
1570033618321,respond,q7389,my_note,a,web
1570033649857,respond,q7390,my_note,a,web
1570033704766,respond,q7391,my_note,b,web
1570033749073,respond,q7392,my_note,b,web
1570033766432,respond,q7393,my_note,c,web
1570033767405,submit,b5335,my_note,,web
1570086944743,enter,b5177,my_note,,web
1570087006337,respond,q6801,my_note,d,web
1570087027816,respond,q6802,my_note,b,web
1570087039115,respond,q6803,my_note,a,web
1570087075153,respond,q6804,my_note,c,web
1570087075886,submit,b5177,my_note,,web
1570087088971,enter,b7945,my_note,,web
1570087113292,respond,q10724,my_note,a,web
1570087135457,respond,q10725,my_note,a,web
1570087153379,respond,q10724,my_note,c,web
1570087181401,respond,q10727,my_note,b,web
1570087196599,respond,q10726,my_note,a,web
1570087197577,submit,b7945,my_note,,web
1570087221192,enter,b8536,my_note,,web
1570087260952,respond,q11811,my_note,d,web
1570087310655,respond,q11813,my_note,c,web
1570087322597,respond,q11814,my_note,c,web
1570087341850,respond,q11812,my_note,d,web
1570087342517,submit,b8536,my_note,,web
1570087366265,enter,b8468,my_note,,web
1570087376765,respond,q11539,my_note,d,web
1570087392550,respond,q11541,my_note,a,web
1570087417804,respond,q11542,my_note,b,web
1570087443555,respond,q11542,my_note,c,web
1570087479487,respond,q11540,my_note,d,web
1570087479949,submit,b8468,my_note,,web
1570106555772,enter,b8502,my_note,,web
1570106580258,respond,q11675,my_note,c,web
1570106592999,respond,q11676,my_note,a,web
1570106652956,respond,q11678,my_note,d,web
1570106679474,respond,q11677,my_note,b,web
1570106680003,submit,b8502,my_note,,web
1570106740551,enter,b7916,my_note,,web
1570106783079,respond,q10619,my_note,a,web
1570106817067,respond,q10620,my_note,d,web
1570106835170,respond,q10621,my_note,b,web
1570106846791,respond,q10618,my_note,c,web
1570106847306,submit,b7916,my_note,,web
1570106855567,enter,b7954,my_note,,web
1570106873645,respond,q10760,my_note,c,web
1570106905817,respond,q10761,my_note,b,web
1570106916177,respond,q10763,my_note,d,web
1570106925046,respond,q10762,my_note,b,web
1570106930480,submit,b7954,my_note,,web
1570106939347,enter,b7957,my_note,,web
1570106967730,respond,q10772,my_note,c,web
1570106997321,respond,q10774,my_note,a,web
1570107028866,respond,q10775,my_note,c,web
1570107052859,respond,q10773,my_note,c,web
1570107053586,submit,b7957,my_note,,web
1570107101892,enter,b1731,my_note,,web
1570107158561,respond,q2392,my_note,d,web
1570107187303,respond,q2391,my_note,a,web
1570107203226,respond,q2393,my_note,b,web
1570107203832,submit,b1731,my_note,,web
1570107265041,enter,b1530,my_note,,web
1570107309947,respond,q1788,my_note,c,web
1570107322002,respond,q1789,my_note,b,web
1570107338709,respond,q1790,my_note,b,web
1570107339592,submit,b1530,my_note,,web
1570107387201,enter,b1611,my_note,,web
1570107427710,respond,q2031,my_note,d,web
1570107447702,respond,q2032,my_note,b,web
1570107465272,respond,q2033,my_note,a,web
1570107475675,submit,b1611,my_note,,web
1570107486780,enter,b1666,my_note,,web
1570107526633,respond,q2196,my_note,b,web
1570107557008,respond,q2197,my_note,c,web
1570107561110,respond,q2198,my_note,a,web
1570107561748,submit,b1666,my_note,,web
1570107618267,enter,b1721,my_note,,web
1570107673185,respond,q2361,my_note,d,web
1570107681998,respond,q2362,my_note,a,web
1570107690725,respond,q2363,my_note,b,web
1570107698899,submit,b1721,my_note,,web
1570107815066,enter,b5258,sprint,,web
1570107860617,respond,q7116,sprint,d,web
1570107887372,respond,q7117,sprint,c,web
1570107889773,respond,q7117,sprint,b,web
1570107891106,submit,b5258,sprint,,web
1570107899406,enter,b5373,sprint,,web
1570108075838,respond,q7540,sprint,a,web
1570108097619,respond,q7540,sprint,d,web
1570108101736,respond,q7540,sprint,a,web
1570108111791,respond,q7541,sprint,d,web
1570108138575,respond,q7542,sprint,c,web
1570108150613,respond,q7543,sprint,d,web
1570108181196,respond,q7544,sprint,a,web
1570108181813,submit,b5373,sprint,,web
1570108239397,enter,b5474,sprint,,web
1570108352714,respond,q7886,sprint,c,web
1570108377860,respond,q7887,sprint,d,web
1570108492074,respond,q7889,sprint,d,web
1570108497899,respond,q7890,sprint,a,web
1570108520404,respond,q7888,sprint,b,web
1570108520902,submit,b5474,sprint,,web
1570108530381,enter,b5237,sprint,,web
1570108588439,respond,q7039,sprint,c,web
1570108592272,submit,b5237,sprint,,web
1570108599288,enter,b5237,sprint,,web
1570108601025,respond,q7039,sprint,c,web
1570108695064,respond,q7040,sprint,b,web
1570108739084,respond,q7042,sprint,b,web
1570108742582,respond,q7042,sprint,c,web
1570108776208,respond,q7043,sprint,d,web
1570108787992,respond,q7041,sprint,b,web
1570108788831,submit,b5237,sprint,,web
1570108800207,enter,b5332,sprint,,web
1570108866042,respond,q7375,sprint,a,web
1570108876279,respond,q7376,sprint,b,web
1570108918997,respond,q7377,sprint,c,web
1570108926219,respond,q7378,sprint,a,web
1570108935768,respond,q7378,sprint,c,web
1570108937753,submit,b5332,sprint,,web
1570109017209,enter,b1268,sprint,,web
1570109032350,respond,q1268,sprint,b,web
1570109034725,submit,b1268,sprint,,web
1570109058117,enter,b1050,sprint,,web
1570109072813,respond,q1050,sprint,c,web
1570109074371,respond,q1050,sprint,b,web
1570109075273,submit,b1050,sprint,,web
1570109099514,enter,b633,sprint,,web
1570109114601,respond,q633,sprint,c,web
1570109115831,submit,b633,sprint,,web
1570109141279,enter,b1007,sprint,,web
1570109159352,respond,q1007,sprint,c,web
1570109160021,submit,b1007,sprint,,web
1570109181734,enter,b543,sprint,,web
1570109196571,respond,q543,sprint,b,web
1570109197845,submit,b543,sprint,,web
1570111204415,enter,b5081,sprint,,web
1570111249604,respond,q6549,sprint,d,web
1570111250061,submit,b5081,sprint,,web
1570111261536,enter,b3137,sprint,,web
1570111300071,respond,q4605,sprint,a,web
1570111300625,submit,b3137,sprint,,web
1570111315697,enter,b6823,sprint,,web
1570111330225,respond,q9472,sprint,a,web
1570111332326,submit,b6823,sprint,,web
1570111340505,enter,b6180,sprint,,web
1570111370245,respond,q8829,sprint,d,web
1570111372003,submit,b6180,sprint,,web
1570111382285,enter,b6751,sprint,,web
1570111399645,respond,q9400,sprint,d,web
1570111400002,submit,b6751,sprint,,web
1570111405588,enter,b2850,sprint,,web
1570111434010,respond,q4318,sprint,a,web
1570111441398,respond,q4318,sprint,b,web
1570111442804,submit,b2850,sprint,,web
1570111458524,enter,b6824,sprint,,web
1570111470229,respond,q9473,sprint,c,web
1570111471470,submit,b6824,sprint,,web
1570111477337,enter,b7211,sprint,,web
1570111485484,respond,q9860,sprint,a,web
1570111486766,submit,b7211,sprint,,web
1570111491063,enter,b7149,sprint,,web
1570111496378,respond,q9798,sprint,b,web
1570111498500,submit,b7149,sprint,,web
1570111505756,enter,b6078,sprint,,web
1570111522366,respond,q8727,sprint,a,web
1570111529679,submit,b6078,sprint,,web
1570111541297,enter,b7459,sprint,,web
1570111561149,respond,q10108,sprint,d,web
1570111561559,submit,b7459,sprint,,web
1570111566387,enter,b4851,sprint,,web
1570111591299,respond,q6319,sprint,d,web
1570111592938,submit,b4851,sprint,,web
1570111599700,enter,b2654,sprint,,web
1570111610208,respond,q4122,sprint,b,web
1570111612653,submit,b2654,sprint,,web
1570111648742,enter,b6853,sprint,,web
1570111673672,respond,q9502,sprint,a,web
1570111674402,submit,b6853,sprint,,web
1570111681897,enter,b5956,sprint,,web
1570111692442,respond,q8605,sprint,a,web
1570111695295,submit,b5956,sprint,,web
1570111702091,enter,b7076,sprint,,web
1570111722205,respond,q9725,sprint,a,web
1570111724057,submit,b7076,sprint,,web
1570111730876,enter,b6429,sprint,,web
1570111740982,respond,q9078,sprint,b,web
1570111741510,submit,b6429,sprint,,web
1570111748773,enter,b4506,sprint,,web
1570111760905,respond,q5974,sprint,c,web
1570111761880,submit,b4506,sprint,,web
1570111771871,enter,b3418,sprint,,web
1570111787570,respond,q4886,sprint,d,web
1570111788985,submit,b3418,sprint,,web
1570111795428,enter,b11369,sprint,,web
1570111811248,respond,q17132,sprint,a,web
1570111811907,submit,b11369,sprint,,web
1570111825365,enter,b3305,sprint,,web
1570111844140,respond,q4773,sprint,d,web
1570111845046,submit,b3305,sprint,,web
1570111856285,enter,b11510,sprint,,web
1570111880208,respond,q17273,sprint,d,web
1570111880799,submit,b11510,sprint,,web
1570111903520,enter,b7157,sprint,,web
1570111925950,respond,q9806,sprint,c,web
1570111926643,submit,b7157,sprint,,web
1570111935761,enter,b6301,sprint,,web
1570111958065,respond,q8950,sprint,d,web
1570111958950,submit,b6301,sprint,,web
1570111982380,enter,b2460,sprint,,web
1570111988753,respond,q3928,sprint,b,web
1570111990357,submit,b2460,sprint,,web
1570111995835,enter,b6308,sprint,,web
1570112033274,respond,q8957,sprint,c,web
1570112033819,submit,b6308,sprint,,web
1570112044161,enter,b2836,sprint,,web
1570112103709,respond,q4304,sprint,c,web
1570112105302,submit,b2836,sprint,,web
1570112113326,enter,b6077,sprint,,web
1570112122894,respond,q8726,sprint,b,web
1570112138028,respond,q8726,sprint,d,web
1570112138420,submit,b6077,sprint,,web
1570112151195,enter,b2320,sprint,,web
1570112164614,respond,q3788,sprint,d,web
1570112166987,submit,b2320,sprint,,web
1570112172176,enter,b6101,sprint,,web
1570112182959,respond,q8750,sprint,a,web
1570112183857,submit,b6101,sprint,,web
1570112191435,enter,b4757,sprint,,web
1570112255811,respond,q6225,sprint,c,web
1570112256592,submit,b4757,sprint,,web
1570112293047,enter,b6773,sprint,,web
1570112318037,respond,q9422,sprint,a,web
1570112322497,submit,b6773,sprint,,web
1570112341249,enter,b6364,sprint,,web
1570112359644,respond,q9013,sprint,c,web
1570112366733,respond,q9013,sprint,a,web
1570112389861,respond,q9013,sprint,c,web
1570112393348,submit,b6364,sprint,,web
1570112398746,enter,b3593,sprint,,web
1570112408546,respond,q5061,sprint,c,web
1570112409115,submit,b3593,sprint,,web
1570112413615,enter,b4302,sprint,,web
1570112449386,respond,q5770,sprint,d,web
1570112449710,respond,q5770,sprint,c,web
1570112450212,submit,b4302,sprint,,web
1570112456519,enter,b2896,sprint,,web
1570112492600,respond,q4364,sprint,b,web
1570112493163,submit,b2896,sprint,,web
1570112499894,enter,b3261,sprint,,web
1570112514206,respond,q4729,sprint,a,web
1570112517652,respond,q4729,sprint,c,web
1570112518433,submit,b3261,sprint,,web
1570112523270,enter,b7249,sprint,,web
1570112538918,respond,q9898,sprint,b,web
1570112540340,submit,b7249,sprint,,web
1570112758434,enter,b7249,adaptive_offer,,web
1570112786128,respond,q9898,adaptive_offer,a,web
1570112790523,submit,b7249,adaptive_offer,,web
1570112801660,enter,b2898,adaptive_offer,,web
1570112824577,respond,q4366,adaptive_offer,b,web
1570112826264,submit,b2898,adaptive_offer,,web
1570112841562,enter,b2559,sprint,,web
1570112874919,respond,q4027,sprint,a,web
1570112876612,submit,b2559,sprint,,web
1570112907229,enter,b5072,sprint,,web
1570112916629,respond,q6540,sprint,b,web
1570112924516,respond,q6540,sprint,c,web
1570112925255,submit,b5072,sprint,,web
1570112931000,enter,b6903,sprint,,web
1570112945472,respond,q9552,sprint,d,web
1570112947237,submit,b6903,sprint,,web
1570112953296,enter,b6167,sprint,,web
1570112966656,respond,q8816,sprint,c,web
1570112977227,submit,b6167,sprint,,web
1570112986791,enter,b6295,sprint,,web
1570113009531,respond,q8944,sprint,d,web
1570113022806,submit,b6295,sprint,,web
1570113035162,enter,b7151,sprint,,web
1570113044383,respond,q9800,sprint,a,web
1570113049993,submit,b7151,sprint,,web
1570113059537,enter,b4602,sprint,,web
1570113100729,respond,q6070,sprint,b,web
1570113101573,submit,b4602,sprint,,web
1570113336723,enter,b5081,adaptive_offer,,web
1570113355307,respond,q6549,adaptive_offer,a,web
1570113356415,submit,b5081,adaptive_offer,,web
1570153630209,enter,b483,my_note,,web
1570153642342,respond,q483,my_note,c,web
1570153644385,submit,b483,my_note,,web
1570153673626,enter,b1234,my_note,,web
1570153683093,respond,q1234,my_note,a,web
1570153689926,submit,b1234,my_note,,web
1570153721357,enter,b1316,my_note,,web
1570153734811,respond,q1316,my_note,b,web
1570153739948,submit,b1316,my_note,,web
1570153780038,enter,b1084,my_note,,web
1570153791251,respond,q1084,my_note,b,web
1570153794229,submit,b1084,my_note,,web
1570153814317,enter,b758,my_note,,web
1570153827357,respond,q758,my_note,a,web
1570153830179,submit,b758,my_note,,web
1570153852013,enter,b594,my_note,,web
1570153861050,respond,q594,my_note,b,web
1570153867777,submit,b594,my_note,,web
1570153899958,enter,b982,my_note,,web
1570153910901,respond,q982,my_note,a,web
1570153917734,submit,b982,my_note,,web
1570154003578,enter,b1034,my_note,,web
1570154017227,respond,q1034,my_note,a,web
1570154021103,submit,b1034,my_note,,web
1570154078895,enter,b878,my_note,,web
1570154086872,respond,q878,my_note,a,web
1570154087568,submit,b878,my_note,,web
1570154119097,enter,b825,my_note,,web
1570154138342,respond,q825,my_note,b,web
1570154143443,submit,b825,my_note,,web
1570154182381,enter,b927,my_note,,web
1570154200887,respond,q927,my_note,c,web
1570154201788,submit,b927,my_note,,web
1570154206830,enter,b995,my_note,,web
1570154225659,respond,q995,my_note,b,web
1570154226226,submit,b995,my_note,,web
1570154378892,enter,b1938,my_note,,web
1570154418423,respond,q3012,my_note,c,web
1570154432641,respond,q3013,my_note,a,web
1570154439568,respond,q3013,my_note,d,web
1570154447088,respond,q3014,my_note,c,web
1570154448035,submit,b1938,my_note,,web
1570154580680,enter,b1987,my_note,,web
1570154621506,respond,q3159,my_note,d,web
1570154622166,respond,q3159,my_note,c,web
1570154637358,respond,q3160,my_note,a,web
1570154644544,respond,q3161,my_note,c,web
1570154650732,respond,q3160,my_note,d,web
1570154651560,submit,b1987,my_note,,web
1570154700172,enter,b1990,my_note,,web
1570154748589,respond,q3168,my_note,d,web
1570154767336,respond,q3170,my_note,d,web
1570154772236,respond,q3169,my_note,d,web
1570154773597,submit,b1990,my_note,,web
1570154836994,enter,b8321,my_note,,web
1570154880645,respond,q11269,my_note,c,web
1570154891787,respond,q11270,my_note,c,web
1570154908291,respond,q11271,my_note,b,web
1570154923758,respond,q11270,my_note,d,web
1570154924510,submit,b8321,my_note,,web
1570155012777,enter,b2132,my_note,,web
1570155068181,respond,q3594,my_note,a,web
1570155084274,respond,q3595,my_note,c,web
1570155089240,respond,q3596,my_note,d,web
1570155090622,submit,b2132,my_note,,web
1570155176434,enter,b8240,sprint,,web
1570155193483,respond,q11187,sprint,c,web
1570155197024,submit,b8240,sprint,,web
1570155202756,enter,b8130,sprint,,web
1570155224129,respond,q11077,sprint,b,web
1570155225475,submit,b8130,sprint,,web
1570155230798,enter,b160,sprint,,web
1570155254381,respond,q160,sprint,d,web
1570155255228,submit,b160,sprint,,web
1570155268655,enter,b5,sprint,,web
1570155289455,respond,q5,sprint,c,web
1570155290615,submit,b5,sprint,,web
1570155301053,enter,b8147,sprint,,web
1570155319593,respond,q11094,sprint,c,web
1570155323159,submit,b8147,sprint,,web
1570155341048,enter,b8077,sprint,,web
1570155351717,respond,q11024,sprint,a,web
1570155372475,respond,q11024,sprint,b,web
1570155373041,submit,b8077,sprint,,web
1570155382003,enter,b8194,sprint,,web
1570155389995,respond,q11141,sprint,a,web
1570155403459,respond,q11141,sprint,d,web
1570155404436,submit,b8194,sprint,,web
1570155433698,enter,b5633,sprint,,web
1570155459241,respond,q8162,sprint,b,web
1570155460749,submit,b5633,sprint,,web
1570155466484,enter,b63,sprint,,web
1570155487272,respond,q63,sprint,d,web
1570155487950,submit,b63,sprint,,web
1570155523096,enter,b8267,sprint,,web
1570155532128,respond,q11214,sprint,a,web
1570155544640,submit,b8267,sprint,,web
1570155552876,enter,b8106,sprint,,web
1570155572290,respond,q11053,sprint,a,web
1570155573912,submit,b8106,sprint,,web
1570155578567,enter,b8161,sprint,,web
1570155600303,respond,q11108,sprint,d,web
1570155601148,submit,b8161,sprint,,web
1570155610221,enter,b8065,sprint,,web
1570155629873,respond,q11012,sprint,b,web
1570155630973,submit,b8065,sprint,,web
1570155650325,enter,b46,sprint,,web
1570155672607,respond,q46,sprint,a,web
1570155673294,submit,b46,sprint,,web
1570155731342,enter,b28,sprint,,web
1570155759370,respond,q28,sprint,d,web
1570155760010,submit,b28,sprint,,web
1570155791661,enter,b3,sprint,,web
1570155810280,respond,q3,sprint,d,web
1570155824618,submit,b3,sprint,,web
1570155859593,enter,b8081,sprint,,web
1570155887997,respond,q11028,sprint,d,web
1570155888594,submit,b8081,sprint,,web
1570155954577,enter,b8081,adaptive_offer,,web
1570155958849,respond,q11028,adaptive_offer,a,web
1570155977397,submit,b8081,adaptive_offer,,web
1570155982123,enter,b28,adaptive_offer,,web
1570155990022,respond,q28,adaptive_offer,a,web
1570155991364,submit,b28,adaptive_offer,,web
1570156000833,enter,b8256,sprint,,web
1570156025762,respond,q11203,sprint,a,web
1570156028066,submit,b8256,sprint,,web
1570156042331,enter,b8031,sprint,,web
1570156058212,respond,q10978,sprint,c,web
1570156063249,respond,q10978,sprint,a,web
1570156063998,submit,b8031,sprint,,web
1570156113868,enter,b8239,sprint,,web
1570156134353,respond,q11186,sprint,c,web
1570156137191,submit,b8239,sprint,,web
1570156146972,enter,b8114,sprint,,web
1570156170862,respond,q11061,sprint,b,web
1570156171643,submit,b8114,sprint,,web
1570156209336,enter,b1599,sprint,,web
1570156255780,respond,q1995,sprint,c,web
1570156269929,respond,q1996,sprint,c,web
1570156281403,respond,q1997,sprint,d,web
1570156287944,submit,b1599,sprint,,web
1570156296030,enter,b1734,sprint,,web
1570156343514,respond,q2400,sprint,d,web
1570156352791,respond,q2401,sprint,d,web
1570156357829,respond,q2402,sprint,b,web
1570156360468,submit,b1734,sprint,,web
1570156366951,enter,b1752,sprint,,web
1570156386470,respond,q2455,sprint,c,web
1570156409178,respond,q2454,sprint,d,web
1570156417094,respond,q2455,sprint,b,web
1570156437208,respond,q2456,sprint,d,web
1570156443996,respond,q2454,sprint,a,web
1570156444809,submit,b1752,sprint,,web
1570156453127,enter,b1725,sprint,,web
1570156493819,respond,q2373,sprint,c,web
1570156526573,respond,q2375,sprint,c,web
1570156535865,respond,q2374,sprint,a,web
1570156538803,submit,b1725,sprint,,web
1570156567740,enter,b1594,sprint,,web
1570156614979,respond,q1980,sprint,c,web
1570156635913,respond,q1981,sprint,c,web
1570156644349,respond,q1982,sprint,b,web
1570156645585,submit,b1594,sprint,,web
1570156702135,enter,b1663,sprint,,web
1570156753284,respond,q2188,sprint,c,web
1570156758862,respond,q2189,sprint,b,web
1570156764049,respond,q2187,sprint,b,web
1570156768685,submit,b1663,sprint,,web
1570156834478,enter,b1737,sprint,,web
1570156877505,respond,q2409,sprint,c,web
1570156893569,respond,q2410,sprint,b,web
1570156915260,respond,q2411,sprint,c,web
1570156916401,submit,b1737,sprint,,web
1570157012448,enter,b1668,sprint,,web
1570157066741,respond,q2202,sprint,d,web
1570157072793,respond,q2203,sprint,a,web
1570157081068,respond,q2204,sprint,b,web
1570157083233,submit,b1668,sprint,,web
1570157091112,enter,b1635,sprint,,web
1570157129658,respond,q2103,sprint,d,web
1570157141943,respond,q2104,sprint,b,web
1570157153897,respond,q2105,sprint,b,web
1570157165737,submit,b1635,sprint,,web
1570157172044,enter,b1450,sprint,,web
1570157211251,respond,q1548,sprint,d,web
1570157217641,respond,q1549,sprint,c,web
1570157243306,respond,q1550,sprint,a,web
1570157257301,submit,b1450,sprint,,web
1570157309516,enter,b1781,sprint,,web
1570157357164,respond,q2541,sprint,c,web
1570157367194,respond,q2542,sprint,d,web
1570157380232,respond,q2543,sprint,b,web
1570157388152,submit,b1781,sprint,,web
1570157454894,enter,b1502,sprint,,web
1570157509186,respond,q1704,sprint,a,web
1570157515644,respond,q1705,sprint,b,web
1570157523463,respond,q1706,sprint,d,web
1570157524739,submit,b1502,sprint,,web
1570157531351,enter,b1687,sprint,,web
1570157574381,respond,q2259,sprint,b,web
1570157582649,respond,q2259,sprint,d,web
1570157586690,respond,q2260,sprint,d,web
1570157594588,respond,q2261,sprint,a,web
1570157603045,submit,b1687,sprint,,web
1570157617003,enter,b1514,sprint,,web
1570157671108,respond,q1740,sprint,a,web
1570157682618,respond,q1741,sprint,d,web
1570157691435,respond,q1742,sprint,a,web
1570157694219,submit,b1514,sprint,,web
1570157744653,enter,b1792,sprint,,web
1570157784923,respond,q2574,sprint,a,web
1570157798934,respond,q2575,sprint,b,web
1570157813444,respond,q2576,sprint,d,web
1570157815387,submit,b1792,sprint,,web
1570157844494,enter,b1639,sprint,,web
1570157881877,respond,q2115,sprint,c,web
1570157906976,respond,q2117,sprint,b,web
1570157915461,respond,q2116,sprint,d,web
1570157918143,submit,b1639,sprint,,web
1570161976848,enter,b2767,sprint,,web
1570161990001,respond,q4235,sprint,c,web
1570161990627,submit,b2767,sprint,,web
1570161995953,enter,b3770,sprint,,web
1570162007445,respond,q5238,sprint,b,web
1570162011184,submit,b3770,sprint,,web
1570162016851,enter,b4218,sprint,,web
1570162037602,respond,q5686,sprint,d,web
1570162041169,submit,b4218,sprint,,web
1570162059724,enter,b6294,sprint,,web
1570162089174,respond,q8943,sprint,a,web
1570162090832,submit,b6294,sprint,,web
1570162120223,enter,b3114,sprint,,web
1570162141382,respond,q4582,sprint,b,web
1570162142878,submit,b3114,sprint,,web
1570162154319,enter,b3096,sprint,,web
1570162178573,respond,q4564,sprint,a,web
1570162179932,submit,b3096,sprint,,web
1570162193310,enter,b4017,sprint,,web
1570162209585,respond,q5485,sprint,a,web
1570162211300,submit,b4017,sprint,,web
1570162216685,enter,b3060,sprint,,web
1570162234890,respond,q4528,sprint,a,web
1570162239347,respond,q4528,sprint,c,web
1570162240128,respond,q4528,sprint,a,web
1570162260666,respond,q4528,sprint,c,web
1570162261168,submit,b3060,sprint,,web
1570162271136,enter,b3592,sprint,,web
1570162286131,respond,q5060,sprint,c,web
1570162291519,submit,b3592,sprint,,web
1570162298573,enter,b11395,sprint,,web
1570162349022,respond,q17158,sprint,b,web
1570162349585,respond,q17158,sprint,c,web
1570162355532,respond,q17158,sprint,d,web
1570162356931,submit,b11395,sprint,,web
1570162546999,respond,q17158,adaptive_offer,a,web
1570162548386,respond,q17158,adaptive_offer,b,web
1570162549280,respond,q17158,adaptive_offer,a,web
1570162574678,enter,b11510,adaptive_offer,,web
1570162581955,respond,q17273,adaptive_offer,a,web
1570162583357,submit,b11510,adaptive_offer,,web
1570162590937,enter,b2646,sprint,,web
1570162605207,respond,q4114,sprint,d,web
1570162610301,respond,q4114,sprint,a,web
1570162611487,submit,b2646,sprint,,web
1570162616656,enter,b6396,sprint,,web
1570162651881,respond,q9045,sprint,b,web
1570162652836,submit,b6396,sprint,,web
1570162682654,enter,b4002,sprint,,web
1570162706065,respond,q5470,sprint,a,web
1570162709475,submit,b4002,sprint,,web
1570162734161,enter,b2797,sprint,,web
1570162742927,respond,q4265,sprint,a,web
1570162743606,submit,b2797,sprint,,web
1570162749591,enter,b3380,sprint,,web
1570162773879,respond,q4848,sprint,c,web
1570162776335,submit,b3380,sprint,,web
1570162782499,enter,b3938,sprint,,web
1570162801351,respond,q5406,sprint,a,web
1570162808792,submit,b3938,sprint,,web
1570162814330,enter,b6274,sprint,,web
1570162839990,respond,q8923,sprint,c,web
1570162842985,submit,b6274,sprint,,web
1570163121547,enter,b6301,adaptive_offer,,web
1570163130706,respond,q8950,adaptive_offer,b,web
1570163131359,submit,b6301,adaptive_offer,,web
1570163135251,enter,b6274,adaptive_offer,,web
1570163141033,respond,q8923,adaptive_offer,b,web
1570163142023,submit,b6274,adaptive_offer,,web
1570163149427,enter,b11482,sprint,,web
1570163158763,respond,q17245,sprint,c,web
1570163160248,submit,b11482,sprint,,web
1570163170712,enter,b2218,sprint,,web
1570163187989,respond,q3686,sprint,c,web
1570163191087,submit,b2218,sprint,,web
1570163197253,enter,b6171,sprint,,web
1570163223721,respond,q8820,sprint,c,web
1570163225590,respond,q8820,sprint,b,web
1570163227137,submit,b6171,sprint,,web
1570163231917,enter,b6960,sprint,,web
1570163244388,respond,q9609,sprint,a,web
1570163249597,respond,q9609,sprint,a,web
1570163249972,submit,b6960,sprint,,web
1570163256963,enter,b6726,sprint,,web
1570163289663,respond,q9375,sprint,d,web
1570163290436,submit,b6726,sprint,,web
1570163297006,enter,b3489,sprint,,web
1570163307083,respond,q4957,sprint,c,web
1570163309799,submit,b3489,sprint,,web
1570163316171,enter,b3075,sprint,,web
1570163339027,respond,q4543,sprint,a,web
1570163340236,respond,q4543,sprint,b,web
1570163342955,submit,b3075,sprint,,web
1570163368458,enter,b4106,sprint,,web
1570163386690,respond,q5574,sprint,c,web
1570163387925,submit,b4106,sprint,,web
1570163392883,enter,b6299,sprint,,web
1570163416179,respond,q8948,sprint,b,web
1570163418909,submit,b6299,sprint,,web
1570163463332,enter,b2316,sprint,,web
1570163493219,respond,q3784,sprint,a,web
1570163494020,submit,b2316,sprint,,web
1570163500520,enter,b11587,sprint,,web
1570163514880,respond,q17350,sprint,c,web
1570163519158,submit,b11587,sprint,,web
1570163524821,enter,b3623,sprint,,web
1570163556292,respond,q5091,sprint,b,web
1570163560301,submit,b3623,sprint,,web
1570163591414,enter,b5075,sprint,,web
1570163606359,respond,q6543,sprint,d,web
1570163608013,submit,b5075,sprint,,web
1570163613482,enter,b5947,sprint,,web
1570163620873,respond,q8596,sprint,a,web
1570163648602,respond,q8596,sprint,c,web
1570163649160,respond,q8596,sprint,d,web
1570163652995,submit,b5947,sprint,,web
1570163658882,enter,b7061,sprint,,web
1570163669014,respond,q9710,sprint,b,web
1570163670399,submit,b7061,sprint,,web
1570163677104,enter,b6050,sprint,,web
1570163707884,respond,q8699,sprint,b,web
1570163710242,submit,b6050,sprint,,web
1570163715510,enter,b4500,sprint,,web
1570163771075,respond,q5968,sprint,b,web
1570163777624,submit,b4500,sprint,,web
1570163787273,enter,b5039,sprint,,web
1570163802712,respond,q6507,sprint,c,web
1570163805722,submit,b5039,sprint,,web
1570163821918,enter,b3626,sprint,,web
1570163858269,respond,q5094,sprint,c,web
1570163859221,submit,b3626,sprint,,web
1570163870438,enter,b6181,sprint,,web
1570163884760,respond,q8830,sprint,a,web
1570163887897,respond,q8830,sprint,c,web
1570163890555,submit,b6181,sprint,,web
1570164145335,respond,q8830,adaptive_offer,b,web
1570164157543,enter,b6180,adaptive_offer,,web
1570164167574,respond,q8829,adaptive_offer,c,web
1570164168404,submit,b6180,adaptive_offer,,web
1570164176925,enter,b7165,sprint,,web
1570164193779,respond,q9814,sprint,a,web
1570164201383,submit,b7165,sprint,,web
1570164206065,enter,b4267,sprint,,web
1570164234900,respond,q5735,sprint,d,web
1570164238025,submit,b4267,sprint,,web
1570164246618,enter,b7604,sprint,,web
1570164256036,respond,q10253,sprint,c,web
1570164256775,submit,b7604,sprint,,web
1570164274145,enter,b2323,sprint,,web
1570164297207,respond,q3791,sprint,c,web
1570164299028,submit,b2323,sprint,,web
1570164307080,enter,b4195,sprint,,web
1570164334608,respond,q5663,sprint,a,web
1570164338840,submit,b4195,sprint,,web
1570164344389,enter,b7683,sprint,,web
1570164365978,respond,q10332,sprint,d,web
1570164366594,submit,b7683,sprint,,web
1570164377265,enter,b3563,sprint,,web
1570164403280,respond,q5031,sprint,b,web
1570164405743,respond,q5031,sprint,d,web
1570164406448,submit,b3563,sprint,,web
1570164411897,enter,b4581,sprint,,web
1570164433240,respond,q6049,sprint,b,web
1570164437700,submit,b4581,sprint,,web
1570164443278,enter,b7556,sprint,,web
1570164458871,respond,q10205,sprint,a,web
1570164462143,submit,b7556,sprint,,web
1570164467058,enter,b6100,sprint,,web
1570164475713,respond,q8749,sprint,a,web
1570164477612,submit,b6100,sprint,,web
1570164484023,enter,b2629,sprint,,web
1570164492926,respond,q4097,sprint,b,web
1570164494441,submit,b2629,sprint,,web
1570164503389,enter,b4868,sprint,,web
1570164532838,respond,q6336,sprint,c,web
1570164535528,submit,b4868,sprint,,web
1570164541826,enter,b4187,sprint,,web
1570164571903,respond,q5655,sprint,a,web
1570164575719,submit,b4187,sprint,,web
1570164650939,enter,b7990,sprint,,web
1570164698242,respond,q10904,sprint,c,web
1570164750024,respond,q10905,sprint,b,web
1570164772083,respond,q10906,sprint,c,web
1570164790731,respond,q10907,sprint,d,web
1570164791366,submit,b7990,sprint,,web
1570164800828,enter,b7980,sprint,,web
1570164838460,respond,q10864,sprint,d,web
1570164860250,respond,q10865,sprint,a,web
1570164873043,respond,q10865,sprint,d,web
1570164883317,respond,q10865,sprint,c,web
1570164884134,respond,q10865,sprint,a,web
1570164905272,respond,q10866,sprint,c,web
1570164934445,respond,q10867,sprint,c,web
1570164937902,submit,b7980,sprint,,web
1570164944946,enter,b8564,sprint,,web
1570164969101,respond,q11923,sprint,d,web
1570164976670,respond,q11923,sprint,c,web
1570164996235,respond,q11924,sprint,a,web
1570165002976,respond,q11925,sprint,b,web
1570165023589,respond,q11926,sprint,a,web
1570165025324,submit,b8564,sprint,,web
1570165041826,enter,b5218,sprint,,web
1570165070033,respond,q6965,sprint,b,web
1570165113290,respond,q6966,sprint,d,web
1570165125915,respond,q6967,sprint,b,web
1570165162719,respond,q6968,sprint,a,web
1570165166021,submit,b5218,sprint,,web
1570165174316,enter,b5211,sprint,,web
1570165207661,respond,q6937,sprint,c,web
1570165234986,respond,q6938,sprint,c,web
1570165245710,respond,q6938,sprint,c,web
1570165254376,respond,q6939,sprint,c,web
1570165264080,respond,q6940,sprint,c,web
1570165266024,submit,b5211,sprint,,web
1570165436730,enter,b8564,adaptive_offer,,web
1570165444230,respond,q11923,adaptive_offer,d,web
1570165448930,respond,q11924,adaptive_offer,a,web
1570165450393,respond,q11925,adaptive_offer,b,web
1570165451579,respond,q11926,adaptive_offer,a,web
1570165452261,submit,b8564,adaptive_offer,,web
1570165460697,enter,b5110,sprint,,web
1570165508656,respond,q6653,sprint,b,web
1570165518585,respond,q6654,sprint,a,web
1570165556012,respond,q6655,sprint,d,web
1570165567190,respond,q6656,sprint,c,web
1570165568860,submit,b5110,sprint,,web
1570165584191,enter,b8568,sprint,,web
1570165627010,respond,q11939,sprint,c,web
1570165629480,respond,q11939,sprint,d,web
1570165636791,respond,q11939,sprint,c,web
1570165657501,respond,q11940,sprint,d,web
1570165693023,respond,q11941,sprint,d,web
1570165704464,respond,q11942,sprint,d,web
1570165707258,respond,q11942,sprint,a,web
1570165714338,submit,b8568,sprint,,web
1570165727778,enter,b5106,sprint,,web
1570165754849,respond,q6637,sprint,b,web
1570165783953,respond,q6638,sprint,b,web
1570165878947,respond,q6640,sprint,a,web
1570165899701,respond,q6639,sprint,b,web
1570165900879,submit,b5106,sprint,,web
1570165979195,enter,b1821,sprint,,web
1570166000086,respond,q2663,sprint,c,web
1570166001407,respond,q2663,sprint,d,web
1570166018195,respond,q2661,sprint,a,web
1570166046064,respond,q2662,sprint,b,web
1570166061084,respond,q2663,sprint,a,web
1570166062192,submit,b1821,sprint,,web
1570166073163,enter,b1960,sprint,,web
1570166116758,respond,q3078,sprint,c,web
1570166123131,respond,q3078,sprint,a,web
1570166144313,respond,q3080,sprint,b,web
1570166148195,respond,q3079,sprint,c,web
1570166149330,submit,b1960,sprint,,web
1570166205656,enter,b2011,sprint,,web
1570166265413,respond,q3231,sprint,c,web
1570166288585,respond,q3232,sprint,a,web
1570166305013,respond,q3233,sprint,c,web
1570166307610,respond,q3233,sprint,d,web
1570166308469,submit,b2011,sprint,,web
1570166604979,enter,b2109,my_note,,web
1570166611592,respond,q3527,my_note,d,web
1570166620665,respond,q3526,my_note,c,web
1570166623497,respond,q3525,my_note,d,web
1570166624032,submit,b2109,my_note,,web
1570173525272,respond,q7347,sprint,d,web
1570173602356,respond,q7348,sprint,b,web
1570173610396,respond,q7349,sprint,a,web
1570173626638,respond,q7350,sprint,d,web
1570173656560,enter,b5281,sprint,,web
1570173725617,respond,q7179,sprint,c,web
1570173732568,respond,q7180,sprint,b,web
1570173748443,respond,q7181,sprint,d,web
1570173805823,respond,q7182,sprint,d,web
1570173806689,submit,b5281,sprint,,web
1570173816364,enter,b5354,sprint,,web
1570173880945,respond,q7461,sprint,a,web
1570173946022,respond,q7460,sprint,b,web
1570173956893,respond,q7462,sprint,d,web
1570173975332,respond,q7463,sprint,c,web
1570174047023,respond,q7464,sprint,d,web
1570174053646,submit,b5354,sprint,,web
1570174080177,enter,b5369,sprint,,web
1570174135492,respond,q7520,sprint,a,web
1570174146189,respond,q7521,sprint,a,web
1570174251191,respond,q7522,sprint,c,web
1570174311174,respond,q7524,sprint,d,web
1570174333418,respond,q7523,sprint,c,web
1570174345131,submit,b5369,sprint,,web
1570174395516,enter,b5245,sprint,,web
1570174448497,respond,q7079,sprint,b,web
1570174449946,respond,q7079,sprint,d,web
1570174451266,respond,q7079,sprint,b,web
1570174555000,respond,q7080,sprint,c,web
1570174584980,respond,q7081,sprint,c,web
1570174592514,respond,q7082,sprint,c,web
1570174617375,respond,q7083,sprint,d,web
1570174618656,submit,b5245,sprint,,web
1570252049086,enter,b1797,my_note,,web
1570252092321,respond,q2589,my_note,c,web
1570252106213,respond,q2590,my_note,b,web
1570252113025,respond,q2591,my_note,a,web
1570252113902,submit,b1797,my_note,,web
1570252126913,enter,b1848,my_note,,web
1570252165635,respond,q2742,my_note,c,web
1570252180482,respond,q2743,my_note,c,web
1570252197461,respond,q2744,my_note,c,web
1570252203701,submit,b1848,my_note,,web
1570252235503,enter,b2009,my_note,,web
1570252250299,respond,q3225,my_note,c,web
1570252254001,respond,q3225,my_note,d,web
1570252275792,respond,q3225,my_note,c,web
1570252280461,respond,q3226,my_note,b,web
1570252303282,respond,q3227,my_note,c,web
1570252313410,respond,q3226,my_note,c,web
1570252315272,respond,q3226,my_note,a,web
1570252315887,submit,b2009,my_note,,web
1570252366194,enter,b1929,my_note,,web
1570252410779,respond,q2985,my_note,b,web
1570252415408,respond,q2985,my_note,d,web
1570252421992,respond,q2986,my_note,d,web
1570252438545,respond,q2987,my_note,b,web
1570252444048,submit,b1929,my_note,,web
1570252504014,enter,b1915,my_note,,web
1570252509025,respond,q2943,my_note,a,web
1570252509768,respond,q2943,my_note,b,web
1570252510512,respond,q2943,my_note,c,web
1570252511029,respond,q2943,my_note,d,web
1570252525005,respond,q2945,my_note,a,web
1570252526664,respond,q2945,my_note,b,web
1570252528513,respond,q2945,my_note,c,web
1570252530773,respond,q2945,my_note,d,web
1570252532427,respond,q2945,my_note,c,web
1570252557767,respond,q2943,my_note,a,web
1570252576685,respond,q2944,my_note,b,web
1570252577136,submit,b1915,my_note,,web
1570252667774,enter,b8491,my_note,,web
1570252698548,respond,q11631,my_note,b,web
1570252707447,respond,q11631,my_note,b,web
1570252741986,respond,q11633,my_note,c,web
1570252768005,respond,q11634,my_note,a,web
1570252780583,respond,q11632,my_note,a,web
1570252781258,submit,b8491,my_note,,web
1570252802696,enter,b5108,my_note,,web
1570252819683,respond,q6645,my_note,a,web
1570252864695,respond,q6646,my_note,a,web
1570252888051,respond,q6647,my_note,b,web
1570252899656,respond,q6647,my_note,d,web
1570252924588,respond,q6648,my_note,b,web
1570252934173,respond,q6648,my_note,d,web
1570252934993,submit,b5108,my_note,,web
1570252965409,enter,b5171,my_note,,web
1570252997406,respond,q6777,my_note,b,web
1570253012506,respond,q6778,my_note,b,web
1570253037948,respond,q6779,my_note,b,web
1570253107323,respond,q6780,my_note,a,web
1570253107967,submit,b5171,my_note,,web
1570253165320,enter,b7920,my_note,,web
1570253184297,respond,q10634,my_note,b,web
1570253207752,respond,q10635,my_note,a,web
1570253215267,respond,q10635,my_note,a,web
1570253248355,respond,q10636,my_note,a,web
1570253252371,respond,q10636,my_note,a,web
1570253268839,respond,q10637,my_note,d,web
1570253290768,respond,q10637,my_note,a,web
1570253294623,submit,b7920,my_note,,web
1570253387499,enter,b6281,sprint,,web
1570253406321,respond,q8930,sprint,d,web
1570253417000,submit,b6281,sprint,,web
1570253437445,enter,b3306,sprint,,web
1570253447588,respond,q4774,sprint,c,web
1570253478036,submit,b3306,sprint,,web
1570253491663,enter,b11384,sprint,,web
1570253499378,respond,q17147,sprint,a,web
1570253502332,submit,b11384,sprint,,web
1570253510619,enter,b5040,sprint,,web
1570253519524,respond,q6508,sprint,d,web
1570253521138,submit,b5040,sprint,,web
1570253527348,enter,b6090,sprint,,web
1570253543399,respond,q8739,sprint,a,web
1570253548234,respond,q8739,sprint,c,web
1570253551243,submit,b6090,sprint,,web
1570253557567,enter,b3325,sprint,,web
1570253562136,respond,q4793,sprint,b,web
1570253593329,submit,b3325,sprint,,web
1570253603617,enter,b7498,sprint,,web
1570253627332,respond,q10147,sprint,c,web
1570253629155,submit,b7498,sprint,,web
1570253644791,enter,b6703,sprint,,web
1570253656055,respond,q9352,sprint,b,web
1570253661479,submit,b6703,sprint,,web
1570253667608,enter,b4870,sprint,,web
1570253694918,respond,q6338,sprint,a,web
1570253713020,submit,b4870,sprint,,web
1570253739458,enter,b11433,sprint,,web
1570253764365,respond,q17196,sprint,b,web
1570253774793,respond,q17196,sprint,d,web
1570253780772,respond,q17196,sprint,a,web
1570253781634,submit,b11433,sprint,,web
1570253791450,enter,b2610,sprint,,web
1570253823777,respond,q4078,sprint,a,web
1570253824983,submit,b2610,sprint,,web
1570253839592,enter,b2224,sprint,,web
1570253855186,respond,q3692,sprint,a,web
1570253860296,submit,b2224,sprint,,web
1570253866775,enter,b5008,sprint,,web
1570253876972,respond,q6476,sprint,d,web
1570253877705,submit,b5008,sprint,,web
1570253883222,enter,b4090,sprint,,web
1570253962357,respond,q5558,sprint,a,web
1570253963294,submit,b4090,sprint,,web
1570254027289,enter,b5153,sprint,,web
1570254050589,respond,q6747,sprint,a,web
1570254053503,submit,b5153,sprint,,web
1570254059147,enter,b7167,sprint,,web
1570254084454,respond,q9816,sprint,c,web
1570254088774,submit,b7167,sprint,,web
1570254094200,enter,b5152,sprint,,web
1570254126114,respond,q6746,sprint,c,web
1570254127083,submit,b5152,sprint,,web
1570254132936,enter,b5950,sprint,,web
1570254147076,respond,q8599,sprint,a,web
1570254147890,submit,b5950,sprint,,web
1570254153155,enter,b7150,sprint,,web
1570254165021,respond,q9799,sprint,b,web
1570254168037,submit,b7150,sprint,,web
1570254174023,enter,b4744,sprint,,web
1570254191523,respond,q6212,sprint,b,web
1570254201447,respond,q6212,sprint,c,web
1570254213830,respond,q6212,sprint,b,web
1570254215951,submit,b4744,sprint,,web
1570254224005,enter,b3635,sprint,,web
1570254252804,respond,q5103,sprint,d,web
1570254253509,submit,b3635,sprint,,web
1570254293396,enter,b2849,sprint,,web
1570254321675,respond,q4317,sprint,b,web
1570254324217,submit,b2849,sprint,,web
1570254466999,enter,b3635,adaptive_offer,,web
1570254477603,respond,q5103,adaptive_offer,b,web
1570254478512,submit,b3635,adaptive_offer,,web
1570254483493,enter,b2849,adaptive_offer,,web
1570254497921,respond,q4317,adaptive_offer,b,web
1570254498336,respond,q4317,adaptive_offer,a,web
1570254501963,respond,q4317,adaptive_offer,c,web
1570254508651,submit,b2849,adaptive_offer,,web
1570254516522,enter,b4692,sprint,,web
1570254538857,respond,q6160,sprint,a,web
1570254546621,submit,b4692,sprint,,web
1570254551692,enter,b4270,sprint,,web
1570254626076,respond,q5738,sprint,a,web
1570254631662,submit,b4270,sprint,,web
1570254706781,enter,b6309,sprint,,web
1570254738331,respond,q8958,sprint,c,web
1570254738957,submit,b6309,sprint,,web
1570254744633,enter,b4307,sprint,,web
1570254775211,respond,q5775,sprint,d,web
1570254808625,respond,q5775,sprint,b,web
1570254809699,submit,b4307,sprint,,web
1570254860188,enter,b7251,sprint,,web
1570254904563,respond,q9900,sprint,d,web
1570254908116,submit,b7251,sprint,,web
1570254928018,enter,b5035,sprint,,web
1570254941416,respond,q6503,sprint,a,web
1570254943448,submit,b5035,sprint,,web
1570254988060,enter,b4227,sprint,,web
1570255003711,respond,q5695,sprint,b,web
1570255004768,submit,b4227,sprint,,web
1570255015220,enter,b3804,sprint,,web
1570255032306,respond,q5272,sprint,b,web
1570255033881,submit,b3804,sprint,,web
1570255049871,enter,b3595,sprint,,web
1570255065734,respond,q5063,sprint,d,web
1570255079215,respond,q5063,sprint,a,web
1570255080608,submit,b3595,sprint,,web
1570255087052,enter,b6189,sprint,,web
1570255102042,respond,q8838,sprint,c,web
1570255103429,submit,b6189,sprint,,web
1570255108640,enter,b7646,sprint,,web
1570255124905,respond,q10295,sprint,b,web
1570255131971,submit,b7646,sprint,,web
1570255137050,enter,b3627,sprint,,web
1570255158843,respond,q5095,sprint,b,web
1570255166663,submit,b3627,sprint,,web
1570255173015,enter,b6404,sprint,,web
1570255192670,respond,q9053,sprint,d,web
1570255195276,submit,b6404,sprint,,web
1570255199972,enter,b6765,sprint,,web
1570255231846,respond,q9414,sprint,a,web
1570255237649,submit,b6765,sprint,,web
1570255299989,enter,b5858,sprint,,web
1570255307611,respond,q8507,sprint,c,web
1570255308581,submit,b5858,sprint,,web
1570255333783,enter,b11323,sprint,,web
1570255390384,respond,q17086,sprint,d,web
1570255391851,respond,q17086,sprint,b,web
1570255392703,submit,b11323,sprint,,web
1570255400082,enter,b3796,sprint,,web
1570255409397,respond,q5264,sprint,a,web
1570255414456,submit,b3796,sprint,,web
1570255424326,enter,b5679,sprint,,web
1570255445425,respond,q8208,sprint,c,web
1570255446613,submit,b5679,sprint,,web
1570255452631,enter,b3965,sprint,,web
1570255467730,respond,q5433,sprint,b,web
1570255468563,submit,b3965,sprint,,web
1570255474085,enter,b4183,sprint,,web
1570255506321,respond,q5651,sprint,b,web
1570255511976,submit,b4183,sprint,,web
1570255771800,enter,b4187,adaptive_offer,,web
1570255778750,respond,q5655,adaptive_offer,c,web
1570255790278,submit,b4187,adaptive_offer,,web
1570255796045,enter,b4183,adaptive_offer,,web
1570255800581,respond,q5651,adaptive_offer,d,web
1570255804612,submit,b4183,adaptive_offer,,web
1570255817557,enter,b3579,sprint,,web
1570255833516,respond,q5047,sprint,d,web
1570255842104,submit,b3579,sprint,,web
1570255849507,enter,b2546,sprint,,web
1570255870192,respond,q4014,sprint,c,web
1570255871276,submit,b2546,sprint,,web
1570256056792,enter,b5858,adaptive_offer,,web
1570256060396,respond,q8507,adaptive_offer,d,web
1570256064095,submit,b5858,adaptive_offer,,web
1570256071682,enter,b11369,adaptive_offer,,web
1570256082570,respond,q17132,adaptive_offer,c,web
1570256088295,submit,b11369,adaptive_offer,,web
1570256099364,enter,b5765,sprint,,web
1570256114415,respond,q8414,sprint,a,web
1570256115513,submit,b5765,sprint,,web
1570256121913,enter,b4632,sprint,,web
1570256153214,respond,q6100,sprint,c,web
1570256168741,respond,q6100,sprint,d,web
1570256170411,submit,b4632,sprint,,web
1570256191209,enter,b6725,sprint,,web
1570256229404,respond,q9374,sprint,c,web
1570256231518,submit,b6725,sprint,,web
1570256257607,enter,b3415,sprint,,web
1570256269207,respond,q4883,sprint,a,web
1570256273998,submit,b3415,sprint,,web
1570256279945,enter,b4272,sprint,,web
1570256338984,respond,q5740,sprint,b,web
1570256349158,respond,q5740,sprint,c,web
1570256351525,respond,q5740,sprint,d,web
1570256353033,submit,b4272,sprint,,web
1570256529658,enter,b4272,adaptive_offer,,web
1570256533117,respond,q5740,adaptive_offer,b,web
1570256533871,submit,b4272,adaptive_offer,,web
1570256546432,enter,b4270,adaptive_offer,,web
1570256556059,respond,q5738,adaptive_offer,b,web
1570256556654,submit,b4270,adaptive_offer,,web
1570256588887,enter,b6876,sprint,,web
1570256599945,respond,q9525,sprint,c,web
1570256604693,submit,b6876,sprint,,web
1570323343186,enter,b4096,sprint,,web
1570323360176,respond,q5564,sprint,d,web
1570323361981,submit,b4096,sprint,,web
1570323372483,enter,b4708,sprint,,web
1570323431038,respond,q6176,sprint,d,web
1570323432111,submit,b4708,sprint,,web
1570323449938,enter,b7641,sprint,,web
1570323467960,respond,q10290,sprint,d,web
1570323473399,submit,b7641,sprint,,web
1570323477918,enter,b11564,sprint,,web
1570323503711,respond,q17327,sprint,b,web
1570323505403,submit,b11564,sprint,,web
1570323515419,enter,b3018,sprint,,web
1570323530537,respond,q4486,sprint,a,web
1570323541601,respond,q4486,sprint,c,web
1570323548930,submit,b3018,sprint,,web
1570323560828,enter,b7453,sprint,,web
1570323583705,respond,q10102,sprint,a,web
1570323596375,respond,q10102,sprint,c,web
1570323632672,submit,b7453,sprint,,web
1570323655368,enter,b2539,sprint,,web
1570323711427,respond,q4007,sprint,c,web
1570323712036,submit,b2539,sprint,,web
1570323719159,enter,b6074,sprint,,web
1570323747206,respond,q8723,sprint,c,web
1570323752150,respond,q8723,sprint,a,web
1570323753506,submit,b6074,sprint,,web
1570323758489,enter,b6077,adaptive_offer,,web
1570323776128,respond,q8726,adaptive_offer,d,web
1570323778155,submit,b6077,adaptive_offer,,web
1570323789100,enter,b6074,adaptive_offer,,web
1570323792763,respond,q8723,adaptive_offer,a,web
1570323794008,submit,b6074,adaptive_offer,,web
1570323811766,enter,b11544,sprint,,web
1570323824810,respond,q17307,sprint,c,web
1570323831855,submit,b11544,sprint,,web
1570323844835,enter,b4582,sprint,,web
1570323858170,respond,q6050,sprint,b,web
1570323861937,submit,b4582,sprint,,web
1570323885244,enter,b4607,sprint,,web
1570323902965,respond,q6075,sprint,a,web
1570323903886,submit,b4607,sprint,,web
1570323913604,enter,b11356,sprint,,web
1570323924748,respond,q17119,sprint,b,web
1570323931637,respond,q17119,sprint,d,web
1570323933791,submit,b11356,sprint,,web
1570323939550,enter,b6080,sprint,,web
1570323985168,respond,q8729,sprint,b,web
1570323986280,submit,b6080,sprint,,web
1570324002937,enter,b4631,sprint,,web
1570324038740,respond,q6099,sprint,a,web
1570324041198,submit,b4631,sprint,,web
1570324051692,enter,b6246,sprint,,web
1570324061460,respond,q8895,sprint,c,web
1570324078683,respond,q8895,sprint,d,web
1570324079854,submit,b6246,sprint,,web
1570324099283,enter,b5733,sprint,,web
1570324121164,respond,q8382,sprint,a,web
1570324128376,submit,b5733,sprint,,web
1570324143266,enter,b11524,sprint,,web
1570324158269,respond,q17287,sprint,c,web
1570324179084,respond,q17287,sprint,b,web
1570324180118,submit,b11524,sprint,,web
1570324185606,enter,b6188,sprint,,web
1570324220509,respond,q8837,sprint,d,web
1570324221146,submit,b6188,sprint,,web
1570324238378,enter,b6255,sprint,,web
1570324255462,respond,q8904,sprint,d,web
1570324260733,submit,b6255,sprint,,web
1570324274625,enter,b6919,sprint,,web
1570324306066,respond,q9568,sprint,a,web
1570324315544,submit,b6919,sprint,,web
1570324338973,enter,b4594,sprint,,web
1570324378628,submit,b4594,sprint,,web
1570324388383,respond,q6062,sprint,d,web
1570324459487,respond,q5246,sprint,c,web
1570324467938,enter,b6848,sprint,,web
1570324478331,respond,q9497,sprint,b,web
1570324483190,submit,b6848,sprint,,web
1570324507744,enter,b6273,sprint,,web
1570324543683,respond,q8922,sprint,b,web
1570324549454,respond,q8922,sprint,c,web
1570324570706,submit,b6273,sprint,,web
1570324599173,enter,b4721,sprint,,web
1570324617607,respond,q6189,sprint,a,web
1570324619028,submit,b4721,sprint,,web
1570324625417,enter,b6435,sprint,,web
1570324659191,respond,q9084,sprint,d,web
1570324660998,submit,b6435,sprint,,web
1570324686764,enter,b3554,sprint,,web
1570324697834,respond,q5022,sprint,d,web
1570324702814,submit,b3554,sprint,,web
1570324719398,enter,b2707,sprint,,web
1570324740561,respond,q4175,sprint,a,web
1570324743746,submit,b2707,sprint,,web
1570324748884,enter,b11582,sprint,,web
1570324787571,respond,q17345,sprint,c,web
1570324789017,submit,b11582,sprint,,web
1570324801225,enter,b7156,sprint,,web
1570324832628,respond,q9805,sprint,d,web
1570324840308,submit,b7156,sprint,,web
1570324884642,enter,b2448,sprint,,web
1570324892263,respond,q3916,sprint,b,web
1570324903035,respond,q3916,sprint,d,web
1570324904122,submit,b2448,sprint,,web
1570324911068,enter,b4863,sprint,,web
1570324929393,respond,q6331,sprint,b,web
1570324930573,submit,b4863,sprint,,web
1570325203041,enter,b6876,adaptive_offer,,web
1570325219916,respond,q9525,adaptive_offer,d,web
1570325220789,submit,b6876,adaptive_offer,,web
1570325271334,enter,b4863,adaptive_offer,,web
1570325294594,respond,q6331,adaptive_offer,b,web
1570325302127,respond,q6331,adaptive_offer,a,web
1570325302860,submit,b4863,adaptive_offer,,web
1570325364450,enter,b11517,sprint,,web
1570325417107,respond,q17280,sprint,b,web
1570325418528,submit,b11517,sprint,,web
1570325436815,enter,b7672,sprint,,web
1570325461499,respond,q10321,sprint,b,web
1570325462404,submit,b7672,sprint,,web
1570325470005,enter,b6755,sprint,,web
1570325475768,respond,q9404,sprint,c,web
1570325476738,submit,b6755,sprint,,web
1570325483614,enter,b6843,sprint,,web
1570325498117,respond,q9492,sprint,b,web
1570325507252,respond,q9492,sprint,a,web
1570325509676,respond,q9492,sprint,b,web
1570325511840,submit,b6843,sprint,,web
1570325543461,enter,b4617,sprint,,web
1570325580389,respond,q6085,sprint,c,web
1570325587521,submit,b4617,sprint,,web
1570325594456,enter,b2554,sprint,,web
1570325602494,respond,q4022,sprint,c,web
1570325603378,respond,q4022,sprint,b,web
1570325604521,submit,b2554,sprint,,web
1570325627041,enter,b11337,sprint,,web
1570325651557,respond,q17100,sprint,c,web
1570325670318,submit,b11337,sprint,,web
1570325678689,enter,b11364,sprint,,web
1570325728362,respond,q17127,sprint,d,web
1570325728740,submit,b11364,sprint,,web
1570325790322,enter,b5655,sprint,,web
1570325811917,respond,q8184,sprint,a,web
1570325819443,submit,b5655,sprint,,web
1570325852850,enter,b6695,sprint,,web
1570325897222,respond,q9344,sprint,c,web
1570325900918,submit,b6695,sprint,,web
1570325916140,enter,b11396,sprint,,web
1570325937692,respond,q17159,sprint,b,web
1570325945124,respond,q17159,sprint,c,web
1570325947123,respond,q17159,sprint,b,web
1570325948205,respond,q17159,sprint,c,web
1570325948755,submit,b11396,sprint,,web
1570325981851,enter,b5127,sprint,,web
1570326010419,respond,q6721,sprint,d,web
1570326011013,submit,b5127,sprint,,web
1570326016589,enter,b2840,sprint,,web
1570326030927,respond,q4308,sprint,c,web
1570326036834,submit,b2840,sprint,,web
1570326041859,enter,b2380,sprint,,web
1570326062100,respond,q3848,sprint,a,web
1570326064133,respond,q3848,sprint,b,web
1570326067466,submit,b2380,sprint,,web
1570326104400,enter,b3879,sprint,,web
1570326125294,respond,q5347,sprint,a,web
1570326138762,respond,q5347,sprint,c,web
1570326144002,submit,b3879,sprint,,web
1570326152229,enter,b11350,sprint,,web
1570326208329,respond,q17113,sprint,c,web
1570326209629,submit,b11350,sprint,,web
1570326229310,enter,b3757,sprint,,web
1570326255275,respond,q5225,sprint,d,web
1570326256629,submit,b3757,sprint,,web
1570326261589,enter,b11279,sprint,,web
1570326325691,respond,q17042,sprint,c,web
1570326337550,submit,b11279,sprint,,web
1570326365782,enter,b2575,sprint,,web
1570326395333,respond,q4043,sprint,d,web
1570326405245,submit,b2575,sprint,,web
