timestamp,action_type,item_id,source,user_answer,platform
1569328361746,enter,b4272,diagnosis,,mobile
1569328378509,respond,q5740,diagnosis,b,mobile
1569328383632,submit,b4272,diagnosis,,mobile
1569430882323,enter,b4710,diagnosis,,mobile
1569430928743,respond,q6178,diagnosis,a,mobile
1569430933827,submit,b4710,diagnosis,,mobile
1569430933909,enter,b1290,diagnosis,,mobile
1569430970240,respond,q1290,diagnosis,c,mobile
1569430973352,respond,q1290,diagnosis,b,mobile
1569430975055,respond,q1290,diagnosis,a,mobile
1569430975539,respond,q1290,diagnosis,b,mobile
1569430979606,submit,b1290,diagnosis,,mobile
1569430979700,enter,b368,diagnosis,,mobile
1569430997785,respond,q368,diagnosis,a,mobile
1569431001297,submit,b368,diagnosis,,mobile
1569431001384,enter,b3787,diagnosis,,mobile
1569431055031,respond,q5255,diagnosis,d,mobile
1569431059029,submit,b3787,diagnosis,,mobile
1569431059125,enter,b309,diagnosis,,mobile
1569431077905,respond,q309,diagnosis,c,mobile
1569431082003,submit,b309,diagnosis,,mobile
1569431082075,enter,b599,diagnosis,,mobile
1569431101408,respond,q599,diagnosis,b,mobile
1569431106063,submit,b599,diagnosis,,mobile
