timestamp,action_type,item_id,source,user_answer,platform
1569337860475,enter,b5781,diagnosis,,mobile
1569337879530,respond,q8430,diagnosis,b,mobile
1569337885645,submit,b5781,diagnosis,,mobile
1569337885749,enter,b4752,diagnosis,,mobile
1569337897913,respond,q6220,diagnosis,a,mobile
1569337905392,submit,b4752,diagnosis,,mobile
1569337905493,enter,b4883,diagnosis,,mobile
1569337923965,respond,q6351,diagnosis,d,mobile
1569337949659,respond,q6351,diagnosis,a,mobile
1569337955171,submit,b4883,diagnosis,,mobile
1569337955258,enter,b6046,diagnosis,,mobile
1569338034247,respond,q8695,diagnosis,d,mobile
1569338039639,submit,b6046,diagnosis,,mobile
1569338066786,enter,b2612,diagnosis,,mobile
1569338108220,respond,q4080,diagnosis,a,mobile
1569338119324,respond,q4080,diagnosis,b,mobile
1569338126668,submit,b2612,diagnosis,,mobile
1569338126728,enter,b3098,diagnosis,,mobile
1569338146652,respond,q4566,diagnosis,d,mobile
1569338149486,respond,q4566,diagnosis,b,mobile
1569338156077,submit,b3098,diagnosis,,mobile
1569338189512,enter,b4090,sprint,,mobile
1569338211804,respond,q5558,sprint,a,mobile
1569338215446,submit,b4090,sprint,,mobile
1569338373007,enter,b4314,sprint,,mobile
1569338390558,respond,q5782,sprint,c,mobile
1569338394340,submit,b4314,sprint,,mobile
1569338467542,enter,b2306,sprint,,mobile
1569338470852,respond,q3774,sprint,a,mobile
1569338474325,submit,b2306,sprint,,mobile
1569338515546,enter,b11293,sprint,,mobile
1569338521426,respond,q17056,sprint,a,mobile
1569338524375,submit,b11293,sprint,,mobile
1569338535999,enter,b2517,sprint,,mobile
1569338556236,respond,q3985,sprint,c,mobile
1569338557544,respond,q3985,sprint,d,mobile
1569338561151,submit,b2517,sprint,,mobile
1569338618786,enter,b4114,sprint,,mobile
1569338654717,respond,q5582,sprint,a,mobile
1569338664059,submit,b4114,sprint,,mobile
1569338737436,enter,b4400,sprint,,mobile
1569338758479,respond,q5868,sprint,c,mobile
1569338762974,submit,b4400,sprint,,mobile
1569338768620,enter,b6680,sprint,,mobile
1569338787690,respond,q9329,sprint,b,mobile
1569338790633,submit,b6680,sprint,,mobile
1569338796834,enter,b4892,sprint,,mobile
1569338848409,respond,q6360,sprint,b,mobile
1569338856880,submit,b4892,sprint,,mobile
1569338929138,enter,b3005,sprint,,mobile
1569338965585,respond,q4473,sprint,a,mobile
1569338970746,submit,b3005,sprint,,mobile
1569339037997,enter,b970,sprint,,mobile
1569339045870,submit,b970,sprint,,mobile
1569339048889,enter,b970,sprint,,mobile
1569339067536,respond,q970,sprint,c,mobile
1569339070125,submit,b970,sprint,,mobile
1569339411701,enter,b822,sprint,,mobile
1569339426590,submit,b822,sprint,,mobile
1569339533895,enter,b758,sprint,,mobile
1569339556189,respond,q758,sprint,c,mobile
1569339559661,submit,b758,sprint,,mobile
1569339704118,enter,b8315,sprint,,mobile
1569339715409,respond,q11262,sprint,a,mobile
1569339723714,submit,b8315,sprint,,mobile
1569339815334,enter,b954,sprint,,mobile
1569339833867,respond,q954,sprint,b,mobile
1569339836661,submit,b954,sprint,,mobile
1569339881565,enter,b954,sprint,,mobile
1569339913762,submit,b954,sprint,,mobile
1569339913808,enter,b722,sprint,,mobile
1569339932887,respond,q722,sprint,a,mobile
1569339935684,submit,b722,sprint,,mobile
1569339955196,enter,b722,sprint,,mobile
1569339986273,submit,b722,sprint,,mobile
1569339986348,enter,b8302,sprint,,mobile
1569340008380,respond,q11249,sprint,b,mobile
1569340011563,submit,b8302,sprint,,mobile
1569340047619,enter,b8302,sprint,,mobile
1569340069944,submit,b8302,sprint,,mobile
1569340070031,enter,b585,sprint,,mobile
1569340089346,respond,q585,sprint,c,mobile
1569340091844,submit,b585,sprint,,mobile
1569340228860,enter,b8316,sprint,,mobile
1569340247483,respond,q11263,sprint,b,mobile
1569340249955,submit,b8316,sprint,,mobile
1569340282075,enter,b1162,sprint,,mobile
1569340296678,submit,b1162,sprint,,mobile
1569340341021,enter,b1524,sprint,,mobile
1569340428126,respond,q1770,sprint,a,mobile
1569340441011,submit,b1524,sprint,,mobile
1569340499383,enter,b1450,sprint,,mobile
1569340591359,respond,q1548,sprint,d,mobile
1569340595863,submit,b1450,sprint,,mobile
1569340674310,enter,b1589,sprint,,mobile
1569340768647,respond,q1965,sprint,a,mobile
1569340773944,submit,b1589,sprint,,mobile
1569340873931,enter,b1630,sprint,,mobile
1569340951518,respond,q2088,sprint,c,mobile
1569340956739,submit,b1630,sprint,,mobile
1569341048545,enter,b1688,sprint,,mobile
1569341129327,respond,q2262,sprint,b,mobile
1569341139393,submit,b1688,sprint,,mobile
1569341180858,enter,b1573,sprint,,mobile
1569341285954,respond,q1917,sprint,d,mobile
1569341289539,submit,b1573,sprint,,mobile
1569341324493,enter,b3626,sprint,,mobile
1569341357355,respond,q5094,sprint,c,mobile
1569341361107,submit,b3626,sprint,,mobile
1569341377546,enter,b4218,sprint,,mobile
1569341389079,respond,q5686,sprint,d,mobile
1569341394891,submit,b4218,sprint,,mobile
1569341443675,enter,b4738,sprint,,mobile
1569341459726,respond,q6206,sprint,b,mobile
1569341462684,submit,b4738,sprint,,mobile
1569341492224,enter,b11312,sprint,,mobile
1569341507963,respond,q17075,sprint,c,mobile
1569341513676,submit,b11312,sprint,,mobile
1569341519942,enter,b3418,sprint,,mobile
1569341536376,respond,q4886,sprint,d,mobile
1569341544906,submit,b3418,sprint,,mobile
1569341565750,enter,b2230,sprint,,mobile
1569341605668,respond,q3698,sprint,d,mobile
1569341609825,submit,b2230,sprint,,mobile
1569341646431,enter,b3128,sprint,,mobile
1569341688449,respond,q4596,sprint,c,mobile
1569341692568,submit,b3128,sprint,,mobile
1569341740027,enter,b6867,sprint,,mobile
1569341776850,respond,q9516,sprint,a,mobile
1569341784528,submit,b6867,sprint,,mobile
1569341805573,enter,b5044,sprint,,mobile
1569341827975,respond,q6512,sprint,b,mobile
1569341833470,submit,b5044,sprint,,mobile
1569341886366,enter,b3433,sprint,,mobile
1569341962628,respond,q4901,sprint,a,mobile
1569341965980,submit,b3433,sprint,,mobile
1569342033907,enter,b4703,sprint,,mobile
1569342064515,respond,q6171,sprint,b,mobile
1569342070738,submit,b4703,sprint,,mobile
1569342159259,enter,b6092,sprint,,mobile
1569342178014,respond,q8741,sprint,a,mobile
1569342182039,submit,b6092,sprint,,mobile
1569342200011,enter,b2884,sprint,,mobile
1569342224204,respond,q4352,sprint,a,mobile
1569342231209,submit,b2884,sprint,,mobile
1569342236951,enter,b4712,sprint,,mobile
1569342266649,respond,q6180,sprint,d,mobile
1569342272646,respond,q6180,sprint,c,mobile
1569342275852,submit,b4712,sprint,,mobile
1569342291561,enter,b3008,sprint,,mobile
1569342303509,respond,q4476,sprint,c,mobile
1569342308101,submit,b3008,sprint,,mobile
1569342971814,enter,b6401,sprint,,mobile
1569342985815,respond,q9050,sprint,a,mobile
1569342989272,submit,b6401,sprint,,mobile
1569343019089,enter,b3415,sprint,,mobile
1569343050109,respond,q4883,sprint,a,mobile
1569343054400,submit,b3415,sprint,,mobile
