timestamp,action_type,item_id,source,user_answer,platform
1570787231399,enter,b3604,diagnosis,,mobile
1570787257005,respond,q5072,diagnosis,a,mobile
1570787263992,submit,b3604,diagnosis,,mobile
1570787264099,enter,b799,diagnosis,,mobile
1570787281780,respond,q799,diagnosis,c,mobile
1570787288463,submit,b799,diagnosis,,mobile
1570787288544,enter,b10,diagnosis,,mobile
1570787314144,respond,q10,diagnosis,a,mobile
1570787319027,submit,b10,diagnosis,,mobile
1570787319116,enter,b8251,diagnosis,,mobile
1570787342729,respond,q11198,diagnosis,a,mobile
1570787348753,submit,b8251,diagnosis,,mobile
1570787348819,enter,b2401,diagnosis,,mobile
1570787374465,respond,q3869,diagnosis,a,mobile
1570787379304,submit,b2401,diagnosis,,mobile
1570787379383,enter,b11335,diagnosis,,mobile
1570787416908,respond,q17098,diagnosis,c,mobile
1570787421073,submit,b11335,diagnosis,,mobile
1570787421146,enter,b2683,diagnosis,,mobile
1570787450531,respond,q4151,diagnosis,d,mobile
1570787457569,respond,q4151,diagnosis,c,mobile
1570787461960,submit,b2683,diagnosis,,mobile
1570788111141,enter,b7397,tutor,,mobile
1570788149560,respond,q10046,tutor,c,mobile
1570788164119,submit,b7397,tutor,,mobile
1570788233539,enter,b1537,tutor,,mobile
1570788351894,respond,q1809,tutor,b,mobile
1570788359783,submit,b1537,tutor,,mobile
1570788359833,enter,b1537,tutor,,mobile
1570788397460,submit,b1537,tutor,,mobile
1570789316881,enter,b3048,sprint,,mobile
1570789349759,respond,q4516,sprint,d,mobile
1570789357496,submit,b3048,sprint,,mobile
1570789365234,enter,b5139,sprint,,mobile
1570789379550,respond,q6733,sprint,d,mobile
1570789382645,submit,b5139,sprint,,mobile
1570789389153,enter,b3582,sprint,,mobile
1570789450728,respond,q5050,sprint,a,mobile
1570789454912,submit,b3582,sprint,,mobile
1570789462032,enter,b6911,sprint,,mobile
1570789472440,respond,q9560,sprint,a,mobile
1570789474913,respond,q9560,sprint,c,mobile
1570789489223,respond,q9560,sprint,a,mobile
1570789491446,respond,q9560,sprint,b,mobile
1570789493989,submit,b6911,sprint,,mobile
1570789499624,enter,b7126,sprint,,mobile
1570789507305,respond,q9775,sprint,b,mobile
1570789512348,submit,b7126,sprint,,mobile
1570789518503,enter,b3248,sprint,,mobile
1570789528710,respond,q4716,sprint,c,mobile
1570789533357,submit,b3248,sprint,,mobile
1570789539287,enter,b4867,sprint,,mobile
1570789587393,respond,q6335,sprint,d,mobile
1570789592302,respond,q6335,sprint,c,mobile
1570789597779,submit,b4867,sprint,,mobile
1570789614864,enter,b3022,sprint,,mobile
1570789645557,respond,q4490,sprint,c,mobile
1570789647313,respond,q4490,sprint,d,mobile
1570789650460,submit,b3022,sprint,,mobile
1570789659159,enter,b3352,sprint,,mobile
1570789711090,respond,q4820,sprint,c,mobile
1570789714587,submit,b3352,sprint,,mobile
1570789719695,enter,b4195,sprint,,mobile
1570789745567,respond,q5663,sprint,c,mobile
1570789748624,submit,b4195,sprint,,mobile
1570789754775,enter,b7152,sprint,,mobile
1570789787544,respond,q9801,sprint,b,mobile
1570789790748,submit,b7152,sprint,,mobile
1570789796244,enter,b4769,sprint,,mobile
1570789838153,respond,q6237,sprint,d,mobile
1570789848178,respond,q6237,sprint,b,mobile
1570789851276,submit,b4769,sprint,,mobile
1570789857418,enter,b2853,sprint,,mobile
1570789864924,respond,q4321,sprint,c,mobile
1570789868929,respond,q4321,sprint,a,mobile
1570789873732,submit,b2853,sprint,,mobile
1570789879949,enter,b3068,sprint,,mobile
1570789886118,respond,q4536,sprint,d,mobile
1570789895028,submit,b3068,sprint,,mobile
1570791333073,enter,b3068,sprint,,mobile
1570791336407,respond,q4536,sprint,a,mobile
1570791352115,respond,q4536,sprint,d,mobile
1570791357414,submit,b3068,sprint,,mobile
1570791363894,enter,b2484,sprint,,mobile
1570791430792,respond,q3952,sprint,d,mobile
1570791434861,submit,b2484,sprint,,mobile
1570791441323,enter,b7460,sprint,,mobile
1570791445732,respond,q10109,sprint,d,mobile
1570791446538,respond,q10109,sprint,c,mobile
1570791449062,respond,q10109,sprint,b,mobile
1570791456095,submit,b7460,sprint,,mobile
1570791462406,enter,b4291,sprint,,mobile
1570791467818,respond,q5759,sprint,c,mobile
1570791471666,submit,b4291,sprint,,mobile
1570791854129,enter,b6726,sprint,,mobile
1570791882170,respond,q9375,sprint,d,mobile
1570791885700,submit,b6726,sprint,,mobile
1570791891049,enter,b4955,sprint,,mobile
1570791901230,respond,q6423,sprint,c,mobile
1570791907118,submit,b4955,sprint,,mobile
1570791912934,enter,b6097,sprint,,mobile
1570791948517,respond,q8746,sprint,a,mobile
1570791952105,submit,b6097,sprint,,mobile
1570791957922,enter,b3129,sprint,,mobile
1570791975656,respond,q4597,sprint,d,mobile
1570792034552,submit,b3129,sprint,,mobile
1570792039725,enter,b6352,sprint,,mobile
1570792053101,respond,q9001,sprint,a,mobile
1570792057970,submit,b6352,sprint,,mobile
1570792063135,enter,b6100,sprint,,mobile
1570792073127,respond,q8749,sprint,a,mobile
1570792078338,submit,b6100,sprint,,mobile
1570792083877,enter,b2726,sprint,,mobile
1570792138566,respond,q4194,sprint,d,mobile
1570792142706,respond,q4194,sprint,b,mobile
1570792146159,submit,b2726,sprint,,mobile
1570792151963,enter,b3992,sprint,,mobile
1570792159506,respond,q5460,sprint,b,mobile
1570792162794,submit,b3992,sprint,,mobile
1570792168611,enter,b2771,sprint,,mobile
1570792169711,respond,q4239,sprint,a,mobile
1570792171627,respond,q4239,sprint,b,mobile
1570792184837,respond,q4239,sprint,a,mobile
1570792192797,respond,q4239,sprint,c,mobile
1570792197992,submit,b2771,sprint,,mobile
1570792203491,enter,b4218,sprint,,mobile
1570792211108,respond,q5686,sprint,a,mobile
1570792223230,submit,b4218,sprint,,mobile
1570792230756,enter,b2320,sprint,,mobile
1570792232392,respond,q3788,sprint,a,mobile
1570792243937,respond,q3788,sprint,b,mobile
1570792248282,respond,q3788,sprint,a,mobile
1570792256384,submit,b2320,sprint,,mobile
1570792262845,enter,b6271,sprint,,mobile
1570792265111,respond,q8920,sprint,a,mobile
1570792272985,respond,q8920,sprint,c,mobile
1570792276223,submit,b6271,sprint,,mobile
1570792281734,enter,b4461,sprint,,mobile
1570792306776,respond,q5929,sprint,a,mobile
1570792307325,respond,q5929,sprint,d,mobile
1570792309820,respond,q5929,sprint,a,mobile
1570792314823,respond,q5929,sprint,d,mobile
1570792318845,submit,b4461,sprint,,mobile
1570792794120,enter,b3941,sprint,,mobile
1570792813140,respond,q5409,sprint,a,mobile
1570792815959,submit,b3941,sprint,,mobile
1570792822917,enter,b3861,sprint,,mobile
1570792938110,respond,q5329,sprint,c,mobile
1570792942583,submit,b3861,sprint,,mobile
1570792951127,enter,b5034,sprint,,mobile
1570792993297,respond,q6502,sprint,a,mobile
1570792996785,submit,b5034,sprint,,mobile
1570793004185,enter,b4585,sprint,,mobile
1570793008761,respond,q6053,sprint,c,mobile
1570793022918,respond,q6053,sprint,b,mobile
1570793037021,submit,b4585,sprint,,mobile
1570793043146,enter,b4984,sprint,,mobile
1570793048453,respond,q6452,sprint,a,mobile
1570793065355,respond,q6452,sprint,d,mobile
1570793076855,submit,b4984,sprint,,mobile
1570793082750,enter,b6957,sprint,,mobile
1570793085033,respond,q9606,sprint,d,mobile
1570793094774,respond,q9606,sprint,a,mobile
1570793098164,submit,b6957,sprint,,mobile
1570793250660,enter,b3933,sprint,,mobile
1570793290905,respond,q5401,sprint,a,mobile
1570793291910,respond,q5401,sprint,b,mobile
1570793294487,respond,q5401,sprint,a,mobile
1570793299557,submit,b3933,sprint,,mobile
1570793469631,enter,b2610,sprint,,mobile
1570793542955,respond,q4078,sprint,c,mobile
1570793547342,submit,b2610,sprint,,mobile
1570793553740,enter,b3816,sprint,,mobile
1570793629780,respond,q5284,sprint,c,mobile
1570793637241,submit,b3816,sprint,,mobile
1570793643741,enter,b7134,sprint,,mobile
1570793666073,respond,q9783,sprint,d,mobile
1570793670319,submit,b7134,sprint,,mobile
1570793677122,enter,b3780,sprint,,mobile
1570793684732,respond,q5248,sprint,d,mobile
1570793685618,respond,q5248,sprint,c,mobile
1570793690010,respond,q5248,sprint,b,mobile
1570793709986,respond,q5248,sprint,a,mobile
1570793721428,submit,b3780,sprint,,mobile
1570793728111,enter,b5026,sprint,,mobile
1570793733230,respond,q6494,sprint,c,mobile
1570793734379,respond,q6494,sprint,d,mobile
1570793751844,respond,q6494,sprint,b,mobile
1570793752606,respond,q6494,sprint,c,mobile
1570793753082,respond,q6494,sprint,d,mobile
1570793768517,submit,b5026,sprint,,mobile
1570793775847,enter,b6289,sprint,,mobile
1570793798474,respond,q8938,sprint,c,mobile
1570793802470,respond,q8938,sprint,a,mobile
1570793805797,submit,b6289,sprint,,mobile
1570793811285,enter,b2850,sprint,,mobile
1570793812973,respond,q4318,sprint,b,mobile
1570793815094,respond,q4318,sprint,a,mobile
1570793821217,respond,q4318,sprint,c,mobile
1570793825364,submit,b2850,sprint,,mobile
1570793830932,enter,b2447,sprint,,mobile
1570793832429,respond,q3915,sprint,a,mobile
1570793852693,submit,b2447,sprint,,mobile
1570793859297,enter,b4188,sprint,,mobile
1570793860541,respond,q5656,sprint,a,mobile
1570793882461,respond,q5656,sprint,b,mobile
1570793883534,respond,q5656,sprint,c,mobile
1570793891195,submit,b4188,sprint,,mobile
1570796649452,enter,b5420,sprint,,mobile
1570796872950,respond,q7696,sprint,a,mobile
1570796878159,submit,b5420,sprint,,mobile
1570796957903,enter,b5231,sprint,,mobile
1570797304926,respond,q7017,sprint,d,mobile
1570797309980,submit,b5231,sprint,,mobile
1570797590886,enter,b5369,sprint,,mobile
1570798091319,respond,q7524,sprint,c,mobile
1570798097845,submit,b5369,sprint,,mobile
1570798180474,enter,b8047,sprint,,mobile
1570798206734,respond,q10994,sprint,d,mobile
1570798209680,submit,b8047,sprint,,mobile
1570798262887,enter,b127,sprint,,mobile
1570798285600,respond,q127,sprint,b,mobile
1570798288737,submit,b127,sprint,,mobile
1570798294123,enter,b8171,sprint,,mobile
1570798316716,respond,q11118,sprint,b,mobile
1570798319659,submit,b8171,sprint,,mobile
1570798325251,enter,b5614,sprint,,mobile
1570798348200,respond,q8143,sprint,a,mobile
1570798352118,submit,b5614,sprint,,mobile
1570798410760,enter,b54,sprint,,mobile
1570798414183,submit,b54,sprint,,mobile
1570798429499,enter,b54,sprint,,mobile
1570798432139,submit,b54,sprint,,mobile
1570798437977,enter,b647,sprint,,mobile
1570798460874,respond,q647,sprint,a,mobile
1570798464564,submit,b647,sprint,,mobile
1570798474666,enter,b484,sprint,,mobile
1570798496434,respond,q484,sprint,c,mobile
1570798500289,submit,b484,sprint,,mobile
1570798555654,enter,b377,sprint,,mobile
1570798577416,respond,q377,sprint,b,mobile
1570798580986,submit,b377,sprint,,mobile
1570798591103,enter,b543,sprint,,mobile
1570798610718,respond,q543,sprint,c,mobile
1570798613757,submit,b543,sprint,,mobile
1570798740594,enter,b881,sprint,,mobile
1570798755845,respond,q881,sprint,b,mobile
1570798762283,respond,q881,sprint,a,mobile
1570798764954,respond,q881,sprint,b,mobile
1570798767864,submit,b881,sprint,,mobile
1570798775298,enter,b810,sprint,,mobile
1570798803643,respond,q810,sprint,c,mobile
1570798808523,submit,b810,sprint,,mobile
1570798819127,enter,b896,sprint,,mobile
1570798841179,respond,q896,sprint,c,mobile
1570798841997,respond,q896,sprint,b,mobile
1570798845005,respond,q896,sprint,c,mobile
1570798848865,submit,b896,sprint,,mobile
1570798855489,enter,b458,sprint,,mobile
1570798873834,respond,q458,sprint,a,mobile
1570798878555,submit,b458,sprint,,mobile
1570798922649,enter,b639,sprint,,mobile
1570798938371,respond,q639,sprint,b,mobile
1570798943177,submit,b639,sprint,,mobile
1570798947533,enter,b679,sprint,,mobile
1570798956315,respond,q679,sprint,a,mobile
1570798965195,submit,b679,sprint,,mobile
1570798969813,enter,b1193,sprint,,mobile
1570798989973,respond,q1193,sprint,c,mobile
1570798993125,respond,q1193,sprint,b,mobile
1570798997561,submit,b1193,sprint,,mobile
1570799016159,enter,b335,sprint,,mobile
1570799036849,respond,q335,sprint,b,mobile
1570799043223,submit,b335,sprint,,mobile
1570799056187,enter,b1326,sprint,,mobile
1570799076376,respond,q1326,sprint,c,mobile
1570799079785,submit,b1326,sprint,,mobile
1570799089516,enter,b737,sprint,,mobile
1570799107396,respond,q737,sprint,c,mobile
1570799110197,submit,b737,sprint,,mobile
1570799116602,enter,b806,sprint,,mobile
1570799135880,respond,q806,sprint,a,mobile
1570799138965,submit,b806,sprint,,mobile
1570799174051,enter,b1065,sprint,,mobile
1570799192061,respond,q1065,sprint,a,mobile
1570799200198,submit,b1065,sprint,,mobile
1570799212756,enter,b769,sprint,,mobile
1570799224071,respond,q769,sprint,b,mobile
1570799229451,submit,b769,sprint,,mobile
1570799233961,enter,b1257,sprint,,mobile
1570799255116,respond,q1257,sprint,c,mobile
1570799259904,submit,b1257,sprint,,mobile
1570799308092,enter,b8316,sprint,,mobile
1570799327353,respond,q11263,sprint,a,mobile
1570799330754,submit,b8316,sprint,,mobile
1570799391533,enter,b1681,sprint,,mobile
1570799475267,respond,q2241,sprint,b,mobile
1570799476141,respond,q2241,sprint,b,mobile
1570799483243,submit,b1681,sprint,,mobile
1570799574478,enter,b1708,sprint,,mobile
1570799672535,respond,q2322,sprint,c,mobile
1570799676171,submit,b1708,sprint,,mobile
1570799696422,enter,b1419,sprint,,mobile
1570799797773,respond,q1455,sprint,c,mobile
1570799801775,submit,b1419,sprint,,mobile
1570799813359,enter,b1656,sprint,,mobile
1570799877257,respond,q2166,sprint,a,mobile
1570799881527,submit,b1656,sprint,,mobile
1570799917838,enter,b1766,sprint,,mobile
1570799976671,respond,q2496,sprint,a,mobile
1570799982900,submit,b1766,sprint,,mobile
1570800084032,enter,b1696,sprint,,mobile
1570800173824,respond,q2286,sprint,b,mobile
1570800177838,respond,q2286,sprint,b,mobile
1570800181499,submit,b1696,sprint,,mobile
1570866046841,enter,b5367,sprint,,mobile
1570866382612,respond,q7514,sprint,a,mobile
1570866387566,submit,b5367,sprint,,mobile
1570866736143,enter,b5467,sprint,,mobile
1570867199962,respond,q7855,sprint,d,mobile
1570867206175,submit,b5467,sprint,,mobile
1570867279983,enter,b5698,sprint,,mobile
1570867554007,respond,q8291,sprint,c,mobile
1570867559239,submit,b5698,sprint,,mobile
1570878751552,enter,b54,sprint,,mobile
1570878771836,respond,q54,sprint,b,mobile
1570878775367,submit,b54,sprint,,mobile
1570878789765,enter,b8049,sprint,,mobile
1570878813279,respond,q10996,sprint,d,mobile
1570878815931,submit,b8049,sprint,,mobile
1570878927320,enter,b89,sprint,,mobile
1570878950302,respond,q89,sprint,d,mobile
1570878953243,submit,b89,sprint,,mobile
1570878966196,enter,b120,sprint,,mobile
1570878979253,respond,q120,sprint,b,mobile
1570878982123,submit,b120,sprint,,mobile
1570878986175,enter,b8213,sprint,,mobile
1570879009413,respond,q11160,sprint,d,mobile
1570879012327,submit,b8213,sprint,,mobile
1570879043516,enter,b990,sprint,,mobile
1570879059785,respond,q990,sprint,c,mobile
1570879062592,submit,b990,sprint,,mobile
1570879088378,enter,b212,sprint,,mobile
1570879106941,respond,q212,sprint,b,mobile
1570879109811,submit,b212,sprint,,mobile
1570879249961,enter,b791,sprint,,mobile
1570879266865,respond,q791,sprint,c,mobile
1570879270069,submit,b791,sprint,,mobile
1570879274231,enter,b1185,sprint,,mobile
1570879286459,respond,q1185,sprint,a,mobile
1570879295669,submit,b1185,sprint,,mobile
1570879306062,enter,b676,sprint,,mobile
1570879324641,respond,q676,sprint,c,mobile
1570879327525,respond,q676,sprint,a,mobile
1570879330470,submit,b676,sprint,,mobile
1570879338431,enter,b783,sprint,,mobile
1570879347405,respond,q783,sprint,a,mobile
1570879350040,submit,b783,sprint,,mobile
1570879353491,enter,b432,sprint,,mobile
1570879362295,respond,q432,sprint,a,mobile
1570879368303,respond,q432,sprint,c,mobile
1570879372574,submit,b432,sprint,,mobile
1570879381434,enter,b1360,sprint,,mobile
1570879397171,respond,q1360,sprint,c,mobile
1570879398405,respond,q1360,sprint,b,mobile
1570879398940,respond,q1360,sprint,a,mobile
1570879401645,submit,b1360,sprint,,mobile
1570879408078,enter,b1162,sprint,,mobile
1570879426774,respond,q1162,sprint,c,mobile
1570879430531,submit,b1162,sprint,,mobile
1570879434804,enter,b663,sprint,,mobile
1570879451418,respond,q663,sprint,b,mobile
1570879455927,submit,b663,sprint,,mobile
1570879460392,enter,b661,sprint,,mobile
1570879477819,respond,q661,sprint,c,mobile
1570879480600,submit,b661,sprint,,mobile
1570879484160,enter,b1393,sprint,,mobile
1570879502099,respond,q1393,sprint,c,mobile
1570879504668,submit,b1393,sprint,,mobile
1570879508423,enter,b243,sprint,,mobile
1570879526730,respond,q243,sprint,c,mobile
1570879527776,respond,q243,sprint,a,mobile
1570879530573,submit,b243,sprint,,mobile
1570879561875,enter,b351,sprint,,mobile
1570879578889,respond,q351,sprint,b,mobile
1570879582395,submit,b351,sprint,,mobile
1570879586143,enter,b414,sprint,,mobile
1570879600105,respond,q414,sprint,b,mobile
1570879603075,submit,b414,sprint,,mobile
1570879609758,enter,b8312,sprint,,mobile
1570879624703,respond,q11259,sprint,b,mobile
1570879630210,submit,b8312,sprint,,mobile
1570879634060,enter,b959,sprint,,mobile
1570879651186,respond,q959,sprint,c,mobile
1570879654170,submit,b959,sprint,,mobile
1570879658327,enter,b598,sprint,,mobile
1570879672057,respond,q598,sprint,b,mobile
1570879673965,respond,q598,sprint,c,mobile
1570879677006,submit,b598,sprint,,mobile
1570879747668,enter,b1497,sprint,,mobile
1570879814662,respond,q1689,sprint,c,mobile
1570879822218,submit,b1497,sprint,,mobile
1570879833976,enter,b1559,sprint,,mobile
1570879911105,respond,q1875,sprint,b,mobile
1570879928476,respond,q1875,sprint,b,mobile
1570879933946,submit,b1559,sprint,,mobile
1570879946919,enter,b1467,sprint,,mobile
1570880019871,respond,q1599,sprint,a,mobile
1570880024471,submit,b1467,sprint,,mobile
1570880035506,enter,b1653,sprint,,mobile
1570880119773,respond,q2157,sprint,b,mobile
1570880124873,submit,b1653,sprint,,mobile
1570880472815,enter,b1425,sprint,,mobile
1570880546542,respond,q1473,sprint,a,mobile
1570880553165,submit,b1425,sprint,,mobile
1570880565710,enter,b1560,sprint,,mobile
1570880660451,respond,q1878,sprint,a,mobile
1570880674517,submit,b1560,sprint,,mobile
1570880683289,enter,b1516,sprint,,mobile
1570880776770,respond,q1746,sprint,b,mobile
1570880781796,respond,q1746,sprint,b,mobile
1570880786398,respond,q1746,sprint,b,mobile
1570880786949,respond,q1746,sprint,b,mobile
1570880792283,submit,b1516,sprint,,mobile
1570880802159,enter,b1733,sprint,,mobile
1570880874294,respond,q2397,sprint,a,mobile
1570880880782,respond,q2397,sprint,b,mobile
1570880884113,submit,b1733,sprint,,mobile
1570880900869,enter,b1554,sprint,,mobile
1570880984368,respond,q1860,sprint,b,mobile
1570880987866,submit,b1554,sprint,,mobile
1570880993703,enter,b1533,sprint,,mobile
1570881074982,respond,q1797,sprint,b,mobile
1570881081803,submit,b1533,sprint,,mobile
1570881089919,enter,b1643,sprint,,mobile
1570881175178,respond,q2127,sprint,a,mobile
1570881179131,submit,b1643,sprint,,mobile
1570881186260,enter,b1610,sprint,,mobile
1570881257941,respond,q2028,sprint,a,mobile
1570881262999,submit,b1610,sprint,,mobile
1570881275866,enter,b1771,sprint,,mobile
1570881351737,respond,q2511,sprint,d,mobile
1570881353651,respond,q2511,sprint,d,mobile
1570881356314,respond,q2511,sprint,d,mobile
1570881361769,respond,q2511,sprint,b,mobile
1570881367109,submit,b1771,sprint,,mobile
1570881468884,enter,b1410,sprint,,mobile
1570881526456,submit,b1410,sprint,,mobile
1570881548366,enter,b1902,sprint,,mobile
1570881630193,respond,q2904,sprint,d,mobile
1570881634700,respond,q2904,sprint,d,mobile
1570881648751,respond,q2904,sprint,a,mobile
1570881652463,respond,q2904,sprint,c,mobile
1570881653789,respond,q2904,sprint,d,mobile
1570881655365,respond,q2904,sprint,a,mobile
1570881658268,submit,b1902,sprint,,mobile
1570881672220,enter,b2019,sprint,,mobile
1570881746482,respond,q3255,sprint,b,mobile
1570881751004,submit,b2019,sprint,,mobile
1570881773738,enter,b2125,sprint,,mobile
1570881828115,respond,q3573,sprint,a,mobile
1570881841042,submit,b2125,sprint,,mobile
1570881849402,enter,b7932,sprint,,mobile
1570881916834,respond,q10679,sprint,d,mobile
1570881920408,submit,b7932,sprint,,mobile
1570881928459,enter,b2052,sprint,,mobile
1570882013059,respond,q3354,sprint,b,mobile
1570882020184,submit,b2052,sprint,,mobile
1570882030938,enter,b2014,sprint,,mobile
1570882109889,respond,q3240,sprint,d,mobile
1570882118801,submit,b2014,sprint,,mobile
1570882132651,enter,b1981,sprint,,mobile
1570882197648,respond,q3141,sprint,b,mobile
1570882200063,respond,q3141,sprint,b,mobile
1570882204512,submit,b1981,sprint,,mobile
1570882217783,enter,b2088,sprint,,mobile
1570882292307,respond,q3462,sprint,a,mobile
1570882297705,submit,b2088,sprint,,mobile
1570882308461,enter,b1948,sprint,,mobile
1570882384542,respond,q3042,sprint,b,mobile
1570882388116,submit,b1948,sprint,,mobile
1570882398108,enter,b2094,sprint,,mobile
1570882471644,respond,q3480,sprint,c,mobile
1570882473373,respond,q3480,sprint,c,mobile
1570882476161,respond,q3480,sprint,c,mobile
1570882481294,submit,b2094,sprint,,mobile
1570924912943,enter,b4890,sprint,,mobile
1570925015541,respond,q6358,sprint,c,mobile
1570925024744,respond,q6358,sprint,a,mobile
1570925028457,submit,b4890,sprint,,mobile
1570925061059,enter,b3925,sprint,,mobile
1570925064507,respond,q5393,sprint,b,mobile
1570925065374,respond,q5393,sprint,c,mobile
1570925087507,submit,b3925,sprint,,mobile
1570925101322,enter,b3572,sprint,,mobile
1570925117612,respond,q5040,sprint,c,mobile
1570925125297,respond,q5040,sprint,d,mobile
1570925126949,respond,q5040,sprint,c,mobile
1570925129626,respond,q5040,sprint,a,mobile
1570925135029,respond,q5040,sprint,b,mobile
1570925135749,respond,q5040,sprint,d,mobile
1570925137512,respond,q5040,sprint,a,mobile
1570925169871,respond,q5040,sprint,c,mobile
1570925170903,respond,q5040,sprint,d,mobile
1570925174502,respond,q5040,sprint,a,mobile
1570925176766,respond,q5040,sprint,c,mobile
1570925189437,respond,q5040,sprint,a,mobile
1570925189945,respond,q5040,sprint,b,mobile
1570925194567,respond,q5040,sprint,c,mobile
1570925200150,submit,b3572,sprint,,mobile
1570925210497,enter,b4785,sprint,,mobile
1570925234302,respond,q6253,sprint,c,mobile
1570925237237,submit,b4785,sprint,,mobile
1570925242433,enter,b4757,sprint,,mobile
1570925259615,respond,q6225,sprint,a,mobile
1570925300828,respond,q6225,sprint,b,mobile
1570925303654,respond,q6225,sprint,c,mobile
1570925304525,respond,q6225,sprint,d,mobile
1570925309632,respond,q6225,sprint,a,mobile
1570925317872,submit,b4757,sprint,,mobile
1570925322847,enter,b7166,sprint,,mobile
1570925325401,respond,q9815,sprint,a,mobile
1570925329515,submit,b7166,sprint,,mobile
1570925335646,enter,b3623,sprint,,mobile
1570925366181,respond,q5091,sprint,b,mobile
1570925373269,submit,b3623,sprint,,mobile
1570925378772,enter,b6277,sprint,,mobile
1570925386075,respond,q8926,sprint,b,mobile
1570925393555,respond,q8926,sprint,d,mobile
1570925409951,respond,q8926,sprint,a,mobile
1570925447789,respond,q8926,sprint,b,mobile
1570925449601,respond,q8926,sprint,c,mobile
1570925450655,respond,q8926,sprint,d,mobile
1570925451893,respond,q8926,sprint,a,mobile
1570925462840,respond,q8926,sprint,b,mobile
1570925469818,respond,q8926,sprint,c,mobile
1570925472010,respond,q8926,sprint,d,mobile
1570925473125,respond,q8926,sprint,a,mobile
1570925479984,respond,q8926,sprint,b,mobile
1570925483194,submit,b6277,sprint,,mobile
1570925488808,enter,b3128,sprint,,mobile
1570925492553,respond,q4596,sprint,c,mobile
1570925502875,respond,q4596,sprint,a,mobile
1570925527804,respond,q4596,sprint,d,mobile
1570925531003,submit,b3128,sprint,,mobile
1570925550985,enter,b6924,sprint,,mobile
1570925564327,respond,q9573,sprint,a,mobile
1570925565765,respond,q9573,sprint,b,mobile
1570925581074,respond,q9573,sprint,a,mobile
1570925587680,respond,q9573,sprint,d,mobile
1570925589286,respond,q9573,sprint,c,mobile
1570925589860,respond,q9573,sprint,b,mobile
1570925606860,respond,q9573,sprint,c,mobile
1570925607403,respond,q9573,sprint,a,mobile
1570925613325,respond,q9573,sprint,b,mobile
1570925620137,submit,b6924,sprint,,mobile
1570925627555,enter,b3013,sprint,,mobile
1570925628654,respond,q4481,sprint,a,mobile
1570925632733,respond,q4481,sprint,d,mobile
1570925633622,respond,q4481,sprint,b,mobile
1570925634074,respond,q4481,sprint,a,mobile
1570925646522,respond,q4481,sprint,b,mobile
1570925657337,submit,b3013,sprint,,mobile
1570925666761,enter,b3000,sprint,,mobile
1570925668498,respond,q4468,sprint,a,mobile
1570925669227,respond,q4468,sprint,b,mobile
1570925671487,respond,q4468,sprint,d,mobile
1570925695812,respond,q4468,sprint,a,mobile
1570925697470,respond,q4468,sprint,b,mobile
1570925699492,respond,q4468,sprint,d,mobile
1570925702639,submit,b3000,sprint,,mobile
1570925711654,enter,b3060,sprint,,mobile
1570925713387,respond,q4528,sprint,a,mobile
1570925715005,respond,q4528,sprint,b,mobile
1570925715773,respond,q4528,sprint,c,mobile
1570925720093,respond,q4528,sprint,b,mobile
1570925728321,submit,b3060,sprint,,mobile
1570925735652,enter,b5765,sprint,,mobile
1570925738024,respond,q8414,sprint,a,mobile
1570925738881,respond,q8414,sprint,c,mobile
1570925739514,respond,q8414,sprint,d,mobile
1570925740268,respond,q8414,sprint,b,mobile
1570925740619,respond,q8414,sprint,a,mobile
1570925741321,respond,q8414,sprint,c,mobile
1570925743312,respond,q8414,sprint,d,mobile
1570925747494,respond,q8414,sprint,b,mobile
1570925751063,submit,b5765,sprint,,mobile
1570925757335,enter,b2299,sprint,,mobile
1570925758203,respond,q3767,sprint,a,mobile
1570925769914,respond,q3767,sprint,d,mobile
1570925775551,respond,q3767,sprint,c,mobile
1570925777677,submit,b2299,sprint,,mobile
1570925784659,enter,b2530,sprint,,mobile
1570925864252,respond,q3998,sprint,a,mobile
1570925871296,respond,q3998,sprint,c,mobile
1570925897526,respond,q3998,sprint,b,mobile
1570925900871,submit,b2530,sprint,,mobile
1570925908861,enter,b7177,sprint,,mobile
1570925910767,respond,q9826,sprint,a,mobile
1570925912367,respond,q9826,sprint,b,mobile
1570925913219,respond,q9826,sprint,c,mobile
1570925915345,respond,q9826,sprint,d,mobile
1570925916306,respond,q9826,sprint,c,mobile
1570925917019,respond,q9826,sprint,b,mobile
1570925920421,submit,b7177,sprint,,mobile
1570925926751,enter,b6072,sprint,,mobile
1570925930904,respond,q8721,sprint,c,mobile
1570925931408,respond,q8721,sprint,d,mobile
1570925931782,respond,q8721,sprint,b,mobile
1570925932377,respond,q8721,sprint,c,mobile
1570925932786,respond,q8721,sprint,d,mobile
1570925933449,respond,q8721,sprint,c,mobile
1570925933967,respond,q8721,sprint,b,mobile
1570925934403,respond,q8721,sprint,a,mobile
1570925936293,respond,q8721,sprint,b,mobile
1570925940682,respond,q8721,sprint,c,mobile
1570925962240,respond,q8721,sprint,b,mobile
1570925992871,respond,q8721,sprint,c,mobile
1570926027668,respond,q8721,sprint,a,mobile
1570926033068,submit,b6072,sprint,,mobile
1570926038568,enter,b3976,sprint,,mobile
1570926043633,respond,q5444,sprint,c,mobile
1570926047794,submit,b3976,sprint,,mobile
1570926052838,enter,b6202,sprint,,mobile
1570926055191,respond,q8851,sprint,a,mobile
1570926066449,respond,q8851,sprint,c,mobile
1570926091428,respond,q8851,sprint,d,mobile
1570926110684,respond,q8851,sprint,c,mobile
1570926128832,submit,b6202,sprint,,mobile
1570926135270,enter,b3934,sprint,,mobile
1570926163797,respond,q5402,sprint,a,mobile
1570926166256,submit,b3934,sprint,,mobile
1570926302557,enter,b3934,sprint,,mobile
1570926304380,respond,q5402,sprint,b,mobile
1570926306482,respond,q5402,sprint,d,mobile
1570926308522,respond,q5402,sprint,a,mobile
1570926311711,submit,b3934,sprint,,mobile
1570926318870,enter,b4062,sprint,,mobile
1570926320694,respond,q5530,sprint,a,mobile
1570926323617,respond,q5530,sprint,b,mobile
1570926336075,submit,b4062,sprint,,mobile
1570980292737,enter,b149,sprint,,mobile
1570980298981,submit,b149,sprint,,mobile
1571179681328,enter,b4545,sprint,,mobile
1571179715180,respond,q6013,sprint,a,mobile
1571179718524,submit,b4545,sprint,,mobile
1571179731324,enter,b4107,sprint,,mobile
1571179749572,respond,q5575,sprint,d,mobile
1571179752673,submit,b4107,sprint,,mobile
1574169207398,enter,b3097,sprint,,mobile
1574169293666,respond,q4565,sprint,a,mobile
1574169297608,submit,b3097,sprint,,mobile
1574169304159,enter,b4225,sprint,,mobile
1574169364769,respond,q5693,sprint,b,mobile
1574169366916,respond,q5693,sprint,a,mobile
1574169368310,respond,q5693,sprint,b,mobile
1574169371566,submit,b4225,sprint,,mobile
1574169379944,enter,b2517,sprint,,mobile
1574169415753,respond,q3985,sprint,b,mobile
1574169423648,respond,q3985,sprint,c,mobile
1574169427674,submit,b2517,sprint,,mobile
1574178784166,enter,b4671,sprint,,mobile
1574178795955,respond,q6139,sprint,c,mobile
1574178797055,respond,q6139,sprint,b,mobile
1574178806729,respond,q6139,sprint,a,mobile
1574178809921,submit,b4671,sprint,,mobile
1574178815004,enter,b5057,sprint,,mobile
1574178835274,respond,q6525,sprint,b,mobile
1574178840652,submit,b5057,sprint,,mobile
1574178846324,enter,b3880,sprint,,mobile
1574178867031,respond,q5348,sprint,b,mobile
1574178870337,submit,b3880,sprint,,mobile
1574178879606,enter,b11637,sprint,,mobile
1574178892639,respond,q17400,sprint,d,mobile
1574178895217,submit,b11637,sprint,,mobile
1574178900294,enter,b3592,sprint,,mobile
1574178904179,respond,q5060,sprint,c,mobile
1574178914266,submit,b3592,sprint,,mobile
1574178918332,enter,b3882,sprint,,mobile
1574178931231,respond,q5350,sprint,a,mobile
1574178935768,submit,b3882,sprint,,mobile
1574178940224,enter,b4787,sprint,,mobile
1574178950803,respond,q6255,sprint,c,mobile
1574178953487,submit,b4787,sprint,,mobile
1574178958149,enter,b3379,sprint,,mobile
1574178980954,respond,q4847,sprint,d,mobile
1574178981522,respond,q4847,sprint,a,mobile
1574178984310,submit,b3379,sprint,,mobile
1574178992161,enter,b3607,sprint,,mobile
1574178997017,respond,q5075,sprint,b,mobile
1574179001513,submit,b3607,sprint,,mobile
1574179006073,enter,b3853,sprint,,mobile
1574179022461,respond,q5321,sprint,c,mobile
1574179041342,submit,b3853,sprint,,mobile
1574179060449,enter,b3847,sprint,,mobile
1574179073095,respond,q5315,sprint,a,mobile
1574179076469,submit,b3847,sprint,,mobile
1574179081551,enter,b4162,sprint,,mobile
1574179098159,respond,q5630,sprint,d,mobile
1574179100837,submit,b4162,sprint,,mobile
1574179105507,enter,b7162,sprint,,mobile
1574179115610,respond,q9811,sprint,a,mobile
1574179118454,submit,b7162,sprint,,mobile
1574179125346,enter,b3061,sprint,,mobile
1574179138129,respond,q4529,sprint,a,mobile
1574179140986,submit,b3061,sprint,,mobile
1574179149133,enter,b3585,sprint,,mobile
1574179154446,respond,q5053,sprint,a,mobile
1574179157783,submit,b3585,sprint,,mobile
1574179162076,enter,b3806,sprint,,mobile
1574179171796,respond,q5274,sprint,c,mobile
1574179175291,submit,b3806,sprint,,mobile
1574179183644,enter,b2805,sprint,,mobile
1574179193463,respond,q4273,sprint,c,mobile
1574179195972,submit,b2805,sprint,,mobile
1574179200832,enter,b3635,sprint,,mobile
1574179215164,respond,q5103,sprint,b,mobile
1574179217987,submit,b3635,sprint,,mobile
1574179223673,enter,b11369,sprint,,mobile
1574179241464,respond,q17132,sprint,c,mobile
1574179244096,submit,b11369,sprint,,mobile
1574179248774,enter,b2934,sprint,,mobile
1574179260190,respond,q4402,sprint,d,mobile
1574179264980,submit,b2934,sprint,,mobile
1574179281022,enter,b6182,sprint,,mobile
1574179293798,respond,q8831,sprint,c,mobile
1574179297016,submit,b6182,sprint,,mobile
1574179302120,enter,b4305,sprint,,mobile
1574179314142,respond,q5773,sprint,b,mobile
1574179316702,submit,b4305,sprint,,mobile
1574179321189,enter,b7543,sprint,,mobile
1574179336798,respond,q10192,sprint,c,mobile
1574179339842,submit,b7543,sprint,,mobile
1574179347268,enter,b2832,sprint,,mobile
1574179356926,respond,q4300,sprint,d,mobile
1574179360841,submit,b2832,sprint,,mobile
1574179365188,enter,b5146,sprint,,mobile
1574179384515,respond,q6740,sprint,c,mobile
1574179387462,submit,b5146,sprint,,mobile
1574179394280,enter,b7163,sprint,,mobile
1574179402885,respond,q9812,sprint,b,mobile
1574179406404,submit,b7163,sprint,,mobile
1574179412308,enter,b6927,sprint,,mobile
1574179418711,respond,q9576,sprint,b,mobile
1574179421450,submit,b6927,sprint,,mobile
1574179426202,enter,b3008,sprint,,mobile
1574179434353,respond,q4476,sprint,c,mobile
1574179438041,submit,b3008,sprint,,mobile
1574179443600,enter,b3388,sprint,,mobile
1574179450982,respond,q4856,sprint,c,mobile
1574179453631,respond,q4856,sprint,d,mobile
1574179459131,submit,b3388,sprint,,mobile
1574179465959,enter,b6825,sprint,,mobile
1574179487319,respond,q9474,sprint,b,mobile
1574179490132,respond,q9474,sprint,a,mobile
1574179493656,submit,b6825,sprint,,mobile
1574179498268,enter,b3905,sprint,,mobile
1574179511046,respond,q5373,sprint,a,mobile
1574179514122,submit,b3905,sprint,,mobile
1574179518380,enter,b6075,sprint,,mobile
1574179538482,respond,q8724,sprint,b,mobile
1574179541774,submit,b6075,sprint,,mobile
1574179546939,enter,b11719,sprint,,mobile
1574179550999,respond,q17576,sprint,c,mobile
1574179554571,submit,b11719,sprint,,mobile
1574179560051,enter,b4725,sprint,,mobile
1574179576160,respond,q6193,sprint,a,mobile
1574179579149,submit,b4725,sprint,,mobile
1574179584305,enter,b6052,sprint,,mobile
1574179613603,respond,q8701,sprint,b,mobile
1574179616225,submit,b6052,sprint,,mobile
1574179621468,enter,b6953,sprint,,mobile
1574179631740,respond,q9602,sprint,b,mobile
1574179639048,submit,b6953,sprint,,mobile
1574179643517,enter,b3125,sprint,,mobile
1574179668780,respond,q4593,sprint,a,mobile
1574179671615,submit,b3125,sprint,,mobile
1574179676444,enter,b11710,sprint,,mobile
1574179696303,respond,q17567,sprint,d,mobile
1574179698959,submit,b11710,sprint,,mobile
1574179703995,enter,b4606,sprint,,mobile
1574179711911,respond,q6074,sprint,a,mobile
1574179714730,submit,b4606,sprint,,mobile
1574179720523,enter,b4738,sprint,,mobile
1574179746056,respond,q6206,sprint,b,mobile
1574179749346,submit,b4738,sprint,,mobile
1574179994260,enter,b5198,sprint,,mobile
1574180102439,respond,q6888,sprint,d,mobile
1574180111368,submit,b5198,sprint,,mobile
1574180128889,enter,b5093,sprint,,mobile
1574180245292,respond,q6588,sprint,b,mobile
1574180250428,submit,b5093,sprint,,mobile
1574180261640,enter,b7692,sprint,,mobile
1574180378606,respond,q10359,sprint,b,mobile
1574180383517,submit,b7692,sprint,,mobile
1574180391128,enter,b7978,sprint,,mobile
1574180501719,respond,q10859,sprint,b,mobile
1574180505783,submit,b7978,sprint,,mobile
1574180516121,enter,b8513,sprint,,mobile
1574180612770,respond,q11722,sprint,b,mobile
1574180617011,submit,b8513,sprint,,mobile
1574180707578,enter,b5282,sprint,,mobile
1574181032945,respond,q7186,sprint,d,mobile
1574181037196,submit,b5282,sprint,,mobile
1574181049356,enter,b5441,sprint,,mobile
1574181159121,respond,q7764,sprint,d,mobile
1574181159787,respond,q7764,sprint,c,mobile
1574181187821,respond,q7764,sprint,d,mobile
1574181198974,submit,b5441,sprint,,mobile
1574181208905,enter,b11805,sprint,,mobile
1574181514175,respond,q17738,sprint,d,mobile
1574181515341,respond,q17738,sprint,b,mobile
1574181519026,submit,b11805,sprint,,mobile
1574181529807,enter,b5705,sprint,,mobile
1574181799292,respond,q8326,sprint,b,mobile
1574181813789,respond,q8326,sprint,a,mobile
1574181823347,submit,b5705,sprint,,mobile
1574181835449,enter,b11660,sprint,,mobile
1574182131198,respond,q17450,sprint,d,mobile
1574182139266,submit,b11660,sprint,,mobile
1574182155914,enter,b11677,sprint,,mobile
1574182280784,respond,q17505,sprint,a,mobile
1574182282288,respond,q17504,sprint,c,mobile
1574182288666,submit,b11677,sprint,,mobile
1574182299260,enter,b5466,sprint,,mobile
1574182571542,respond,q7850,sprint,c,mobile
1574182576757,submit,b5466,sprint,,mobile
1574182593066,enter,b11676,sprint,,mobile
1574182679108,respond,q17503,sprint,d,mobile
1574182697845,respond,q17503,sprint,b,mobile
1574182717563,respond,q17503,sprint,d,mobile
1574182723868,submit,b11676,sprint,,mobile
1574182733136,enter,b5468,sprint,,mobile
1574183008366,respond,q7860,sprint,d,mobile
1574183046511,respond,q7859,sprint,d,mobile
1574183049424,respond,q7860,sprint,d,mobile
1574183054533,respond,q7860,sprint,b,mobile
1574183065614,respond,q7860,sprint,c,mobile
1574183070924,submit,b5468,sprint,,mobile
1574183081820,enter,b11806,sprint,,mobile
1574183327401,respond,q17743,sprint,a,mobile
1574183339501,respond,q17743,sprint,d,mobile
1574183352519,respond,q17743,sprint,c,mobile
1574183374141,respond,q17743,sprint,a,mobile
1574183378311,submit,b11806,sprint,,mobile
1574183391875,enter,b5696,sprint,,mobile
1574183733914,respond,q8281,sprint,c,mobile
1574183755472,submit,b5696,sprint,,mobile
1574183771941,enter,b5347,sprint,,mobile
1574183904924,respond,q7436,sprint,d,mobile
1574183931652,respond,q7436,sprint,a,mobile
1574183940138,respond,q7436,sprint,b,mobile
1574183945425,respond,q7436,sprint,c,mobile
1574183962660,submit,b5347,sprint,,mobile
1574183973473,enter,b5423,sprint,,mobile
1574184149830,respond,q7705,sprint,c,mobile
1574184160405,submit,b5423,sprint,,mobile
1574184168196,enter,b5503,sprint,,mobile
1574184300556,respond,q7987,sprint,a,mobile
1574184306297,submit,b5503,sprint,,mobile
