timestamp,action_type,item_id,source,user_answer,platform
1571071027394,enter,b3653,diagnosis,,mobile
1571071054690,respond,q5121,diagnosis,d,mobile
1571071060902,submit,b3653,diagnosis,,mobile
1571071060990,enter,b1199,diagnosis,,mobile
1571071083866,respond,q1199,diagnosis,b,mobile
1571071088257,submit,b1199,diagnosis,,mobile
1571071088346,enter,b7252,diagnosis,,mobile
1571071103868,respond,q9901,diagnosis,c,mobile
1571071108116,submit,b7252,diagnosis,,mobile
1571071108197,enter,b7110,diagnosis,,mobile
1571071125943,respond,q9759,diagnosis,c,mobile
1571071130326,submit,b7110,diagnosis,,mobile
1571071130426,enter,b4936,diagnosis,,mobile
1571071157600,respond,q6404,diagnosis,d,mobile
1571071162272,submit,b4936,diagnosis,,mobile
1571071162351,enter,b6547,diagnosis,,mobile
1571071187623,respond,q9196,diagnosis,d,mobile
1571071191155,submit,b6547,diagnosis,,mobile
1571071191241,enter,b7512,diagnosis,,mobile
1571071201103,respond,q10161,diagnosis,d,mobile
1571071202904,respond,q10161,diagnosis,a,mobile
1571071210751,submit,b7512,diagnosis,,mobile
1571071304391,enter,b536,sprint,,mobile
1571071319586,respond,q536,sprint,a,mobile
1571071322747,submit,b536,sprint,,mobile
1571071341645,enter,b467,sprint,,mobile
1571071359279,respond,q467,sprint,a,mobile
1571071362264,submit,b467,sprint,,mobile
1571071372077,enter,b212,sprint,,mobile
1571071391402,respond,q212,sprint,b,mobile
1571071394519,submit,b212,sprint,,mobile
1571071441494,enter,b268,sprint,,mobile
1571071457541,respond,q268,sprint,b,mobile
1571071460459,submit,b268,sprint,,mobile
1571071480907,enter,b370,sprint,,mobile
1571071498163,respond,q370,sprint,c,mobile
1571071500913,submit,b370,sprint,,mobile
1571071514498,enter,b1182,sprint,,mobile
1571071533145,respond,q1182,sprint,b,mobile
1571071537155,submit,b1182,sprint,,mobile
1571071918092,enter,b3315,sprint,,mobile
1571071933838,respond,q4783,sprint,c,mobile
1571071936860,submit,b3315,sprint,,mobile
1571071958332,enter,b3604,sprint,,mobile
1571071969906,respond,q5072,sprint,a,mobile
1571071973426,submit,b3604,sprint,,mobile
1571071996520,enter,b4015,sprint,,mobile
1571072009693,respond,q5483,sprint,b,mobile
1571072012339,submit,b4015,sprint,,mobile
1571072029899,enter,b2327,sprint,,mobile
1571072052822,respond,q3795,sprint,a,mobile
1571072055953,submit,b2327,sprint,,mobile
1571072102922,enter,b3876,sprint,,mobile
1571072120730,respond,q5344,sprint,c,mobile
1571072125895,submit,b3876,sprint,,mobile
1574055333775,enter,b7384,tutor,,mobile
1574055349834,respond,q10033,tutor,c,mobile
1574055354945,respond,q10033,tutor,b,mobile
1574055355476,respond,q10033,tutor,c,mobile
1574055359953,submit,b7384,tutor,,mobile
1574255057573,enter,b6176,sprint,,mobile
1574255063246,respond,q8825,sprint,b,mobile
1574255066803,submit,b6176,sprint,,mobile
1574255130972,enter,b5775,sprint,,mobile
1574255148899,respond,q8424,sprint,b,mobile
1574255151851,submit,b5775,sprint,,mobile
1574255192884,enter,b5048,sprint,,mobile
1574255209905,respond,q6516,sprint,b,mobile
1574255213940,submit,b5048,sprint,,mobile
1574255311100,enter,b6882,sprint,,mobile
1574255332074,respond,q9531,sprint,d,mobile
1574255335677,submit,b6882,sprint,,mobile
1574269110223,enter,b3096,sprint,,mobile
1574269127438,respond,q4564,sprint,b,mobile
1574269130748,submit,b3096,sprint,,mobile
1574269176428,enter,b3096,adaptive_offer,,mobile
1574269182688,respond,q4564,adaptive_offer,a,mobile
1574269196897,submit,b3096,adaptive_offer,,mobile
1574269264862,enter,b3315,adaptive_offer,,mobile
1574269272482,respond,q4783,adaptive_offer,a,mobile
1574269275564,submit,b3315,adaptive_offer,,mobile
1574269338204,enter,b3816,sprint,,mobile
1574269341904,respond,q5284,sprint,c,mobile
1574269345274,submit,b3816,sprint,,mobile
1574269409385,enter,b3816,review_quiz,,mobile
1574269414872,respond,q5284,review_quiz,c,mobile
1574269418806,submit,b3816,review_quiz,,mobile
1574269433918,enter,b3315,review_quiz,,mobile
1574269438479,respond,q4783,review_quiz,a,mobile
1574269441529,submit,b3315,review_quiz,,mobile
1574269446393,enter,b6924,review_quiz,,mobile
1574269463112,respond,q9573,review_quiz,a,mobile
1574269465683,submit,b6924,review_quiz,,mobile
1574269538175,enter,b661,review_quiz,,mobile
1574269556398,submit,b661,review_quiz,,mobile
1574269558745,enter,b661,review_quiz,,mobile
1574269559382,respond,q661,review_quiz,c,mobile
1574269562170,submit,b661,review_quiz,,mobile
1574269717741,enter,b212,review_quiz,,mobile
1574269725479,submit,b212,review_quiz,,mobile
1574269734483,enter,b212,review_quiz,,mobile
1574269739928,submit,b212,review_quiz,,mobile
1574269739988,enter,b4657,review_quiz,,mobile
1574269786154,respond,q6125,review_quiz,c,mobile
1574269792973,submit,b4657,review_quiz,,mobile
