timestamp,action_type,item_id,source,user_answer,platform
1569777291643,enter,b7008,diagnosis,,mobile
1569777319127,respond,q9657,diagnosis,c,mobile
1569777326024,submit,b7008,diagnosis,,mobile
1569777326182,enter,b3360,diagnosis,,mobile
1569777342285,respond,q4828,diagnosis,d,mobile
1569777346199,submit,b3360,diagnosis,,mobile
1569777346285,enter,b2591,diagnosis,,mobile
1569777388508,respond,q4059,diagnosis,b,mobile
1569777392870,submit,b2591,diagnosis,,mobile
1569777392944,enter,b2221,diagnosis,,mobile
1569777421562,respond,q3689,diagnosis,d,mobile
1569777425439,submit,b2221,diagnosis,,mobile
1569777425539,enter,b2246,diagnosis,,mobile
1569777445325,respond,q3714,diagnosis,c,mobile
1569777449911,submit,b2246,diagnosis,,mobile
1569777449978,enter,b2862,diagnosis,,mobile
1569777488417,respond,q4330,diagnosis,c,mobile
1569777493112,respond,q4330,diagnosis,b,mobile
1569777497109,submit,b2862,diagnosis,,mobile
1569777497201,enter,b3524,diagnosis,,mobile
1569777506087,respond,q4992,diagnosis,b,mobile
1569777521797,respond,q4992,diagnosis,d,mobile
1569777529467,submit,b3524,diagnosis,,mobile
1569777529568,enter,b2465,diagnosis,,mobile
1569777541178,respond,q3933,diagnosis,a,mobile
1569777550771,submit,b2465,diagnosis,,mobile
1569777550839,enter,b6046,diagnosis,,mobile
1569777570073,respond,q8695,diagnosis,d,mobile
1569777583064,submit,b6046,diagnosis,,mobile
1569777689429,enter,b276,sprint,,mobile
1569777706880,respond,q276,sprint,b,mobile
1569777710520,submit,b276,sprint,,mobile
1569777760742,enter,b1355,sprint,,mobile
1569777785513,respond,q1355,sprint,a,mobile
1569777788952,submit,b1355,sprint,,mobile
1569777795747,enter,b8302,sprint,,mobile
1569777821622,submit,b8302,sprint,,mobile
1569777853819,enter,b457,sprint,,mobile
1569777862854,respond,q457,sprint,a,mobile
1569777873119,submit,b457,sprint,,mobile
1569777878248,enter,b336,sprint,,mobile
1569777896480,respond,q336,sprint,b,mobile
1569777899437,submit,b336,sprint,,mobile
1569777970862,enter,b312,sprint,,mobile
1569777988314,submit,b312,sprint,,mobile
