timestamp,action_type,item_id,source,user_answer,platform
1569779211694,enter,b2702,diagnosis,,mobile
1569779252965,respond,q4170,diagnosis,a,mobile
1569779260060,submit,b2702,diagnosis,,mobile
1569779260140,enter,b4657,diagnosis,,mobile
1569779287681,respond,q6125,diagnosis,a,mobile
1569779292490,submit,b4657,diagnosis,,mobile
1569779292896,enter,b237,diagnosis,,mobile
1569779294054,submit,b237,diagnosis,,mobile
1569779294130,enter,b237,diagnosis,,mobile
1569779319284,respond,q237,diagnosis,b,mobile
1569779320224,respond,q237,diagnosis,a,mobile
1569779324553,submit,b237,diagnosis,,mobile
1569779325333,enter,b3351,diagnosis,,mobile
1569779347930,respond,q4819,diagnosis,a,mobile
1569779352162,submit,b3351,diagnosis,,mobile
1569779353188,enter,b2656,diagnosis,,mobile
1569779366179,respond,q4124,diagnosis,b,mobile
1569779370960,submit,b2656,diagnosis,,mobile
1569779371034,enter,b3031,diagnosis,,mobile
1569779383328,respond,q4499,diagnosis,b,mobile
1569779387961,submit,b3031,diagnosis,,mobile
