timestamp,action_type,item_id,source,user_answer,platform
1572417551304,enter,b4888,diagnosis,,mobile
1572417569262,respond,q6356,diagnosis,b,mobile
1572417575967,submit,b4888,diagnosis,,mobile
1572417576005,enter,b7000,diagnosis,,mobile
1572417603762,respond,q9649,diagnosis,b,mobile
1572417608036,submit,b7000,diagnosis,,mobile
1572417608091,enter,b4576,diagnosis,,mobile
1572417617016,respond,q6044,diagnosis,d,mobile
1572417621016,submit,b4576,diagnosis,,mobile
1572417621046,enter,b160,diagnosis,,mobile
1572417645262,respond,q160,diagnosis,b,mobile
1572417647577,respond,q160,diagnosis,a,mobile
1572417651627,submit,b160,diagnosis,,mobile
1572417651672,enter,b2367,diagnosis,,mobile
1572417682154,respond,q3835,diagnosis,a,mobile
1572417686861,submit,b2367,diagnosis,,mobile
1572417686908,enter,b11627,diagnosis,,mobile
1572417722192,respond,q17390,diagnosis,b,mobile
1572417723454,respond,q17390,diagnosis,d,mobile
1572417726299,respond,q17390,diagnosis,b,mobile
1572417730909,submit,b11627,diagnosis,,mobile
1572417730963,enter,b4208,diagnosis,,mobile
1572417763835,respond,q5676,diagnosis,c,mobile
1572417773118,submit,b4208,diagnosis,,mobile
1572417885562,enter,b758,sprint,,mobile
1572417903483,respond,q758,sprint,c,mobile
1572417907531,submit,b758,sprint,,mobile
1572417948103,enter,b1101,sprint,,mobile
1572417967139,respond,q1101,sprint,c,mobile
1572417970710,submit,b1101,sprint,,mobile
1572418047638,enter,b11896,sprint,,mobile
1572418067109,respond,q17833,sprint,a,mobile
1572418069943,submit,b11896,sprint,,mobile
1572418105605,enter,b826,sprint,,mobile
1572418123830,respond,q826,sprint,c,mobile
1572418127097,submit,b826,sprint,,mobile
1572418166122,enter,b836,sprint,,mobile
1572418183437,respond,q836,sprint,a,mobile
1572418187175,submit,b836,sprint,,mobile
1572418603174,enter,b1273,adaptive_offer,,mobile
1572418621727,respond,q1273,adaptive_offer,a,mobile
1572418622743,respond,q1273,adaptive_offer,c,mobile
1572418623524,respond,q1273,adaptive_offer,a,mobile
1572418623826,respond,q1273,adaptive_offer,c,mobile
1572418626881,submit,b1273,adaptive_offer,,mobile
1572418668904,enter,b836,adaptive_offer,,mobile
1572418685306,respond,q836,adaptive_offer,b,mobile
1572418688217,submit,b836,adaptive_offer,,mobile
1572418706503,enter,b588,sprint,,mobile
1572418724922,respond,q588,sprint,c,mobile
1572418728158,submit,b588,sprint,,mobile
1572418790362,enter,b6098,sprint,,mobile
1572418802667,respond,q8747,sprint,d,mobile
1572418806180,submit,b6098,sprint,,mobile
1572418827016,enter,b4715,sprint,,mobile
1572418836179,respond,q6183,sprint,c,mobile
1572418839677,submit,b4715,sprint,,mobile
1572418869300,enter,b3928,sprint,,mobile
1572418879213,respond,q5396,sprint,b,mobile
1572418884627,submit,b3928,sprint,,mobile
1572418914751,enter,b6157,sprint,,mobile
1572418966201,respond,q8806,sprint,d,mobile
1572418969002,submit,b6157,sprint,,mobile
1572474283168,enter,b588,my_note,,mobile
1572474288168,submit,b588,my_note,,mobile
1573534916020,enter,b4208,review_quiz,,mobile
1573534942051,respond,q5676,review_quiz,c,mobile
1573534945721,submit,b4208,review_quiz,,mobile
1573534968598,enter,b1212,review_quiz,,mobile
1573534987325,respond,q1212,review_quiz,b,mobile
1573534994789,submit,b1212,review_quiz,,mobile
1573535106233,enter,b1389,sprint,,mobile
1573535122895,respond,q1389,sprint,c,mobile
1573535140819,submit,b1389,sprint,,mobile
1573535328850,enter,b11910,sprint,,mobile
1573535353554,respond,q17847,sprint,a,mobile
1573535356778,submit,b11910,sprint,,mobile
1573535565410,enter,b802,sprint,,mobile
1573535584493,respond,q802,sprint,b,mobile
1573535587856,submit,b802,sprint,,mobile
1573535700351,enter,b1146,sprint,,mobile
1573535716707,respond,q1146,sprint,c,mobile
1573535720461,submit,b1146,sprint,,mobile
1573535770099,enter,b447,sprint,,mobile
1573535788222,respond,q447,sprint,a,mobile
1573535791178,submit,b447,sprint,,mobile
1573535807822,enter,b12088,sprint,,mobile
1573535829253,respond,q18025,sprint,b,mobile
1573535832418,submit,b12088,sprint,,mobile
1573535847169,enter,b803,sprint,,mobile
1573535864126,respond,q803,sprint,c,mobile
1573535867317,submit,b803,sprint,,mobile
1573535901563,enter,b1042,sprint,,mobile
1573535920039,respond,q1042,sprint,b,mobile
1573535923027,submit,b1042,sprint,,mobile
1573535957614,enter,b469,sprint,,mobile
1573535975327,respond,q469,sprint,c,mobile
1573535978341,submit,b469,sprint,,mobile
1573536022563,enter,b11930,sprint,,mobile
1573536043193,respond,q17867,sprint,a,mobile
1573536046349,submit,b11930,sprint,,mobile
1573536135911,enter,b11507,sprint,,mobile
1573536142238,respond,q17270,sprint,c,mobile
1573536145395,submit,b11507,sprint,,mobile
1573536156643,enter,b4688,sprint,,mobile
1573536177319,respond,q6156,sprint,a,mobile
1573536180827,submit,b4688,sprint,,mobile
1573536188507,enter,b6918,sprint,,mobile
1573536202107,respond,q9567,sprint,d,mobile
1573536205370,respond,q9567,sprint,b,mobile
1573536205853,respond,q9567,sprint,d,mobile
1573536206991,respond,q9567,sprint,b,mobile
1573536207444,respond,q9567,sprint,d,mobile
1573536210241,submit,b6918,sprint,,mobile
1573536217951,enter,b4868,sprint,,mobile
1573536245127,respond,q6336,sprint,b,mobile
1573536248161,submit,b4868,sprint,,mobile
1573536256857,enter,b6017,sprint,,mobile
1573536280691,respond,q8666,sprint,a,mobile
1573536283872,submit,b6017,sprint,,mobile
1573536289336,enter,b4692,sprint,,mobile
1573536327212,respond,q6160,sprint,d,mobile
1573536330270,submit,b4692,sprint,,mobile
1573536355587,enter,b11517,sprint,,mobile
1573536373288,respond,q17280,sprint,b,mobile
1573536376819,submit,b11517,sprint,,mobile
1573536390662,enter,b4872,sprint,,mobile
1573536416426,respond,q6340,sprint,a,mobile
1573536419973,respond,q6340,sprint,c,mobile
1573536422911,submit,b4872,sprint,,mobile
1573536474221,enter,b2627,sprint,,mobile
1573536483493,respond,q4095,sprint,d,mobile
1573536486653,submit,b2627,sprint,,mobile
1573536497583,enter,b2296,sprint,,mobile
1573536548628,respond,q3764,sprint,b,mobile
1573536551273,submit,b2296,sprint,,mobile
1573536561930,enter,b4041,sprint,,mobile
1573536691017,respond,q5509,sprint,a,mobile
1573536694033,submit,b4041,sprint,,mobile
1573536777705,enter,b6931,sprint,,mobile
1573536788531,respond,q9580,sprint,a,mobile
1573536791887,submit,b6931,sprint,,mobile
1573536814858,enter,b4275,sprint,,mobile
1573536857651,respond,q5743,sprint,d,mobile
1573536860816,submit,b4275,sprint,,mobile
1573536871499,enter,b4782,sprint,,mobile
1573536903499,respond,q6250,sprint,d,mobile
1573536906606,submit,b4782,sprint,,mobile
