timestamp,action_type,item_id,source,user_answer,platform
1573064627865,enter,b3239,diagnosis,,mobile
1573064651692,respond,q4707,diagnosis,a,mobile
1573064658426,submit,b3239,diagnosis,,mobile
1573064658482,enter,b176,diagnosis,,mobile
1573064683625,respond,q176,diagnosis,d,mobile
1573064687939,respond,q176,diagnosis,c,mobile
1573064689680,respond,q176,diagnosis,d,mobile
1573064694672,submit,b176,diagnosis,,mobile
1573064694723,enter,b3693,diagnosis,,mobile
1573064714956,respond,q5161,diagnosis,a,mobile
1573064719271,submit,b3693,diagnosis,,mobile
1573064719323,enter,b4187,diagnosis,,mobile
1573064747210,respond,q5655,diagnosis,d,mobile
1573064751351,submit,b4187,diagnosis,,mobile
1573064751413,enter,b2469,diagnosis,,mobile
1573064782703,respond,q3937,diagnosis,d,mobile
1573064787248,submit,b2469,diagnosis,,mobile
1573064787309,enter,b6422,diagnosis,,mobile
1573064811100,respond,q9071,diagnosis,c,mobile
1573064812290,respond,q9071,diagnosis,a,mobile
1573064818725,submit,b6422,diagnosis,,mobile
