timestamp,action_type,item_id,source,user_answer,platform
1574428307070,enter,b4237,diagnosis,,mobile
1574428320982,respond,q5705,diagnosis,b,mobile
1574428326346,submit,b4237,diagnosis,,mobile
1574428326511,enter,b776,diagnosis,,mobile
1574428342919,respond,q776,diagnosis,c,mobile
1574428347138,submit,b776,diagnosis,,mobile
1574428347269,enter,b6902,diagnosis,,mobile
1574428349298,respond,q9551,diagnosis,b,mobile
1574428352891,submit,b6902,diagnosis,,mobile
1574428353059,enter,b145,diagnosis,,mobile
1574428354559,respond,q145,diagnosis,a,mobile
1574428358518,submit,b145,diagnosis,,mobile
1574428358668,enter,b8056,diagnosis,,mobile
1574428360083,respond,q11003,diagnosis,d,mobile
1574428363629,submit,b8056,diagnosis,,mobile
