timestamp,action_type,item_id,source,user_answer,platform
1574476259551,enter,b2410,diagnosis,,mobile
1574476313742,respond,q3878,diagnosis,a,mobile
1574476325769,submit,b2410,diagnosis,,mobile
1574476325821,enter,b2177,diagnosis,,mobile
1574476374835,respond,q3645,diagnosis,a,mobile
1574476379752,submit,b2177,diagnosis,,mobile
1574476379811,enter,b5573,diagnosis,,mobile
1574476390661,respond,q8102,diagnosis,a,mobile
1574476392584,respond,q8102,diagnosis,b,mobile
1574476429165,respond,q8102,diagnosis,a,mobile
1574476442389,respond,q8102,diagnosis,b,mobile
1574476443799,respond,q8102,diagnosis,c,mobile
1574476445057,respond,q8102,diagnosis,d,mobile
1574476462761,respond,q8102,diagnosis,b,mobile
1574476463721,respond,q8102,diagnosis,c,mobile
1574476464297,respond,q8102,diagnosis,d,mobile
1574476470776,submit,b5573,diagnosis,,mobile
1574476470820,enter,b3131,diagnosis,,mobile
1574476488472,respond,q4599,diagnosis,b,mobile
1574476494940,submit,b3131,diagnosis,,mobile
1574476494966,enter,b5981,diagnosis,,mobile
1574476513583,respond,q8630,diagnosis,a,mobile
1574476518589,submit,b5981,diagnosis,,mobile
1574476518634,enter,b7165,diagnosis,,mobile
1574476533640,respond,q9814,diagnosis,b,mobile
1574476537520,submit,b7165,diagnosis,,mobile
