timestamp,action_type,item_id,source,user_answer,platform
1574558739782,enter,b4159,diagnosis,,mobile
1574558758817,respond,q5627,diagnosis,a,mobile
1574558763748,submit,b4159,diagnosis,,mobile
1574558763859,enter,b4451,diagnosis,,mobile
1574558781044,respond,q5919,diagnosis,b,mobile
1574558782645,respond,q5919,diagnosis,a,mobile
1574558786901,submit,b4451,diagnosis,,mobile
1574558786991,enter,b3779,diagnosis,,mobile
1574558805699,respond,q5247,diagnosis,c,mobile
1574558809743,submit,b3779,diagnosis,,mobile
1574558809849,enter,b8275,diagnosis,,mobile
1574558826285,respond,q11222,diagnosis,b,mobile
1574558831144,submit,b8275,diagnosis,,mobile
1574558831262,enter,b8089,diagnosis,,mobile
1574558849901,respond,q11036,diagnosis,c,mobile
1574558853523,submit,b8089,diagnosis,,mobile
1574558853584,enter,b3428,diagnosis,,mobile
1574558886883,respond,q4896,diagnosis,a,mobile
1574558890720,submit,b3428,diagnosis,,mobile
