timestamp,action_type,item_id,source,user_answer,platform
1560323992459,enter,b3862,diagnosis,,mobile
1560324013663,respond,q5330,diagnosis,a,mobile
1560324023046,submit,b3862,diagnosis,,mobile
1560324023083,enter,b3519,diagnosis,,mobile
1560324033295,respond,q4987,diagnosis,d,mobile
1560324037489,submit,b3519,diagnosis,,mobile
1560325034643,enter,b2154,diagnosis,,mobile
1560325043560,respond,q3622,diagnosis,c,mobile
1560325048967,submit,b2154,diagnosis,,mobile
1560325049042,enter,b3098,diagnosis,,mobile
1560325061186,respond,q4566,diagnosis,d,mobile
1560325063216,submit,b3098,diagnosis,,mobile
1560325500480,enter,b5647,diagnosis,,mobile
1560325524374,respond,q8176,diagnosis,d,mobile
1560325529601,submit,b5647,diagnosis,,mobile
1560325529667,enter,b4690,diagnosis,,mobile
1560325546030,respond,q6158,diagnosis,b,mobile
1560325550492,submit,b4690,diagnosis,,mobile
1560325550548,enter,b3760,diagnosis,,mobile
1560325571601,respond,q5228,diagnosis,b,mobile
1560325578679,submit,b3760,diagnosis,,mobile
1560326417191,enter,b2460,sprint,,mobile
1560326444116,respond,q3928,sprint,b,mobile
1560326448557,submit,b2460,sprint,,mobile
1560326473597,enter,b4734,sprint,,mobile
1560326503035,respond,q6202,sprint,b,mobile
1560326506818,submit,b4734,sprint,,mobile
1560326524403,enter,b4180,sprint,,mobile
1560326547047,respond,q5648,sprint,c,mobile
1560326552618,submit,b4180,sprint,,mobile
1560326568917,enter,b6770,sprint,,mobile
1560326602632,respond,q9419,sprint,b,mobile
1560326605749,submit,b6770,sprint,,mobile
1560326658951,enter,b2610,sprint,,mobile
1560326681327,respond,q4078,sprint,b,mobile
1560326689923,submit,b2610,sprint,,mobile
1560326704395,enter,b6994,sprint,,mobile
1560326723273,respond,q9643,sprint,a,mobile
1560326727405,submit,b6994,sprint,,mobile
1560326736359,enter,b3092,sprint,,mobile
1560326751911,respond,q4560,sprint,c,mobile
1560326756289,submit,b3092,sprint,,mobile
1560326765281,enter,b6726,sprint,,mobile
1560326798672,respond,q9375,sprint,d,mobile
1560326802061,submit,b6726,sprint,,mobile
1560326810706,enter,b4668,sprint,,mobile
1560326819405,respond,q6136,sprint,a,mobile
1560326822364,respond,q6136,sprint,c,mobile
1560326825714,submit,b4668,sprint,,mobile
1560326836575,enter,b3845,sprint,,mobile
1560326864089,respond,q5313,sprint,d,mobile
1560326867490,submit,b3845,sprint,,mobile
1560487141425,enter,b2905,sprint,,mobile
1560487160054,respond,q4373,sprint,c,mobile
1560487164652,submit,b2905,sprint,,mobile
1560487174852,enter,b6739,sprint,,mobile
1560487185279,respond,q9388,sprint,d,mobile
1560487189528,submit,b6739,sprint,,mobile
1560487199415,enter,b4787,sprint,,mobile
1560487235950,respond,q6255,sprint,c,mobile
1560487242367,submit,b4787,sprint,,mobile
1560487263612,enter,b2187,sprint,,mobile
1560487282817,respond,q3655,sprint,b,mobile
1560487286318,submit,b2187,sprint,,mobile
1560487295557,enter,b7378,sprint,,mobile
1560487326816,respond,q10027,sprint,a,mobile
1560487330229,submit,b7378,sprint,,mobile
1560487348702,enter,b6167,sprint,,mobile
1560487381769,respond,q8816,sprint,b,mobile
1560487386454,submit,b6167,sprint,,mobile
1560487440565,enter,b5048,sprint,,mobile
1560487460716,respond,q6516,sprint,a,mobile
1560487465085,submit,b5048,sprint,,mobile
1560487480183,enter,b5130,sprint,,mobile
1560487491453,respond,q6724,sprint,a,mobile
1560487494877,submit,b5130,sprint,,mobile
1560487503221,enter,b3063,sprint,,mobile
1560487525638,respond,q4531,sprint,c,mobile
1560487528579,submit,b3063,sprint,,mobile
1560487784283,enter,b11332,sprint,,mobile
1560487794807,respond,q17095,sprint,a,mobile
1560487798579,submit,b11332,sprint,,mobile
1560522047333,enter,b775,sprint,,mobile
1560522065319,respond,q775,sprint,b,mobile
1560522068646,submit,b775,sprint,,mobile
1560522075661,enter,b1328,sprint,,mobile
1560522094882,respond,q1328,sprint,b,mobile
1560522098242,submit,b1328,sprint,,mobile
1560522104949,enter,b1379,sprint,,mobile
1560522120434,respond,q1379,sprint,c,mobile
1560522125889,submit,b1379,sprint,,mobile
1560522132203,enter,b8312,sprint,,mobile
1560522150047,respond,q11259,sprint,b,mobile
1560522153135,submit,b8312,sprint,,mobile
1560522158934,enter,b632,sprint,,mobile
1560522175068,respond,q632,sprint,b,mobile
1560522178126,submit,b632,sprint,,mobile
1560522183498,enter,b940,sprint,,mobile
1560522201151,respond,q940,sprint,b,mobile
1560522204438,submit,b940,sprint,,mobile
1560522210735,enter,b869,sprint,,mobile
1560522227943,respond,q869,sprint,c,mobile
1560522231157,submit,b869,sprint,,mobile
1560522238893,enter,b8316,sprint,,mobile
1560522252674,respond,q11263,sprint,b,mobile
1560522255845,submit,b8316,sprint,,mobile
1560522262035,enter,b657,sprint,,mobile
1560522278990,respond,q657,sprint,a,mobile
1560522282367,submit,b657,sprint,,mobile
1560522287243,enter,b477,sprint,,mobile
1560522301932,respond,q477,sprint,b,mobile
1560522307655,submit,b477,sprint,,mobile
1560609824921,enter,b136,sprint,,mobile
1560609847221,respond,q136,sprint,c,mobile
1560609850932,submit,b136,sprint,,mobile
1560609855883,enter,b1,sprint,,mobile
1560609876850,respond,q1,sprint,b,mobile
1560609880206,submit,b1,sprint,,mobile
1560609887736,enter,b5597,sprint,,mobile
1560609909812,respond,q8126,sprint,c,mobile
1560609913177,submit,b5597,sprint,,mobile
1560609922248,enter,b8092,sprint,,mobile
1560609944899,respond,q11039,sprint,c,mobile
1560609947994,submit,b8092,sprint,,mobile
1560609999968,enter,b154,sprint,,mobile
1560610014885,respond,q154,sprint,b,mobile
1560610019990,respond,q154,sprint,b,mobile
1560610025002,submit,b154,sprint,,mobile
1560610035292,enter,b89,sprint,,mobile
1560610059012,respond,q89,sprint,b,mobile
1560610059779,respond,q89,sprint,d,mobile
1560610062894,submit,b89,sprint,,mobile
1560610074004,enter,b5536,sprint,,mobile
1560610095821,respond,q8065,sprint,d,mobile
1560610099039,submit,b5536,sprint,,mobile
1560610104418,enter,b8066,sprint,,mobile
1560610125232,respond,q11013,sprint,d,mobile
1560610128532,submit,b8066,sprint,,mobile
1560610135449,enter,b5559,sprint,,mobile
1560610153444,respond,q8088,sprint,c,mobile
1560610157106,submit,b5559,sprint,,mobile
1560610173957,enter,b53,sprint,,mobile
1560610191102,respond,q53,sprint,c,mobile
1560610194991,submit,b53,sprint,,mobile
1560610199434,enter,b131,sprint,,mobile
1560610213495,respond,q131,sprint,b,mobile
1560610217110,submit,b131,sprint,,mobile
1560610271754,enter,b2009,sprint,,mobile
1560610345420,respond,q3225,sprint,d,mobile
1560610349727,submit,b2009,sprint,,mobile
1560610377433,enter,b1823,sprint,,mobile
1560610432098,respond,q2667,sprint,d,mobile
1560610446491,submit,b1823,sprint,,mobile
1560610473171,enter,b1585,sprint,,mobile
1560610541492,respond,q1953,sprint,d,mobile
1560610548886,submit,b1585,sprint,,mobile
1560610563091,enter,b1411,sprint,,mobile
1560610621819,respond,q1431,sprint,d,mobile
1560610631730,submit,b1411,sprint,,mobile
1560610664459,enter,b5120,sprint,,mobile
1560610750239,respond,q6696,sprint,a,mobile
1560610757066,respond,q6696,sprint,c,mobile
1560610762508,submit,b5120,sprint,,mobile
1560610773828,enter,b7922,sprint,,mobile
1560610856718,respond,q10645,sprint,d,mobile
1560610862481,submit,b7922,sprint,,mobile
1560610930769,enter,b4785,sprint,,mobile
1560610939328,respond,q6253,sprint,d,mobile
1560610943742,submit,b4785,sprint,,mobile
1560610951248,enter,b3921,sprint,,mobile
1560610965392,respond,q5389,sprint,c,mobile
1560610968756,submit,b3921,sprint,,mobile
1560610979518,enter,b3381,sprint,,mobile
1560610988039,respond,q4849,sprint,b,mobile
1560610994121,submit,b3381,sprint,,mobile
1560611008909,enter,b5888,sprint,,mobile
1560611016437,respond,q8537,sprint,b,mobile
1560611026786,submit,b5888,sprint,,mobile
1560611035739,enter,b3097,sprint,,mobile
1560611039755,respond,q4565,sprint,b,mobile
1560611042657,submit,b3097,sprint,,mobile
1560611048249,enter,b3165,sprint,,mobile
1560611061771,respond,q4633,sprint,c,mobile
1560611066005,submit,b3165,sprint,,mobile
1560611074375,enter,b3444,sprint,,mobile
1560611093811,respond,q4912,sprint,b,mobile
1560611107812,respond,q4912,sprint,a,mobile
1560611110755,submit,b3444,sprint,,mobile
1560611116847,enter,b7116,sprint,,mobile
1560611126686,respond,q9765,sprint,c,mobile
1560611129605,submit,b7116,sprint,,mobile
1560611142656,enter,b2698,sprint,,mobile
1560611151522,respond,q4166,sprint,c,mobile
1560611171582,submit,b2698,sprint,,mobile
1560611187611,enter,b3105,sprint,,mobile
1560611198149,respond,q4573,sprint,b,mobile
1560611201283,submit,b3105,sprint,,mobile
1560611224340,enter,b5089,sprint,,mobile
1560611291708,respond,q6572,sprint,c,mobile
1560611295438,respond,q6572,sprint,d,mobile
1560611300567,submit,b5089,sprint,,mobile
1560688465103,enter,b131,adaptive_offer,,mobile
1560688466212,submit,b131,adaptive_offer,,mobile
1560688466267,enter,b131,adaptive_offer,,mobile
1560688483967,respond,q131,adaptive_offer,c,mobile
1560688487916,submit,b131,adaptive_offer,,mobile
1560688534353,enter,b8072,sprint,,mobile
1560688547607,respond,q11019,sprint,b,mobile
1560688552588,respond,q11019,sprint,b,mobile
1560688555402,submit,b8072,sprint,,mobile
1560688560482,enter,b15,sprint,,mobile
1560688583042,respond,q15,sprint,d,mobile
1560688585719,submit,b15,sprint,,mobile
1560688595270,enter,b5526,sprint,,mobile
1560688616718,respond,q8055,sprint,d,mobile
1560688619095,submit,b5526,sprint,,mobile
1560688625808,enter,b14,sprint,,mobile
1560688645428,respond,q14,sprint,a,mobile
1560688649098,submit,b14,sprint,,mobile
1560688654070,enter,b8013,sprint,,mobile
1560688675975,respond,q10960,sprint,d,mobile
1560688679306,submit,b8013,sprint,,mobile
1560688718587,enter,b1447,sprint,,mobile
1560688791850,respond,q1539,sprint,c,mobile
1560688802429,submit,b1447,sprint,,mobile
1560688819839,enter,b1518,sprint,,mobile
1560688891544,respond,q1752,sprint,b,mobile
1560688894875,submit,b1518,sprint,,mobile
1560688935997,enter,b1948,sprint,,mobile
1560689002710,respond,q3042,sprint,d,mobile
1560689004129,respond,q3042,sprint,d,mobile
1560689008122,submit,b1948,sprint,,mobile
1560689028560,enter,b5437,sprint,,mobile
1560689111392,respond,q7750,sprint,b,mobile
1560689115954,submit,b5437,sprint,,mobile
1560689128891,enter,b5354,sprint,,mobile
1560689468619,respond,q7464,sprint,d,mobile
1560689473727,submit,b5354,sprint,,mobile
1560689598210,enter,b3307,sprint,,mobile
1560689613783,respond,q4775,sprint,d,mobile
1560689616779,submit,b3307,sprint,,mobile
1560689633325,enter,b6520,sprint,,mobile
1560689665962,respond,q9169,sprint,b,mobile
1560689671929,respond,q9169,sprint,a,mobile
1560689674531,submit,b6520,sprint,,mobile
1560689694865,enter,b4273,sprint,,mobile
1560689710120,respond,q5741,sprint,d,mobile
1560689713043,submit,b4273,sprint,,mobile
1560689719223,enter,b3264,sprint,,mobile
1560689738583,respond,q4732,sprint,d,mobile
1560689743046,submit,b3264,sprint,,mobile
1560689750051,enter,b4199,sprint,,mobile
1560689765556,respond,q5667,sprint,b,mobile
1560689768954,submit,b4199,sprint,,mobile
1560689779033,enter,b7258,sprint,,mobile
1560689812618,respond,q9907,sprint,d,mobile
1560689815748,submit,b7258,sprint,,mobile
1560689838326,enter,b3164,sprint,,mobile
1560689854695,respond,q4632,sprint,a,mobile
1560689860283,submit,b3164,sprint,,mobile
1560689877743,enter,b3151,sprint,,mobile
1560689890632,respond,q4619,sprint,d,mobile
1560689893980,submit,b3151,sprint,,mobile
1560689902026,enter,b4853,sprint,,mobile
1560689928188,respond,q6321,sprint,b,mobile
1560689931457,submit,b4853,sprint,,mobile
1560689947139,enter,b7351,sprint,,mobile
1560689983778,respond,q10000,sprint,b,mobile
1560689987373,submit,b7351,sprint,,mobile
1560741530029,enter,b3846,sprint,,mobile
1560741556781,respond,q5314,sprint,c,mobile
1560741564628,submit,b3846,sprint,,mobile
1560741727250,enter,b3846,sprint,,mobile
1560741739244,respond,q5314,sprint,a,mobile
1560741743873,submit,b3846,sprint,,mobile
1560741781026,enter,b4303,sprint,,mobile
1560741795691,respond,q5771,sprint,a,mobile
1560741810526,respond,q5771,sprint,a,mobile
1560741814197,submit,b4303,sprint,,mobile
1560741823519,enter,b4172,sprint,,mobile
1560741844712,respond,q5640,sprint,a,mobile
1560741848530,submit,b4172,sprint,,mobile
1560741876415,enter,b6526,sprint,,mobile
1560741892033,respond,q9175,sprint,d,mobile
1560741898375,submit,b6526,sprint,,mobile
1560741906273,enter,b4922,sprint,,mobile
1560741931930,respond,q6390,sprint,a,mobile
1560741932616,respond,q6390,sprint,b,mobile
1560741938624,submit,b4922,sprint,,mobile
1560742242357,enter,b3266,sprint,,mobile
1560742274663,respond,q4734,sprint,b,mobile
1560742285499,respond,q4734,sprint,b,mobile
1560742292537,respond,q4734,sprint,c,mobile
1560742300784,submit,b3266,sprint,,mobile
1560742308601,enter,b3752,sprint,,mobile
1560742344114,respond,q5220,sprint,c,mobile
1560742357393,submit,b3752,sprint,,mobile
1560742369597,enter,b11377,sprint,,mobile
1560742379306,respond,q17140,sprint,d,mobile
1560742383631,submit,b11377,sprint,,mobile
1560742389782,enter,b3071,sprint,,mobile
1560742396442,respond,q4539,sprint,a,mobile
1560742400264,submit,b3071,sprint,,mobile
1560742458458,enter,b3755,sprint,,mobile
1560742470033,respond,q5223,sprint,a,mobile
1560742487138,submit,b3755,sprint,,mobile
1560742532518,enter,b3752,adaptive_offer,,mobile
1560742536376,respond,q5220,adaptive_offer,b,mobile
1560742540163,submit,b3752,adaptive_offer,,mobile
1560742545653,enter,b3381,adaptive_offer,,mobile
1560742555233,respond,q4849,adaptive_offer,a,mobile
1560742558731,submit,b3381,adaptive_offer,,mobile
1560823740894,enter,b3404,sprint,,mobile
1560823760872,respond,q4872,sprint,a,mobile
1560823763960,respond,q4872,sprint,b,mobile
1560823767256,submit,b3404,sprint,,mobile
1560823967913,enter,b6868,sprint,,mobile
1560823991241,respond,q9517,sprint,c,mobile
1560823997078,submit,b6868,sprint,,mobile
1560826246512,enter,b2442,sprint,,mobile
1560826263610,respond,q3910,sprint,c,mobile
1560826271738,submit,b2442,sprint,,mobile
1560826349831,enter,b4728,sprint,,mobile
1560826366317,respond,q6196,sprint,a,mobile
1560826373395,submit,b4728,sprint,,mobile
1560826533287,enter,b3278,sprint,,mobile
1560826551155,respond,q4746,sprint,b,mobile
1560826551840,respond,q4746,sprint,d,mobile
1560826555128,submit,b3278,sprint,,mobile
1560827595487,enter,b6447,sprint,,mobile
1560827608066,respond,q9096,sprint,a,mobile
1560827611705,submit,b6447,sprint,,mobile
1560827625883,enter,b3777,sprint,,mobile
1560827635377,respond,q5245,sprint,a,mobile
1560827640896,submit,b3777,sprint,,mobile
1560827646159,enter,b4354,sprint,,mobile
1560827661151,respond,q5822,sprint,b,mobile
1560827664856,submit,b4354,sprint,,mobile
1560827679004,enter,b2206,sprint,,mobile
1560827698999,respond,q3674,sprint,c,mobile
1560827702327,submit,b2206,sprint,,mobile
1560827709457,enter,b6277,sprint,,mobile
1560827722451,respond,q8926,sprint,c,mobile
1560827734444,respond,q8926,sprint,b,mobile
1560827737967,submit,b6277,sprint,,mobile
1560830313043,enter,b3165,adaptive_offer,,mobile
1560830321453,respond,q4633,adaptive_offer,b,mobile
1560830325497,submit,b3165,adaptive_offer,,mobile
1560830334090,enter,b3164,adaptive_offer,,mobile
1560830339842,respond,q4632,adaptive_offer,b,mobile
1560830343425,submit,b3164,adaptive_offer,,mobile
1560847344694,enter,b668,sprint,,mobile
1560847358681,respond,q668,sprint,b,mobile
1560847361933,respond,q668,sprint,c,mobile
1560847365903,submit,b668,sprint,,mobile
1560847372912,enter,b8314,sprint,,mobile
1560847387877,respond,q11261,sprint,b,mobile
1560847392515,respond,q11261,sprint,c,mobile
1560847395080,submit,b8314,sprint,,mobile
1560847417262,enter,b909,sprint,,mobile
1560847427149,respond,q909,sprint,a,mobile
1560847435943,submit,b909,sprint,,mobile
1560847446448,enter,b1072,sprint,,mobile
1560847455332,respond,q1072,sprint,a,mobile
1560847464720,submit,b1072,sprint,,mobile
1560847470608,enter,b1345,sprint,,mobile
1560847488449,respond,q1345,sprint,c,mobile
1560847491855,submit,b1345,sprint,,mobile
1560847497744,enter,b8315,sprint,,mobile
1560847508186,respond,q11262,sprint,a,mobile
1560847510796,submit,b8315,sprint,,mobile
1560847514940,enter,b435,sprint,,mobile
1560847533066,respond,q435,sprint,a,mobile
1560847536501,submit,b435,sprint,,mobile
1560847544032,enter,b326,sprint,,mobile
1560847558877,respond,q326,sprint,b,mobile
1560847564152,submit,b326,sprint,,mobile
1560847578934,enter,b250,sprint,,mobile
1560847601012,submit,b250,sprint,,mobile
1560847620942,enter,b295,sprint,,mobile
1560847638800,submit,b295,sprint,,mobile
1560847667496,enter,b527,sprint,,mobile
1560847685997,respond,q527,sprint,a,mobile
1560847689386,submit,b527,sprint,,mobile
1560847695205,enter,b1261,sprint,,mobile
1560847710220,respond,q1261,sprint,b,mobile
1560847713091,respond,q1261,sprint,c,mobile
1560847716627,submit,b1261,sprint,,mobile
1560847726919,enter,b1084,sprint,,mobile
1560847735386,respond,q1084,sprint,a,mobile
1560847741094,submit,b1084,sprint,,mobile
1560847747152,enter,b8302,sprint,,mobile
1560847769447,respond,q11249,sprint,b,mobile
1560847772542,submit,b8302,sprint,,mobile
1560847783772,enter,b404,sprint,,mobile
1560847796021,respond,q404,sprint,b,mobile
1560847800372,respond,q404,sprint,c,mobile
1560847803357,submit,b404,sprint,,mobile
1560847813842,enter,b397,sprint,,mobile
1560847827221,respond,q397,sprint,b,mobile
1560847830897,submit,b397,sprint,,mobile
1560847835363,enter,b1292,sprint,,mobile
1560847856199,submit,b1292,sprint,,mobile
1560847862195,enter,b413,sprint,,mobile
1560847877598,respond,q413,sprint,b,mobile
1560847880665,respond,q413,sprint,c,mobile
1560847883440,submit,b413,sprint,,mobile
1560847890961,enter,b292,sprint,,mobile
1560847907021,respond,q292,sprint,c,mobile
1560847910057,submit,b292,sprint,,mobile
1560847916169,enter,b970,sprint,,mobile
1560847933473,respond,q970,sprint,b,mobile
1560847936506,submit,b970,sprint,,mobile
1560870275271,enter,b2791,sprint,,mobile
1560870279962,respond,q4259,sprint,c,mobile
1560870283604,submit,b2791,sprint,,mobile
1560870309831,enter,b3075,sprint,,mobile
1560870318473,respond,q4543,sprint,c,mobile
1560870327518,respond,q4543,sprint,c,mobile
1560870341837,respond,q4543,sprint,a,mobile
1560870345961,submit,b3075,sprint,,mobile
1560870475280,enter,b2917,sprint,,mobile
1560870491161,respond,q4385,sprint,a,mobile
1560870494070,respond,q4385,sprint,a,mobile
1560870500361,submit,b2917,sprint,,mobile
1560870552330,enter,b6213,sprint,,mobile
1560870574940,respond,q8862,sprint,b,mobile
1560870578593,submit,b6213,sprint,,mobile
1560870586426,enter,b5765,sprint,,mobile
1560870621376,respond,q8414,sprint,d,mobile
1560870626515,submit,b5765,sprint,,mobile
1560870647968,enter,b4295,sprint,,mobile
1560870657148,respond,q5763,sprint,d,mobile
1560870660427,submit,b4295,sprint,,mobile
1560870667011,enter,b4317,sprint,,mobile
1560870730180,respond,q5785,sprint,a,mobile
1560870732055,respond,q5785,sprint,d,mobile
1560870737870,respond,q5785,sprint,d,mobile
1560870742052,respond,q5785,sprint,b,mobile
1560870745301,submit,b4317,sprint,,mobile
1560870758757,enter,b6858,sprint,,mobile
1560870777031,respond,q9507,sprint,c,mobile
1560870779992,respond,q9507,sprint,c,mobile
1560870782781,submit,b6858,sprint,,mobile
1560870802699,enter,b4249,sprint,,mobile
1560870823133,respond,q5717,sprint,a,mobile
1560870830217,submit,b4249,sprint,,mobile
1560870839765,enter,b2557,sprint,,mobile
1560870874697,respond,q4025,sprint,d,mobile
1560870878319,submit,b2557,sprint,,mobile
1560871104123,enter,b5765,adaptive_offer,,mobile
1560871113301,respond,q8414,adaptive_offer,a,mobile
1560871116810,submit,b5765,adaptive_offer,,mobile
1560871121979,enter,b2187,adaptive_offer,,mobile
1560871135630,respond,q3655,adaptive_offer,a,mobile
1560871138636,submit,b2187,adaptive_offer,,mobile
1561008066669,enter,b3774,sprint,,mobile
1561008090899,respond,q5242,sprint,a,mobile
1561008094257,submit,b3774,sprint,,mobile
1561008105680,enter,b11612,sprint,,mobile
1561008143043,respond,q17375,sprint,c,mobile
1561008149016,respond,q17375,sprint,d,mobile
1561008154457,submit,b11612,sprint,,mobile
1561008166833,enter,b3015,sprint,,mobile
1561008212121,respond,q4483,sprint,d,mobile
1561008215321,submit,b3015,sprint,,mobile
1561008230393,enter,b3938,sprint,,mobile
1561008241361,respond,q5406,sprint,a,mobile
1561008244782,submit,b3938,sprint,,mobile
1561008250383,enter,b2358,sprint,,mobile
1561008267997,respond,q3826,sprint,d,mobile
1561008273955,submit,b2358,sprint,,mobile
1561008286318,enter,b6743,sprint,,mobile
1561008293495,respond,q9392,sprint,a,mobile
1561008298530,submit,b6743,sprint,,mobile
1561008315504,enter,b3629,sprint,,mobile
1561008344683,respond,q5097,sprint,a,mobile
1561008347853,submit,b3629,sprint,,mobile
1561008353060,enter,b4606,sprint,,mobile
1561008362854,respond,q6074,sprint,d,mobile
1561008383688,respond,q6074,sprint,d,mobile
1561008385247,respond,q6074,sprint,a,mobile
1561008385729,respond,q6074,sprint,d,mobile
1561008386264,respond,q6074,sprint,a,mobile
1561008389167,submit,b4606,sprint,,mobile
1561008398442,enter,b2626,sprint,,mobile
1561008415788,respond,q4094,sprint,b,mobile
1561008417272,respond,q4094,sprint,a,mobile
1561008424150,respond,q4094,sprint,d,mobile
1561008430331,submit,b2626,sprint,,mobile
1561008440523,enter,b5843,sprint,,mobile
1561008454145,respond,q8492,sprint,c,mobile
1561008458604,submit,b5843,sprint,,mobile
1561043772002,enter,b2849,sprint,,mobile
1561043827906,respond,q4317,sprint,b,mobile
1561043831808,submit,b2849,sprint,,mobile
1561043848969,enter,b3863,sprint,,mobile
1561043875223,respond,q5331,sprint,d,mobile
1561043879094,submit,b3863,sprint,,mobile
1561043897093,enter,b2353,sprint,,mobile
1561043923866,respond,q3821,sprint,b,mobile
1561043928054,submit,b2353,sprint,,mobile
1561043950455,enter,b4744,sprint,,mobile
1561043959199,respond,q6212,sprint,b,mobile
1561043967272,submit,b4744,sprint,,mobile
1561043975110,enter,b5073,sprint,,mobile
1561043992807,respond,q6541,sprint,b,mobile
1561043998295,submit,b5073,sprint,,mobile
1561044004199,enter,b5026,sprint,,mobile
1561044053276,respond,q6494,sprint,d,mobile
1561044056156,submit,b5026,sprint,,mobile
1561044098217,enter,b3053,sprint,,mobile
1561044112273,respond,q4521,sprint,c,mobile
1561044119031,submit,b3053,sprint,,mobile
1561044131707,enter,b7511,sprint,,mobile
1561044147033,respond,q10160,sprint,c,mobile
1561044150266,submit,b7511,sprint,,mobile
1561044156668,enter,b4214,sprint,,mobile
1561044186891,respond,q5682,sprint,b,mobile
1561044195398,respond,q5682,sprint,c,mobile
1561044209347,submit,b4214,sprint,,mobile
1561044235224,enter,b4184,sprint,,mobile
1561044254965,respond,q5652,sprint,b,mobile
1561044259208,submit,b4184,sprint,,mobile
1561044294415,enter,b406,sprint,,mobile
1561044303500,respond,q406,sprint,a,mobile
1561044314008,submit,b406,sprint,,mobile
1561044318165,enter,b749,sprint,,mobile
1561044334824,respond,q749,sprint,b,mobile
1561044337963,submit,b749,sprint,,mobile
1561044349502,enter,b439,sprint,,mobile
1561044368479,submit,b439,sprint,,mobile
1561044373052,enter,b260,sprint,,mobile
1561044388946,respond,q260,sprint,c,mobile
1561044398073,submit,b260,sprint,,mobile
1561044407140,enter,b757,sprint,,mobile
1561044422867,respond,q757,sprint,a,mobile
1561044426442,submit,b757,sprint,,mobile
1561044439295,enter,b973,sprint,,mobile
1561044453762,respond,q973,sprint,b,mobile
1561044460132,submit,b973,sprint,,mobile
1561044467364,enter,b1331,sprint,,mobile
1561044482859,respond,q1331,sprint,b,mobile
1561044488492,submit,b1331,sprint,,mobile
1561044493368,enter,b1146,sprint,,mobile
1561044508176,respond,q1146,sprint,c,mobile
1561044511330,submit,b1146,sprint,,mobile
1561044515790,enter,b594,sprint,,mobile
1561044524603,respond,q594,sprint,a,mobile
1561044533857,respond,q594,sprint,b,mobile
1561044537340,respond,q594,sprint,a,mobile
1561044540100,submit,b594,sprint,,mobile
1561044548253,enter,b336,sprint,,mobile
1561044557756,respond,q336,sprint,a,mobile
1561044563095,respond,q336,sprint,a,mobile
1561044567656,submit,b336,sprint,,mobile
1561044617044,enter,b404,adaptive_offer,,mobile
1561044618540,submit,b404,adaptive_offer,,mobile
1561044618622,enter,b404,adaptive_offer,,mobile
1561044635006,respond,q404,adaptive_offer,c,mobile
1561044637892,submit,b404,adaptive_offer,,mobile
1561044656511,enter,b757,adaptive_offer,,mobile
1561044662854,respond,q757,adaptive_offer,c,mobile
1561044670971,submit,b757,adaptive_offer,,mobile
1561044682396,enter,b1156,sprint,,mobile
1561044694546,respond,q1156,sprint,b,mobile
1561044702515,submit,b1156,sprint,,mobile
1561044708388,enter,b1303,sprint,,mobile
1561044727245,respond,q1303,sprint,a,mobile
1561044730252,submit,b1303,sprint,,mobile
1561044735233,enter,b1124,sprint,,mobile
1561044752132,respond,q1124,sprint,c,mobile
1561044755044,submit,b1124,sprint,,mobile
1561044760318,enter,b595,sprint,,mobile
1561044779104,submit,b595,sprint,,mobile
1561044785831,enter,b827,sprint,,mobile
1561044797545,respond,q827,sprint,a,mobile
1561044802784,respond,q827,sprint,a,mobile
1561044806136,submit,b827,sprint,,mobile
1561044815086,enter,b1234,sprint,,mobile
1561044830158,respond,q1234,sprint,a,mobile
1561044833183,submit,b1234,sprint,,mobile
1561044839792,enter,b1193,sprint,,mobile
1561044856633,respond,q1193,sprint,b,mobile
1561044859688,submit,b1193,sprint,,mobile
1561044865077,enter,b922,sprint,,mobile
1561044884414,respond,q922,sprint,c,mobile
1561044887646,submit,b922,sprint,,mobile
1561044905225,enter,b635,sprint,,mobile
1561044921162,respond,q635,sprint,b,mobile
1561044926326,respond,q635,sprint,c,mobile
1561044929530,submit,b635,sprint,,mobile
1561044935538,enter,b1061,sprint,,mobile
1561044951306,respond,q1061,sprint,c,mobile
1561044954415,submit,b1061,sprint,,mobile
1561089532210,enter,b1193,review_quiz,,mobile
1561089536458,submit,b1193,review_quiz,,mobile
1561382836804,enter,b4225,sprint,,mobile
1561382843012,respond,q5693,sprint,a,mobile
1561382850555,submit,b4225,sprint,,mobile
1561382856021,enter,b2447,sprint,,mobile
1561382882922,respond,q3915,sprint,a,mobile
1561382885163,respond,q3915,sprint,c,mobile
1561382888647,submit,b2447,sprint,,mobile
1561382902825,enter,b4279,sprint,,mobile
1561382921228,respond,q5747,sprint,d,mobile
1561382926420,submit,b4279,sprint,,mobile
1561383176075,enter,b6180,sprint,,mobile
1561383194537,respond,q8829,sprint,d,mobile
1561383198458,submit,b6180,sprint,,mobile
1561383204755,enter,b2594,sprint,,mobile
1561383237120,respond,q4062,sprint,c,mobile
1561383239760,submit,b2594,sprint,,mobile
1561383244918,enter,b5139,sprint,,mobile
1561383251713,respond,q6733,sprint,c,mobile
1561383257248,respond,q6733,sprint,c,mobile
1561383260480,submit,b5139,sprint,,mobile
1561383287904,enter,b1308,sprint,,mobile
1561383306747,respond,q1308,sprint,c,mobile
1561383311402,submit,b1308,sprint,,mobile
1561383318734,enter,b752,sprint,,mobile
1561383335444,respond,q752,sprint,c,mobile
1561383339259,submit,b752,sprint,,mobile
1561383344439,enter,b1162,sprint,,mobile
1561383357410,respond,q1162,sprint,a,mobile
1561383365373,submit,b1162,sprint,,mobile
1561383370855,enter,b1295,sprint,,mobile
1561383386327,respond,q1295,sprint,b,mobile
1561383390772,submit,b1295,sprint,,mobile
1561383395234,enter,b599,sprint,,mobile
1561383404412,respond,q599,sprint,a,mobile
1561383410018,submit,b599,sprint,,mobile
1561383413761,enter,b745,sprint,,mobile
1561383423218,respond,q745,sprint,a,mobile
1561383431934,submit,b745,sprint,,mobile
1561383439990,enter,b755,sprint,,mobile
1561383447819,respond,q755,sprint,a,mobile
1561383450368,submit,b755,sprint,,mobile
1561383454728,enter,b1119,sprint,,mobile
1561383471658,respond,q1119,sprint,b,mobile
1561383472340,respond,q1119,sprint,c,mobile
1561383475514,submit,b1119,sprint,,mobile
1561383483090,enter,b621,sprint,,mobile
1561383493461,respond,q621,sprint,a,mobile
1561383503521,submit,b621,sprint,,mobile
1561383512781,enter,b771,sprint,,mobile
1561383529628,submit,b771,sprint,,mobile
1561383547791,enter,b108,sprint,,mobile
1561383559856,respond,q108,sprint,a,mobile
1561383566973,respond,q108,sprint,a,mobile
1561383569862,submit,b108,sprint,,mobile
1561383591543,enter,b5557,sprint,,mobile
1561383610635,respond,q8086,sprint,c,mobile
1561383611607,respond,q8086,sprint,b,mobile
1561383615930,respond,q8086,sprint,b,mobile
1561383618575,submit,b5557,sprint,,mobile
1561383624148,enter,b115,sprint,,mobile
1561383635208,respond,q115,sprint,a,mobile
1561383646543,respond,q115,sprint,a,mobile
1561383651403,submit,b115,sprint,,mobile
1561383680978,enter,b8114,sprint,,mobile
1561383703178,respond,q11061,sprint,b,mobile
1561383709953,submit,b8114,sprint,,mobile
1561383721557,enter,b3,sprint,,mobile
1561383741741,respond,q3,sprint,c,mobile
1561383747755,respond,q3,sprint,b,mobile
1561383751938,respond,q3,sprint,c,mobile
1561383755010,submit,b3,sprint,,mobile
1561383760400,enter,b5580,sprint,,mobile
1561383773515,respond,q8109,sprint,b,mobile
1561383777825,submit,b5580,sprint,,mobile
1561383782040,enter,b57,sprint,,mobile
1561383803969,respond,q57,sprint,a,mobile
1561383807436,submit,b57,sprint,,mobile
1561383820809,enter,b8068,sprint,,mobile
1561383830032,respond,q11015,sprint,a,mobile
1561383834472,submit,b8068,sprint,,mobile
1561383838667,enter,b5639,sprint,,mobile
1561383851838,respond,q8168,sprint,b,mobile
1561383863307,respond,q8168,sprint,b,mobile
1561383867340,submit,b5639,sprint,,mobile
1561383875491,enter,b11,sprint,,mobile
1561383889244,respond,q11,sprint,b,mobile
1561383898063,submit,b11,sprint,,mobile
1561383905278,enter,b135,sprint,,mobile
1561383909553,submit,b135,sprint,,mobile
1561383934272,enter,b7957,sprint,,mobile
1561384017903,respond,q10775,sprint,c,mobile
1561384023817,submit,b7957,sprint,,mobile
1561384029703,enter,b5218,sprint,,mobile
1561384140760,respond,q6968,sprint,b,mobile
1561384151507,submit,b5218,sprint,,mobile
1561384236627,enter,b3041,sprint,,mobile
1561384285574,respond,q4509,sprint,c,mobile
1561384292302,submit,b3041,sprint,,mobile
1561384314780,enter,b6099,sprint,,mobile
1561384347488,respond,q8748,sprint,b,mobile
1561384352208,submit,b6099,sprint,,mobile
1561384361228,enter,b3370,sprint,,mobile
1561384368947,respond,q4838,sprint,a,mobile
1561384374979,submit,b3370,sprint,,mobile
1561384380823,enter,b4299,sprint,,mobile
1561384389533,respond,q5767,sprint,b,mobile
1561384399614,submit,b4299,sprint,,mobile
1561384406218,enter,b4039,sprint,,mobile
1561384411771,respond,q5507,sprint,d,mobile
1561384415696,submit,b4039,sprint,,mobile
1561384426610,enter,b5970,sprint,,mobile
1561384441448,respond,q8619,sprint,a,mobile
1561384454614,submit,b5970,sprint,,mobile
1561384465810,enter,b4707,sprint,,mobile
1561384479449,respond,q6175,sprint,d,mobile
1561384484299,submit,b4707,sprint,,mobile
1561384490207,enter,b3753,sprint,,mobile
1561384526715,respond,q5221,sprint,b,mobile
1561384530314,respond,q5221,sprint,d,mobile
1561384533464,submit,b3753,sprint,,mobile
1561384566485,enter,b4246,sprint,,mobile
1561384577347,respond,q5714,sprint,b,mobile
1561384580466,submit,b4246,sprint,,mobile
1561384586753,enter,b7525,sprint,,mobile
1561384606567,respond,q10174,sprint,b,mobile
1561384609844,submit,b7525,sprint,,mobile
1561384617481,enter,b5138,sprint,,mobile
1561384627019,respond,q6732,sprint,b,mobile
1561384643841,submit,b5138,sprint,,mobile
1561384654434,enter,b3573,sprint,,mobile
1561384679341,respond,q5041,sprint,b,mobile
1561384685928,submit,b3573,sprint,,mobile
1561384691298,enter,b2719,sprint,,mobile
1561384703212,respond,q4187,sprint,b,mobile
1561384704671,respond,q4187,sprint,d,mobile
1561384711051,submit,b2719,sprint,,mobile
1561384720892,enter,b4835,sprint,,mobile
1561384735206,respond,q6303,sprint,d,mobile
1561384739795,submit,b4835,sprint,,mobile
1561384745461,enter,b4716,sprint,,mobile
1561384749147,respond,q6184,sprint,b,mobile
1561384764070,submit,b4716,sprint,,mobile
1561384769843,enter,b2320,sprint,,mobile
1561384783024,respond,q3788,sprint,d,mobile
1561384789363,submit,b2320,sprint,,mobile
1561384795565,enter,b3426,sprint,,mobile
1561384804087,respond,q4894,sprint,c,mobile
1561384807274,submit,b3426,sprint,,mobile
1561384812748,enter,b7648,sprint,,mobile
1561384821794,respond,q10297,sprint,a,mobile
1561384824579,submit,b7648,sprint,,mobile
1561384839372,enter,b3128,sprint,,mobile
1561384877079,respond,q4596,sprint,a,mobile
1561384897314,respond,q4596,sprint,c,mobile
1561384901785,submit,b3128,sprint,,mobile
1561384912589,enter,b4647,sprint,,mobile
1561384933484,respond,q6115,sprint,a,mobile
1561384936812,submit,b4647,sprint,,mobile
1561384949036,enter,b4715,sprint,,mobile
1561384964001,respond,q6183,sprint,c,mobile
1561384966830,submit,b4715,sprint,,mobile
1561384980577,enter,b11445,sprint,,mobile
1561384999575,respond,q17208,sprint,b,mobile
1561385004900,submit,b11445,sprint,,mobile
1561439173260,enter,b3404,adaptive_offer,,mobile
1561439179896,respond,q4872,adaptive_offer,d,mobile
1561439185864,submit,b3404,adaptive_offer,,mobile
1561439190952,enter,b2849,adaptive_offer,,mobile
1561439198973,respond,q4317,adaptive_offer,c,mobile
1561439202846,respond,q4317,adaptive_offer,d,mobile
1561439205830,submit,b2849,adaptive_offer,,mobile
1561440128269,enter,b3352,sprint,,mobile
1561440157852,respond,q4820,sprint,d,mobile
1561440162038,submit,b3352,sprint,,mobile
1561440168506,enter,b3123,sprint,,mobile
1561440185383,respond,q4591,sprint,a,mobile
1561440190187,respond,q4591,sprint,b,mobile
1561440193451,respond,q4591,sprint,a,mobile
1561440197029,submit,b3123,sprint,,mobile
1561440207833,enter,b2742,sprint,,mobile
1561440238427,respond,q4210,sprint,a,mobile
1561440242503,submit,b2742,sprint,,mobile
1561440265196,enter,b6870,sprint,,mobile
1561440305548,respond,q9519,sprint,a,mobile
1561440312541,submit,b6870,sprint,,mobile
1561440331210,enter,b3042,sprint,,mobile
1561440347527,respond,q4510,sprint,a,mobile
1561440362089,respond,q4510,sprint,b,mobile
1561440370290,respond,q4510,sprint,a,mobile
1561440381669,submit,b3042,sprint,,mobile
1561440961937,enter,b2453,sprint,,mobile
1561440971218,respond,q3921,sprint,a,mobile
1561440975646,submit,b2453,sprint,,mobile
1561440981231,enter,b3780,sprint,,mobile
1561441010254,respond,q5248,sprint,a,mobile
1561441018960,submit,b3780,sprint,,mobile
1561441409930,enter,b6534,sprint,,mobile
1561441437293,respond,q9183,sprint,a,mobile
1561441442296,respond,q9183,sprint,d,mobile
1561441445850,submit,b6534,sprint,,mobile
1561441847977,enter,b3428,sprint,,mobile
1561441856422,respond,q4896,sprint,a,mobile
1561441860217,submit,b3428,sprint,,mobile
1561442036047,enter,b3209,sprint,,mobile
1561442052324,respond,q4677,sprint,c,mobile
1561442057272,submit,b3209,sprint,,mobile
1561443245373,enter,b3043,sprint,,mobile
1561443253082,respond,q4511,sprint,b,mobile
1561443260211,submit,b3043,sprint,,mobile
1561444330175,enter,b11541,sprint,,mobile
1561444337549,respond,q17304,sprint,a,mobile
1561444340695,submit,b11541,sprint,,mobile
1561444354493,enter,b4709,sprint,,mobile
1561444369400,respond,q6177,sprint,c,mobile
1561444374485,respond,q6177,sprint,d,mobile
1561444381354,submit,b4709,sprint,,mobile
1561444391638,enter,b2271,sprint,,mobile
1561444415211,respond,q3739,sprint,b,mobile
1561444420322,respond,q3739,sprint,c,mobile
1561444423808,submit,b2271,sprint,,mobile
1561444438837,enter,b3781,sprint,,mobile
1561444468736,respond,q5249,sprint,a,mobile
1561444471682,respond,q5249,sprint,c,mobile
1561444474866,submit,b3781,sprint,,mobile
1561450531904,enter,b7162,sprint,,mobile
1561450543102,respond,q9811,sprint,c,mobile
1561450545931,submit,b7162,sprint,,mobile
1561450556955,enter,b3816,sprint,,mobile
1561450575730,respond,q5284,sprint,b,mobile
1561450576449,respond,q5284,sprint,c,mobile
1561450577386,respond,q5284,sprint,b,mobile
1561450582622,respond,q5284,sprint,c,mobile
1561450595764,submit,b3816,sprint,,mobile
1561450601571,enter,b3292,sprint,,mobile
1561450611904,respond,q4760,sprint,a,mobile
1561450615060,submit,b3292,sprint,,mobile
1561450621409,enter,b4047,sprint,,mobile
1561450628462,respond,q5515,sprint,d,mobile
1561450636444,respond,q5515,sprint,a,mobile
1561450644666,respond,q5515,sprint,a,mobile
1561450645444,respond,q5515,sprint,d,mobile
1561450648882,submit,b4047,sprint,,mobile
1561450655340,enter,b11549,sprint,,mobile
1561450660837,respond,q17312,sprint,c,mobile
1561450665201,submit,b11549,sprint,,mobile
1561450672924,enter,b4223,sprint,,mobile
1561450679555,respond,q5691,sprint,a,mobile
1561450682806,submit,b4223,sprint,,mobile
1561450688298,enter,b5144,sprint,,mobile
1561450697549,respond,q6738,sprint,c,mobile
1561450701363,submit,b5144,sprint,,mobile
1561450707176,enter,b2306,sprint,,mobile
1561450718190,respond,q3774,sprint,a,mobile
1561450723095,submit,b2306,sprint,,mobile
1561450729890,enter,b7315,sprint,,mobile
1561450743349,respond,q9964,sprint,b,mobile
1561450752198,submit,b7315,sprint,,mobile
1561450762964,enter,b3593,sprint,,mobile
1561450804494,respond,q5061,sprint,c,mobile
1561450819669,submit,b3593,sprint,,mobile
1561450827441,enter,b2892,sprint,,mobile
1561450831955,respond,q4360,sprint,b,mobile
1561450837700,respond,q4360,sprint,d,mobile
1561450846463,submit,b2892,sprint,,mobile
1561450854834,enter,b4991,sprint,,mobile
1561450866010,respond,q6459,sprint,c,mobile
1561450874469,submit,b4991,sprint,,mobile
1561450881224,enter,b6369,sprint,,mobile
1561450899383,respond,q9018,sprint,b,mobile
1561450909275,respond,q9018,sprint,d,mobile
1561450921336,respond,q9018,sprint,a,mobile
1561450925054,submit,b6369,sprint,,mobile
1561450945885,enter,b3008,sprint,,mobile
1561450956547,respond,q4476,sprint,b,mobile
1561450969398,submit,b3008,sprint,,mobile
1561450980903,enter,b4866,sprint,,mobile
1561451005950,respond,q6334,sprint,b,mobile
1561451010977,submit,b4866,sprint,,mobile
1561451018196,enter,b2704,sprint,,mobile
1561451074289,respond,q4172,sprint,a,mobile
1561451077240,submit,b2704,sprint,,mobile
1561451091038,enter,b7462,sprint,,mobile
1561451101052,respond,q10111,sprint,c,mobile
1561451104758,submit,b7462,sprint,,mobile
1561451115367,enter,b3642,sprint,,mobile
1561451131633,respond,q5110,sprint,a,mobile
1561451141240,submit,b3642,sprint,,mobile
1561451148058,enter,b2559,sprint,,mobile
1561451159823,respond,q4027,sprint,d,mobile
1561451163285,respond,q4027,sprint,c,mobile
1561451164175,respond,q4027,sprint,b,mobile
1561451166142,respond,q4027,sprint,c,mobile
1561451167253,respond,q4027,sprint,d,mobile
1561451170992,submit,b2559,sprint,,mobile
1561451189920,enter,b4538,sprint,,mobile
1561451196144,respond,q6006,sprint,a,mobile
1561451200946,submit,b4538,sprint,,mobile
1561522887241,enter,b3039,sprint,,web
1561522899957,respond,q4507,sprint,c,web
1561522902408,respond,q4507,sprint,d,web
1561522910187,respond,q4507,sprint,c,web
1561522910746,submit,b3039,sprint,,web
1561523136386,enter,b5854,sprint,,web
1561523148009,respond,q8503,sprint,b,web
1561523150691,submit,b5854,sprint,,web
1561524388845,enter,b6929,sprint,,web
1561524421830,respond,q9578,sprint,d,web
1561524425859,submit,b6929,sprint,,web
1561524605893,enter,b6945,sprint,,web
1561524653057,respond,q9594,sprint,b,web
1561524656076,submit,b6945,sprint,,web
1561524710475,enter,b2227,sprint,,web
1561524722416,respond,q3695,sprint,a,web
1561524724544,respond,q3695,sprint,b,web
1561524726413,respond,q3695,sprint,d,web
1561524730805,respond,q3695,sprint,b,web
1561524731493,submit,b2227,sprint,,web
1561524743880,enter,b7030,sprint,,web
1561524765446,respond,q9679,sprint,a,web
1561524766009,respond,q9679,sprint,d,web
1561524766792,respond,q9679,sprint,a,web
1561524767380,submit,b7030,sprint,,web
1561524784081,enter,b4719,sprint,,web
1561524803551,respond,q6187,sprint,d,web
1561524808667,submit,b4719,sprint,,web
1561524843396,enter,b4266,sprint,,web
1561524860630,respond,q5734,sprint,b,web
1561524862120,submit,b4266,sprint,,web
1561524919230,enter,b3420,sprint,,web
1561524923572,respond,q4888,sprint,c,web
1561524931064,submit,b3420,sprint,,web
1561524948057,enter,b6895,sprint,,web
1561524955145,respond,q9544,sprint,c,web
1561524955701,submit,b6895,sprint,,web
1561592961664,enter,b2808,sprint,,web
1561592965209,respond,q4276,sprint,c,web
1561592965884,submit,b2808,sprint,,web
1561592972212,enter,b4725,sprint,,web
1561592984410,respond,q6193,sprint,a,web
1561592985410,submit,b4725,sprint,,web
1561592992462,enter,b3077,sprint,,web
1561593026956,respond,q4545,sprint,c,web
1561593028915,submit,b3077,sprint,,web
1561593034473,enter,b6286,sprint,,web
1561593070316,respond,q8935,sprint,a,web
1561593071242,submit,b6286,sprint,,web
1561593097353,enter,b2563,sprint,,web
1561593101077,respond,q4031,sprint,b,web
1561593124761,submit,b2563,sprint,,web
1561593134236,enter,b3284,sprint,,web
1561593148652,respond,q4752,sprint,b,web
1561593151903,submit,b3284,sprint,,web
1561593228828,enter,b5806,sprint,,web
1561593237740,respond,q8455,sprint,b,web
1561593250967,submit,b5806,sprint,,web
1561593267864,enter,b7107,sprint,,web
1561593288544,respond,q9756,sprint,c,web
1561593289933,submit,b7107,sprint,,web
1561593299521,enter,b3789,sprint,,web
1561593331568,respond,q5257,sprint,c,web
1561593332638,submit,b3789,sprint,,web
1561593338802,enter,b3923,sprint,,web
1561593363795,respond,q5391,sprint,a,web
1561593364701,submit,b3923,sprint,,web
1561679327637,enter,b2220,sprint,,web
1561679352189,respond,q3688,sprint,d,web
1561679352769,submit,b2220,sprint,,web
1561679494619,enter,b11515,sprint,,web
1561679537745,respond,q17278,sprint,d,web
1561679538203,submit,b11515,sprint,,web
1561679545157,enter,b3076,sprint,,web
1561679577241,respond,q4544,sprint,b,web
1561679579196,submit,b3076,sprint,,web
1561679824820,enter,b4181,sprint,,web
1561679836169,respond,q5649,sprint,b,web
1561679836743,submit,b4181,sprint,,web
1561679843305,enter,b5053,sprint,,web
1561679859370,respond,q6521,sprint,b,web
1561679863519,submit,b5053,sprint,,web
1561679870325,enter,b7448,sprint,,web
1561679879058,respond,q10097,sprint,d,web
1561679879654,submit,b7448,sprint,,web
1561679947321,enter,b3369,sprint,,web
1561679971749,respond,q4837,sprint,b,web
1561679976487,respond,q4837,sprint,d,web
1561679976831,submit,b3369,sprint,,web
1561679986217,enter,b4228,sprint,,web
1561680004335,respond,q5696,sprint,b,web
1561680004830,submit,b4228,sprint,,web
1561680011310,enter,b3937,sprint,,web
1561680034214,respond,q5405,sprint,c,web
1561680035278,respond,q5405,sprint,a,web
1561680044714,submit,b3937,sprint,,web
1561680056002,enter,b5927,sprint,,web
1561680073654,respond,q8576,sprint,d,web
1561680075176,submit,b5927,sprint,,web
1561852928240,enter,b4717,sprint,,mobile
1561852938175,respond,q6185,sprint,c,mobile
1561852939507,respond,q6185,sprint,b,mobile
1561852942408,respond,q6185,sprint,c,mobile
1561852966016,submit,b4717,sprint,,mobile
1561852970743,enter,b4717,sprint,,mobile
1561852971980,respond,q6185,sprint,c,mobile
1561852975335,submit,b4717,sprint,,mobile
1561852984038,enter,b2312,sprint,,mobile
1561852989409,respond,q3780,sprint,b,mobile
1561852998698,submit,b2312,sprint,,mobile
1561853007070,enter,b3366,sprint,,mobile
1561853020151,respond,q4834,sprint,d,mobile
1561853028579,respond,q4834,sprint,a,mobile
1561853034817,submit,b3366,sprint,,mobile
1561853050879,enter,b7138,sprint,,mobile
1561853069232,respond,q9787,sprint,a,mobile
1561853073543,submit,b7138,sprint,,mobile
1561853082562,enter,b4315,sprint,,mobile
1561853088881,respond,q5783,sprint,d,mobile
1561853094977,submit,b4315,sprint,,mobile
1561853103038,enter,b4481,sprint,,mobile
1561853116771,respond,q5949,sprint,a,mobile
1561853119869,submit,b4481,sprint,,mobile
1561853129604,enter,b5034,sprint,,mobile
1561853152536,respond,q6502,sprint,c,mobile
1561853158018,submit,b5034,sprint,,mobile
1561853171042,enter,b11643,sprint,,mobile
1561853174672,respond,q17413,sprint,d,mobile
1561853183249,submit,b11643,sprint,,mobile
1561853190102,enter,b2300,sprint,,mobile
1561853194763,respond,q3768,sprint,a,mobile
1561853198276,submit,b2300,sprint,,mobile
1561853204427,enter,b3864,sprint,,mobile
1561853220111,respond,q5332,sprint,c,mobile
1561853227415,submit,b3864,sprint,,mobile
1561992598833,enter,b6038,sprint,,mobile
1561992610464,respond,q8687,sprint,a,mobile
1561992613235,submit,b6038,sprint,,mobile
1561992619503,enter,b6272,sprint,,mobile
1561992652856,respond,q8921,sprint,c,mobile
1561992654499,respond,q8921,sprint,d,mobile
1561992656819,submit,b6272,sprint,,mobile
1561992670198,enter,b4304,sprint,,mobile
1561992675587,respond,q5772,sprint,b,mobile
1561992679246,submit,b4304,sprint,,mobile
1561992685348,enter,b4549,sprint,,mobile
1561992700308,respond,q6017,sprint,c,mobile
1561992703927,submit,b4549,sprint,,mobile
1561992714414,enter,b4167,sprint,,mobile
1561992726390,respond,q5635,sprint,b,mobile
1561992733500,respond,q5635,sprint,a,mobile
1561992738740,submit,b4167,sprint,,mobile
1561992747480,enter,b6101,sprint,,mobile
1561992775961,respond,q8750,sprint,d,mobile
1561992778674,submit,b6101,sprint,,mobile
1561992791536,enter,b3581,sprint,,mobile
1561992806757,respond,q5049,sprint,d,mobile
1561992810626,submit,b3581,sprint,,mobile
1561992822147,enter,b3589,sprint,,mobile
1561992838877,respond,q5057,sprint,b,mobile
1561992842574,submit,b3589,sprint,,mobile
1561992850209,enter,b4268,sprint,,mobile
1561992885100,respond,q5736,sprint,a,mobile
1561992888451,submit,b4268,sprint,,mobile
1561992897706,enter,b6507,sprint,,mobile
1561992913155,respond,q9156,sprint,a,mobile
1561992915691,submit,b6507,sprint,,mobile
1562079268529,enter,b4743,sprint,,mobile
1562079281676,respond,q6211,sprint,a,mobile
1562079284868,submit,b4743,sprint,,mobile
1562079303643,enter,b5151,sprint,,mobile
1562079319121,respond,q6745,sprint,c,mobile
1562079322448,submit,b5151,sprint,,mobile
1562079373768,enter,b3601,sprint,,mobile
1562079388334,respond,q5069,sprint,a,mobile
1562079405894,submit,b3601,sprint,,mobile
1562079419551,enter,b3601,sprint,,mobile
1562079420428,respond,q5069,sprint,a,mobile
1562079423311,submit,b3601,sprint,,mobile
1562079429492,enter,b11493,sprint,,mobile
1562079441222,respond,q17256,sprint,c,mobile
1562079443894,submit,b11493,sprint,,mobile
1562079449729,enter,b2534,sprint,,mobile
1562079470338,respond,q4002,sprint,d,mobile
1562079474030,respond,q4002,sprint,d,mobile
1562079477167,submit,b2534,sprint,,mobile
1562079489109,enter,b2692,sprint,,mobile
1562079500266,respond,q4160,sprint,d,mobile
1562079503588,submit,b2692,sprint,,mobile
1562079516835,enter,b4052,sprint,,mobile
1562079523755,respond,q5520,sprint,a,mobile
1562079528569,submit,b4052,sprint,,mobile
1562079559443,enter,b11603,sprint,,mobile
1562079569858,respond,q17366,sprint,d,mobile
1562079572499,submit,b11603,sprint,,mobile
1562079615061,enter,b3599,sprint,,mobile
1562079624043,respond,q5067,sprint,b,mobile
1562079627701,submit,b3599,sprint,,mobile
1562079636240,enter,b3006,sprint,,mobile
1562079648154,respond,q4474,sprint,a,mobile
1562079650740,submit,b3006,sprint,,mobile
1562079680686,enter,b427,sprint,,mobile
1562079696991,respond,q427,sprint,b,mobile
1562079703788,submit,b427,sprint,,mobile
1562079729437,enter,b1297,sprint,,mobile
1562079749943,respond,q1297,sprint,b,mobile
1562079758668,submit,b1297,sprint,,mobile
1562079783722,enter,b1187,sprint,,mobile
1562079806289,submit,b1187,sprint,,mobile
1562079813423,enter,b1316,sprint,,mobile
1562079830514,respond,q1316,sprint,b,mobile
1562079833626,submit,b1316,sprint,,mobile
1562079853251,enter,b643,sprint,,mobile
1562079862458,respond,q643,sprint,a,mobile
1562079865330,respond,q643,sprint,b,mobile
1562079872744,submit,b643,sprint,,mobile
1562079888887,enter,b825,sprint,,mobile
1562079905723,respond,q825,sprint,b,mobile
1562079909117,submit,b825,sprint,,mobile
1562079915625,enter,b763,sprint,,mobile
1562079928585,respond,q763,sprint,b,mobile
1562079932299,respond,q763,sprint,c,mobile
1562079935520,submit,b763,sprint,,mobile
1562079945098,enter,b968,sprint,,mobile
1562079961642,respond,q968,sprint,a,mobile
1562079964392,submit,b968,sprint,,mobile
1562079970290,enter,b952,sprint,,mobile
1562079978645,respond,q952,sprint,a,mobile
1562079982046,respond,q952,sprint,b,mobile
1562079986920,submit,b952,sprint,,mobile
1562079992619,enter,b1048,sprint,,mobile
1562080005039,respond,q1048,sprint,b,mobile
1562080013035,submit,b1048,sprint,,mobile
1562080042267,enter,b4308,sprint,,mobile
1562080077502,respond,q5776,sprint,a,mobile
1562080086604,respond,q5776,sprint,d,mobile
1562080099050,submit,b4308,sprint,,mobile
1562080109544,enter,b7153,sprint,,mobile
1562080116504,respond,q9802,sprint,d,mobile
1562080119424,submit,b7153,sprint,,mobile
1562080136069,enter,b4793,sprint,,mobile
1562080163523,respond,q6261,sprint,b,mobile
1562080182442,respond,q6261,sprint,d,mobile
1562080183617,respond,q6261,sprint,b,mobile
1562080185419,respond,q6261,sprint,d,mobile
1562080188238,submit,b4793,sprint,,mobile
1562080201500,enter,b2350,sprint,,mobile
1562080215806,respond,q3818,sprint,d,mobile
1562080224271,respond,q3818,sprint,a,mobile
1562080228404,respond,q3818,sprint,d,mobile
1562080232175,submit,b2350,sprint,,mobile
1562080239495,enter,b2564,sprint,,mobile
1562080271305,respond,q4032,sprint,b,mobile
1562080288592,submit,b2564,sprint,,mobile
1562080307493,enter,b7190,sprint,,mobile
1562080320295,respond,q9839,sprint,c,mobile
1562080324428,submit,b7190,sprint,,mobile
1562080336363,enter,b3768,sprint,,mobile
1562080343286,respond,q5236,sprint,a,mobile
1562080347067,submit,b3768,sprint,,mobile
1562080352338,enter,b4997,sprint,,mobile
1562080358044,respond,q6465,sprint,b,mobile
1562080362621,submit,b4997,sprint,,mobile
1562080371489,enter,b4762,sprint,,mobile
1562080395542,respond,q6230,sprint,d,mobile
1562080402186,respond,q6230,sprint,a,mobile
1562080404714,submit,b4762,sprint,,mobile
1562080411999,enter,b11523,sprint,,mobile
1562080421044,respond,q17286,sprint,a,mobile
1562080431567,respond,q17286,sprint,c,mobile
1562080432053,respond,q17286,sprint,a,mobile
1562080434506,submit,b11523,sprint,,mobile
1562165229531,enter,b1370,sprint,,mobile
1562165245159,respond,q1370,sprint,c,mobile
1562165248564,submit,b1370,sprint,,mobile
1562165263875,enter,b1268,sprint,,mobile
1562165290337,respond,q1268,sprint,b,mobile
1562165293419,submit,b1268,sprint,,mobile
1562165299325,enter,b590,sprint,,mobile
1562165318299,submit,b590,sprint,,mobile
1562165322856,enter,b583,sprint,,mobile
1562165339862,respond,q583,sprint,c,mobile
1562165343996,submit,b583,sprint,,mobile
1562165352132,enter,b835,sprint,,mobile
1562165368009,respond,q835,sprint,b,mobile
1562165368558,respond,q835,sprint,c,mobile
1562165371431,submit,b835,sprint,,mobile
1562165383596,enter,b1240,sprint,,mobile
1562165397189,respond,q1240,sprint,b,mobile
1562165403080,submit,b1240,sprint,,mobile
1562165408631,enter,b588,sprint,,mobile
1562165426922,respond,q588,sprint,a,mobile
1562165429631,submit,b588,sprint,,mobile
1562165436217,enter,b887,sprint,,mobile
1562165447398,respond,q887,sprint,a,mobile
1562165453571,respond,q887,sprint,c,mobile
1562165456535,submit,b887,sprint,,mobile
1562165463572,enter,b1251,sprint,,mobile
1562165485701,respond,q1251,sprint,a,mobile
1562165488693,submit,b1251,sprint,,mobile
1562165500311,enter,b308,sprint,,mobile
1562165515170,respond,q308,sprint,a,mobile
1562165517988,submit,b308,sprint,,mobile
1562165530730,enter,b1187,adaptive_offer,,mobile
1562165540941,respond,q1187,adaptive_offer,a,mobile
1562165543779,submit,b1187,adaptive_offer,,mobile
1562165552347,enter,b1370,adaptive_offer,,mobile
1562165561038,respond,q1370,adaptive_offer,a,mobile
1562165564153,submit,b1370,adaptive_offer,,mobile
1562165568842,enter,b1156,adaptive_offer,,mobile
1562165584577,respond,q1156,adaptive_offer,b,mobile
1562165585714,respond,q1156,adaptive_offer,c,mobile
1562165588529,submit,b1156,adaptive_offer,,mobile
1562165731266,enter,b749,adaptive_offer,,mobile
1562165747928,respond,q749,adaptive_offer,a,mobile
1562165750723,submit,b749,adaptive_offer,,mobile
1562165755300,enter,b435,adaptive_offer,,mobile
1562165772052,respond,q435,adaptive_offer,b,mobile
1562165776119,submit,b435,adaptive_offer,,mobile
1562165795131,enter,b3787,sprint,,mobile
1562165807917,respond,q5255,sprint,a,mobile
1562165814488,respond,q5255,sprint,d,mobile
1562165817535,respond,q5255,sprint,a,mobile
1562165821690,submit,b3787,sprint,,mobile
1562165828505,enter,b3412,sprint,,mobile
1562165832879,respond,q4880,sprint,c,mobile
1562165840224,submit,b3412,sprint,,mobile
1562165845795,enter,b3809,sprint,,mobile
1562165888160,respond,q5277,sprint,a,mobile
1562165895008,submit,b3809,sprint,,mobile
1562165913282,enter,b11553,sprint,,mobile
1562165925533,respond,q17316,sprint,c,mobile
1562165928896,submit,b11553,sprint,,mobile
1562165934087,enter,b4766,sprint,,mobile
1562165962706,respond,q6234,sprint,c,mobile
1562165967411,respond,q6234,sprint,d,mobile
1562165970415,respond,q6234,sprint,c,mobile
1562165973325,respond,q6234,sprint,a,mobile
1562165976910,submit,b4766,sprint,,mobile
1562165991316,enter,b4267,sprint,,mobile
1562166028869,respond,q5735,sprint,d,mobile
1562166035800,submit,b4267,sprint,,mobile
1562166041601,enter,b3579,sprint,,mobile
1562166068468,respond,q5047,sprint,b,mobile
1562166074201,submit,b3579,sprint,,mobile
1562166086531,enter,b7450,sprint,,mobile
1562166103849,respond,q10099,sprint,b,mobile
1562166108195,submit,b7450,sprint,,mobile
1562166118546,enter,b4492,sprint,,mobile
1562166125715,respond,q5960,sprint,c,mobile
1562166129725,respond,q5960,sprint,d,mobile
1562166137480,submit,b4492,sprint,,mobile
1562166149011,enter,b2197,sprint,,mobile
1562166153854,respond,q3665,sprint,b,mobile
1562166157486,respond,q3665,sprint,a,mobile
1562166159982,respond,q3665,sprint,b,mobile
1562166163581,submit,b2197,sprint,,mobile
1562249222027,enter,b539,sprint,,mobile
1562249237622,respond,q539,sprint,b,mobile
1562249241621,submit,b539,sprint,,mobile
1562249248030,enter,b236,sprint,,mobile
1562249256715,respond,q236,sprint,a,mobile
1562249267611,respond,q236,sprint,a,mobile
1562249270601,submit,b236,sprint,,mobile
1562249282208,enter,b1101,sprint,,mobile
1562249296624,respond,q1101,sprint,b,mobile
1562249300603,submit,b1101,sprint,,mobile
1562249305172,enter,b1359,sprint,,mobile
1562249319776,respond,q1359,sprint,b,mobile
1562249325179,submit,b1359,sprint,,mobile
1562249330363,enter,b626,sprint,,mobile
1562249344542,respond,q626,sprint,b,mobile
1562249347988,submit,b626,sprint,,mobile
1562249357089,enter,b1267,sprint,,mobile
1562249371616,respond,q1267,sprint,b,mobile
1562249375543,submit,b1267,sprint,,mobile
1562249381845,enter,b205,sprint,,mobile
1562249391858,respond,q205,sprint,a,mobile
1562249394706,submit,b205,sprint,,mobile
1562249401118,enter,b277,sprint,,mobile
1562249415903,respond,q277,sprint,a,mobile
1562249417241,respond,q277,sprint,b,mobile
1562249417521,respond,q277,sprint,c,mobile
1562249418211,respond,q277,sprint,b,mobile
1562249421127,submit,b277,sprint,,mobile
1562249427814,enter,b237,sprint,,mobile
1562249443390,respond,q237,sprint,b,mobile
1562249448110,respond,q237,sprint,c,mobile
1562249452974,submit,b237,sprint,,mobile
1562249459072,enter,b1155,sprint,,mobile
1562249467401,respond,q1155,sprint,a,mobile
1562249470280,submit,b1155,sprint,,mobile
1562249490057,enter,b336,adaptive_offer,,mobile
1562249500367,respond,q336,adaptive_offer,a,mobile
1562249511127,respond,q336,adaptive_offer,a,mobile
1562249514108,submit,b336,adaptive_offer,,mobile
1562249529840,enter,b1316,adaptive_offer,,mobile
1562249547189,respond,q1316,adaptive_offer,a,mobile
1562249550046,submit,b1316,adaptive_offer,,mobile
1562249715534,enter,b260,adaptive_offer,,mobile
1562249725311,respond,q260,adaptive_offer,a,mobile
1562249728451,submit,b260,adaptive_offer,,mobile
1562249737411,enter,b1261,adaptive_offer,,mobile
1562249751004,respond,q1261,adaptive_offer,b,mobile
1562249754343,submit,b1261,adaptive_offer,,mobile
1562720675834,enter,b3933,adaptive_offer,,web
1562720682643,respond,q5401,adaptive_offer,d,web
1562720683999,submit,b3933,adaptive_offer,,web
1562720743498,enter,b3573,adaptive_offer,,web
1562720765978,respond,q5041,adaptive_offer,c,web
1562720766982,submit,b3573,adaptive_offer,,web
1562727273719,enter,b3946,sprint,,web
1562727296396,respond,q5414,sprint,a,web
1562727297475,submit,b3946,sprint,,web
1562727349194,enter,b3948,sprint,,web
1562727402133,respond,q5416,sprint,d,web
1562727412599,submit,b3948,sprint,,web
1562727490775,enter,b4775,sprint,,web
1562727504593,respond,q6243,sprint,c,web
1562727508824,respond,q6243,sprint,d,web
1562727510333,respond,q6243,sprint,c,web
1562727518581,submit,b4775,sprint,,web
1562727531418,enter,b11301,sprint,,web
1562727556562,respond,q17064,sprint,c,web
1562727557283,submit,b11301,sprint,,web
1562727735741,enter,b4590,sprint,,web
1562727766916,respond,q6058,sprint,b,web
1562727767525,submit,b4590,sprint,,web
1562727784201,enter,b5141,sprint,,web
1562727794285,respond,q6735,sprint,b,web
1562727796241,submit,b5141,sprint,,web
1562727815127,enter,b3575,sprint,,web
1562727839140,respond,q5043,sprint,c,web
1562727841344,submit,b3575,sprint,,web
1562727873886,enter,b6410,sprint,,web
1562727905195,respond,q9059,sprint,c,web
1562727906872,submit,b6410,sprint,,web
1562727928728,enter,b3813,sprint,,web
1562727961027,respond,q5281,sprint,b,web
1562727962239,submit,b3813,sprint,,web
1562727972516,enter,b3415,sprint,,web
1562727986324,respond,q4883,sprint,b,web
1562727986768,submit,b3415,sprint,,web
1562806013514,enter,b4226,sprint,,web
1562806046741,respond,q5694,sprint,b,web
1562806048012,respond,q5694,sprint,a,web
1562806062704,respond,q5694,sprint,b,web
1562806064081,submit,b4226,sprint,,web
1562806076122,enter,b6777,sprint,,web
1562806095270,respond,q9426,sprint,c,web
1562806096607,submit,b6777,sprint,,web
1562806131604,enter,b5033,sprint,,web
1562806173864,respond,q6501,sprint,d,web
1562806174506,submit,b5033,sprint,,web
1562806197899,enter,b2664,sprint,,web
1562806212055,respond,q4132,sprint,a,web
1562806219540,submit,b2664,sprint,,web
1562806228185,enter,b2828,sprint,,web
1562806248127,respond,q4296,sprint,d,web
1562806252219,submit,b2828,sprint,,web
1562807898245,enter,b11338,sprint,,web
1562807905508,respond,q17101,sprint,b,web
1562807907136,submit,b11338,sprint,,web
1562808018752,respond,q5392,sprint,b,web
1562808027933,respond,q5392,sprint,a,web
1562808034347,respond,q5392,sprint,c,web
1562808035008,respond,q5392,sprint,d,web
1562808045625,enter,b3751,sprint,,web
1562808049061,respond,q5219,sprint,b,web
1562808057948,respond,q5219,sprint,a,web
1562808059917,submit,b3751,sprint,,web
1562808457233,enter,b3023,sprint,,web
1562808480061,respond,q4491,sprint,b,web
1562808494523,respond,q4491,sprint,d,web
1562808497458,submit,b3023,sprint,,web
1562808512588,enter,b6229,sprint,,web
1562808531142,respond,q8878,sprint,d,web
1562808532490,submit,b6229,sprint,,web
1562851909523,enter,b1319,sprint,,mobile
1562851926624,submit,b1319,sprint,,mobile
1562851932842,enter,b254,sprint,,mobile
1562851950040,respond,q254,sprint,c,mobile
1562851953019,submit,b254,sprint,,mobile
1562851978905,enter,b1069,sprint,,mobile
1562851993565,respond,q1069,sprint,b,mobile
1562851997583,respond,q1069,sprint,c,mobile
1562852000953,submit,b1069,sprint,,mobile
1562852010218,enter,b639,sprint,,mobile
1562852020360,respond,q639,sprint,a,mobile
1562852027724,respond,q639,sprint,b,mobile
1562852032289,submit,b639,sprint,,mobile
1562852038583,enter,b652,sprint,,mobile
1562852049050,respond,q652,sprint,a,mobile
1562852057999,submit,b652,sprint,,mobile
1562852074013,enter,b589,sprint,,mobile
1562852084733,respond,q589,sprint,a,mobile
1562852090651,submit,b589,sprint,,mobile
1562852097544,enter,b1132,sprint,,mobile
1562852111811,respond,q1132,sprint,a,mobile
1562852116873,submit,b1132,sprint,,mobile
1562852128258,enter,b243,sprint,,mobile
1562852141682,respond,q243,sprint,b,mobile
1562852145022,submit,b243,sprint,,mobile
1562852154103,enter,b1250,sprint,,mobile
1562852162728,respond,q1250,sprint,a,mobile
1562852171764,respond,q1250,sprint,c,mobile
1562852173119,respond,q1250,sprint,a,mobile
1562852176767,submit,b1250,sprint,,mobile
1562852185430,enter,b478,sprint,,mobile
1562852198071,respond,q478,sprint,b,mobile
1562852201326,submit,b478,sprint,,mobile
1562852675201,enter,b810,sprint,,mobile
1562852690088,respond,q810,sprint,b,mobile
1562852696692,respond,q810,sprint,a,mobile
1562852700052,respond,q810,sprint,c,mobile
1562852701863,respond,q810,sprint,a,mobile
1562852705767,submit,b810,sprint,,mobile
1562852711159,enter,b1195,sprint,,mobile
1562852725477,respond,q1195,sprint,c,mobile
1562852732284,submit,b1195,sprint,,mobile
1562852741939,enter,b1339,sprint,,mobile
1562852753152,respond,q1339,sprint,a,mobile
1562852753920,respond,q1339,sprint,b,mobile
1562852758768,respond,q1339,sprint,c,mobile
1562852765393,submit,b1339,sprint,,mobile
1562852774837,enter,b764,sprint,,mobile
1562852793669,respond,q764,sprint,b,mobile
1562852797760,submit,b764,sprint,,mobile
1562852822674,enter,b581,sprint,,mobile
1562852838550,respond,q581,sprint,c,mobile
1562852842065,submit,b581,sprint,,mobile
1562852850932,enter,b447,sprint,,mobile
1562852868281,respond,q447,sprint,b,mobile
1562852872375,submit,b447,sprint,,mobile
1562852882988,enter,b655,sprint,,mobile
1562852899232,respond,q655,sprint,a,mobile
1562852903810,submit,b655,sprint,,mobile
1562852910330,enter,b200,sprint,,mobile
1562852926262,respond,q200,sprint,c,mobile
1562852927229,respond,q200,sprint,b,mobile
1562852930641,submit,b200,sprint,,mobile
1562852938447,enter,b740,sprint,,mobile
1562852955261,respond,q740,sprint,b,mobile
1562852959622,submit,b740,sprint,,mobile
1562852966025,enter,b280,sprint,,mobile
1562852983546,respond,q280,sprint,b,mobile
1562852987058,submit,b280,sprint,,mobile
1562905125452,enter,b3770,sprint,,web
1562905137698,respond,q5238,sprint,b,web
1562905158739,respond,q5238,sprint,a,web
1562905160785,submit,b3770,sprint,,web
1562905178954,enter,b3860,sprint,,web
1562905227442,respond,q5328,sprint,a,web
1562905232187,respond,q5328,sprint,d,web
1562905233704,submit,b3860,sprint,,web
1562905245820,enter,b2710,sprint,,web
1562905260618,respond,q4178,sprint,c,web
1562905261462,submit,b2710,sprint,,web
1562905283201,enter,b7352,sprint,,web
1562905300441,respond,q10001,sprint,d,web
1562905301143,submit,b7352,sprint,,web
1562905307984,enter,b4319,sprint,,web
1562905318512,respond,q5787,sprint,a,web
1562905320221,submit,b4319,sprint,,web
1562905329883,enter,b3610,sprint,,web
1562905339717,respond,q5078,sprint,a,web
1562905342433,submit,b3610,sprint,,web
1562905348861,enter,b6963,sprint,,web
1562905355727,respond,q9612,sprint,a,web
1562905356724,submit,b6963,sprint,,web
1562905363464,enter,b5735,sprint,,web
1562905380301,respond,q8384,sprint,a,web
1562905381877,submit,b5735,sprint,,web
1562905395013,enter,b3261,sprint,,web
1562905399317,respond,q4729,sprint,c,web
1562905400722,submit,b3261,sprint,,web
1562905405534,enter,b3299,sprint,,web
1562905421732,respond,q4767,sprint,b,web
1562905422713,submit,b3299,sprint,,web
1562905509609,enter,b7378,adaptive_offer,,web
1562905530958,respond,q10027,adaptive_offer,a,web
1562905531830,submit,b7378,adaptive_offer,,web
1563237032100,enter,b2728,sprint,,web
1563237044733,respond,q4196,sprint,d,web
1563237045264,submit,b2728,sprint,,web
1563237069329,enter,b5738,sprint,,web
1563237087355,respond,q8387,sprint,b,web
1563237091258,submit,b5738,sprint,,web
1563237178670,enter,b4998,sprint,,web
1563237186432,respond,q6466,sprint,a,web
1563237187943,submit,b4998,sprint,,web
1563237386153,enter,b2326,sprint,,web
1563237405199,respond,q3794,sprint,c,web
1563237405563,submit,b2326,sprint,,web
1563237564020,enter,b5077,sprint,,web
1563237574635,respond,q6545,sprint,c,web
1563237584888,submit,b5077,sprint,,web
1563237605860,enter,b11584,sprint,,web
1563237614619,respond,q17347,sprint,b,web
1563237615202,submit,b11584,sprint,,web
1563237620577,enter,b2256,sprint,,web
1563237631898,respond,q3724,sprint,d,web
1563237633279,submit,b2256,sprint,,web
1563237641590,enter,b2654,sprint,,web
1563237660189,respond,q4122,sprint,b,web
1563237662369,respond,q4122,sprint,a,web
1563237666914,submit,b2654,sprint,,web
1563237683579,enter,b4200,sprint,,web
1563237693169,respond,q5668,sprint,a,web
1563237696360,submit,b4200,sprint,,web
1563237702639,enter,b5730,sprint,,web
1563237713921,respond,q8379,sprint,a,web
1563237715064,submit,b5730,sprint,,web
1563237914726,enter,b3924,adaptive_offer,,web
1563237923014,respond,q5392,adaptive_offer,a,web
1563237923901,submit,b3924,adaptive_offer,,web
1563237929031,enter,b3770,adaptive_offer,,web
1563237938069,respond,q5238,adaptive_offer,b,web
1563237938533,submit,b3770,adaptive_offer,,web
1563237949748,enter,b3415,adaptive_offer,,web
1563237952103,respond,q4883,adaptive_offer,c,web
1563237958174,submit,b3415,adaptive_offer,,web
1563237980456,enter,b3164,adaptive_offer,,web
1563237987690,respond,q4632,adaptive_offer,b,web
1563237990292,submit,b3164,adaptive_offer,,web
1563237999826,enter,b3114,adaptive_offer,,web
1563238013016,respond,q4582,adaptive_offer,a,web
1563238014185,submit,b3114,adaptive_offer,,web
1563238032703,enter,b3165,adaptive_offer,,web
1563238046110,respond,q4633,adaptive_offer,a,web
1563238051652,submit,b3165,adaptive_offer,,web
1563238074399,enter,b3404,adaptive_offer,,web
1563238077214,respond,q4872,adaptive_offer,b,web
1563238084610,submit,b3404,adaptive_offer,,web
1563238092623,enter,b4775,adaptive_offer,,web
1563238097323,respond,q6243,adaptive_offer,d,web
1563238097927,submit,b4775,adaptive_offer,,web
1563238183811,enter,b3369,adaptive_offer,,web
1563238200593,respond,q4837,adaptive_offer,b,web
1563238203356,submit,b3369,adaptive_offer,,web
1563238306167,enter,b4308,adaptive_offer,,web
1563238324412,respond,q5776,adaptive_offer,c,web
1563238325054,submit,b4308,adaptive_offer,,web
1563238330221,enter,b2742,adaptive_offer,,web
1563238332635,respond,q4210,adaptive_offer,d,web
1563238333278,submit,b2742,adaptive_offer,,web
1563239743671,enter,b5806,adaptive_offer,,web
1563239762818,respond,q8455,adaptive_offer,d,web
1563239765281,submit,b5806,adaptive_offer,,web
1563337371853,enter,b3880,sprint,,mobile
1563337383005,respond,q5348,sprint,d,mobile
1563337386472,submit,b3880,sprint,,mobile
1563337392621,enter,b3761,sprint,,mobile
1563337407865,respond,q5229,sprint,c,mobile
1563337416563,submit,b3761,sprint,,mobile
1563337437094,enter,b3047,sprint,,mobile
1563337460516,respond,q4515,sprint,b,mobile
1563337464144,submit,b3047,sprint,,mobile
1563337471237,enter,b5935,sprint,,mobile
1563337482831,respond,q8584,sprint,c,mobile
1563337489831,submit,b5935,sprint,,mobile
1563337497578,enter,b2286,sprint,,mobile
1563337506966,respond,q3754,sprint,d,mobile
1563337514143,submit,b2286,sprint,,mobile
1563337584593,enter,b3022,sprint,,mobile
1563337610374,respond,q4490,sprint,b,mobile
1563337617567,submit,b3022,sprint,,mobile
1563337681636,enter,b5046,sprint,,mobile
1563337687726,respond,q6514,sprint,a,mobile
1563337695315,submit,b5046,sprint,,mobile
1563337701462,enter,b11510,sprint,,mobile
1563337718704,respond,q17273,sprint,c,mobile
1563337721264,respond,q17273,sprint,c,mobile
1563337723808,respond,q17273,sprint,a,mobile
1563337728210,submit,b11510,sprint,,mobile
1563337734998,enter,b2848,sprint,,mobile
1563337743341,respond,q4316,sprint,c,mobile
1563337761122,submit,b2848,sprint,,mobile
1563337786952,enter,b3906,sprint,,mobile
1563337798421,respond,q5374,sprint,b,mobile
1563337802561,submit,b3906,sprint,,mobile
1563422230809,enter,b4316,sprint,,mobile
1563422237134,respond,q5784,sprint,d,mobile
1563422249043,submit,b4316,sprint,,mobile
1563422259234,enter,b6411,sprint,,mobile
1563422268104,respond,q9060,sprint,b,mobile
1563422272069,respond,q9060,sprint,c,mobile
1563422276679,submit,b6411,sprint,,mobile
1563422285357,enter,b2509,sprint,,mobile
1563422295107,respond,q3977,sprint,a,mobile
1563422301530,respond,q3977,sprint,a,mobile
1563422305917,submit,b2509,sprint,,mobile
1563422314268,enter,b3626,sprint,,mobile
1563422318283,respond,q5094,sprint,c,mobile
1563422348479,submit,b3626,sprint,,mobile
1563422363797,enter,b2294,sprint,,mobile
1563422374155,respond,q3762,sprint,d,mobile
1563422378539,submit,b2294,sprint,,mobile
1563422384661,enter,b6721,sprint,,mobile
1563422402999,respond,q9370,sprint,b,mobile
1563422411362,submit,b6721,sprint,,mobile
1563422422781,enter,b3853,sprint,,mobile
1563422451437,respond,q5321,sprint,b,mobile
1563422456611,submit,b3853,sprint,,mobile
1563422465677,enter,b4885,sprint,,mobile
1563422500053,respond,q6353,sprint,a,mobile
1563422505805,respond,q6353,sprint,c,mobile
1563422510985,submit,b4885,sprint,,mobile
1563422526506,enter,b3925,sprint,,mobile
1563422555464,respond,q5393,sprint,c,mobile
1563422559246,respond,q5393,sprint,c,mobile
1563422569151,submit,b3925,sprint,,mobile
1563422578441,enter,b7266,sprint,,mobile
1563422588126,respond,q9915,sprint,b,mobile
1563422588977,respond,q9915,sprint,c,mobile
1563422589362,respond,q9915,sprint,d,mobile
1563422594539,submit,b7266,sprint,,mobile
1563428278583,enter,b3925,adaptive_offer,,web
1563428287315,respond,q5393,adaptive_offer,d,web
1563428288992,respond,q5393,adaptive_offer,c,web
1563428289460,respond,q5393,adaptive_offer,d,web
1563428290159,submit,b3925,adaptive_offer,,web
1563428459355,enter,b5138,adaptive_offer,,web
1563428476395,respond,q6732,adaptive_offer,b,web
1563428477514,submit,b5138,adaptive_offer,,web
1563428482478,enter,b4885,adaptive_offer,,web
1563428490617,respond,q6353,adaptive_offer,a,web
1563428492599,submit,b4885,adaptive_offer,,web
1563501712025,enter,b4376,sprint,,web
1563501715585,respond,q5844,sprint,b,web
1563501715996,submit,b4376,sprint,,web
1563501724594,enter,b2477,sprint,,web
1563501741654,respond,q3945,sprint,b,web
1563501745090,submit,b2477,sprint,,web
1563501774487,enter,b3427,sprint,,web
1563501784470,respond,q4895,sprint,b,web
1563501788257,submit,b3427,sprint,,web
1563502762668,enter,b5911,sprint,,web
1563502774189,respond,q8560,sprint,d,web
1563502774707,submit,b5911,sprint,,web
1563502791504,enter,b2467,sprint,,web
1563502807749,respond,q3935,sprint,b,web
1563502809144,submit,b2467,sprint,,web
1563502818764,enter,b2335,sprint,,web
1563502829564,respond,q3803,sprint,b,web
1563502830145,submit,b2335,sprint,,web
1563502837779,enter,b2216,sprint,,web
1563502861011,respond,q3684,sprint,c,web
1563502868140,submit,b2216,sprint,,web
1563502879570,enter,b6696,sprint,,web
1563502890450,respond,q9345,sprint,c,web
1563502890886,submit,b6696,sprint,,web
1563502898484,enter,b3109,sprint,,web
1563502911426,respond,q4577,sprint,c,web
1563502913342,submit,b3109,sprint,,web
1563502922186,enter,b3576,sprint,,web
1563502926866,respond,q5044,sprint,d,web
1563502927398,submit,b3576,sprint,,web
1563503891022,enter,b3751,adaptive_offer,,web
1563503902003,respond,q5219,adaptive_offer,b,web
1563503908690,submit,b3751,adaptive_offer,,web
1563503922415,enter,b4226,adaptive_offer,,web
1563503926702,respond,q5694,adaptive_offer,a,web
1563503927617,submit,b4226,adaptive_offer,,web
1563511136596,enter,b774,sprint,,mobile
1563511151691,respond,q774,sprint,b,mobile
1563511157862,submit,b774,sprint,,mobile
1563511176269,enter,b877,sprint,,mobile
1563511192552,respond,q877,sprint,b,mobile
1563511195680,respond,q877,sprint,c,mobile
1563511199237,submit,b877,sprint,,mobile
1563511234130,enter,b877,sprint,,mobile
1563511253389,submit,b877,sprint,,mobile
1563511253456,enter,b1314,sprint,,mobile
1563511269347,respond,q1314,sprint,c,mobile
1563511276912,submit,b1314,sprint,,mobile
1563511299368,enter,b1000,sprint,,mobile
1563511310769,respond,q1000,sprint,b,mobile
1563511318316,submit,b1000,sprint,,mobile
1563511366075,enter,b1384,sprint,,mobile
1563511383880,respond,q1384,sprint,c,mobile
1563511386705,submit,b1384,sprint,,mobile
1563511398066,enter,b661,sprint,,mobile
1563511415561,respond,q661,sprint,c,mobile
1563511418789,submit,b661,sprint,,mobile
1563511425855,enter,b1266,sprint,,mobile
1563511441058,respond,q1266,sprint,b,mobile
1563511445037,submit,b1266,sprint,,mobile
1563511456627,enter,b878,sprint,,mobile
1563511474316,respond,q878,sprint,a,mobile
1563511478587,submit,b878,sprint,,mobile
1563511494659,enter,b1115,sprint,,mobile
1563511510585,respond,q1115,sprint,c,mobile
1563511514098,submit,b1115,sprint,,mobile
1563511527949,enter,b739,sprint,,mobile
1563511547352,submit,b739,sprint,,mobile
1563843094992,enter,b996,sprint,,web
1563843101552,submit,b996,sprint,,web
1563843111795,enter,b4575,sprint,,web
1563843123734,respond,q6043,sprint,c,web
1563843124904,submit,b4575,sprint,,web
1563843130626,enter,b6387,sprint,,web
1563843138939,respond,q9036,sprint,b,web
1563843139777,submit,b6387,sprint,,web
1563843217352,enter,b3010,sprint,,web
1563843222122,respond,q4478,sprint,a,web
1563843231167,submit,b3010,sprint,,web
1563843236979,enter,b4275,sprint,,web
1563843246496,respond,q5743,sprint,d,web
1563843248958,submit,b4275,sprint,,web
1563843278399,enter,b3275,sprint,,web
1563843293752,respond,q4743,sprint,a,web
1563843306726,submit,b3275,sprint,,web
1563843328997,enter,b7442,sprint,,web
1563843353899,respond,q10091,sprint,b,web
1563843354375,respond,q10091,sprint,c,web
1563843355031,respond,q10091,sprint,b,web
1563843355671,submit,b7442,sprint,,web
1563843387250,enter,b3635,sprint,,web
1563843406640,respond,q5103,sprint,b,web
1563843407858,submit,b3635,sprint,,web
1563843441283,enter,b3682,sprint,,web
1563843453036,respond,q5150,sprint,c,web
1563843460890,submit,b3682,sprint,,web
1563843483240,enter,b2851,sprint,,web
1563843517235,respond,q4319,sprint,b,web
1563843525301,submit,b2851,sprint,,web
1563843602211,enter,b7556,sprint,,web
1563843609619,respond,q10205,sprint,d,web
1563843612124,submit,b7556,sprint,,web
1563939001222,enter,b3014,sprint,,web
1563939020334,respond,q4482,sprint,a,web
1563939021463,submit,b3014,sprint,,web
1563939027237,enter,b3155,sprint,,web
1563939031227,respond,q4623,sprint,a,web
1563939036374,submit,b3155,sprint,,web
1563939043268,enter,b2999,sprint,,web
1563939049434,respond,q4467,sprint,b,web
1563939052856,respond,q4467,sprint,a,web
1563939053438,submit,b2999,sprint,,web
1563939060125,enter,b6091,sprint,,web
1563939080849,respond,q8740,sprint,a,web
1563939096574,submit,b6091,sprint,,web
1563939137433,enter,b4926,sprint,,web
1563939149304,respond,q6394,sprint,c,web
1563939150287,submit,b4926,sprint,,web
1563939155666,enter,b2708,sprint,,web
1563939159665,respond,q4176,sprint,c,web
1563939161307,submit,b2708,sprint,,web
1563939167420,enter,b3000,sprint,,web
1563939185406,respond,q4468,sprint,d,web
1563939201686,respond,q4468,sprint,b,web
1563939204932,submit,b3000,sprint,,web
1563939212128,enter,b5982,sprint,,web
1563939228149,respond,q8631,sprint,b,web
1563939229466,submit,b5982,sprint,,web
1563939284297,enter,b6930,sprint,,web
1563939299212,respond,q9579,sprint,a,web
1563939307879,submit,b6930,sprint,,web
1563939314877,enter,b3912,sprint,,web
1563939326083,respond,q5380,sprint,b,web
1563939327862,submit,b3912,sprint,,web
1563973749577,enter,b996,sprint,,mobile
1563973766248,respond,q996,sprint,b,mobile
1563973769239,submit,b996,sprint,,mobile
1563973788140,enter,b1042,sprint,,mobile
1563973805766,respond,q1042,sprint,c,mobile
1563973811114,submit,b1042,sprint,,mobile
1563973818144,enter,b895,sprint,,mobile
1563973835149,respond,q895,sprint,c,mobile
1563973837527,submit,b895,sprint,,mobile
1563973841162,enter,b609,sprint,,mobile
1563973855572,respond,q609,sprint,b,mobile
1563973858214,submit,b609,sprint,,mobile
1563973869250,enter,b618,sprint,,mobile
1563973879119,respond,q618,sprint,a,mobile
1563973885031,respond,q618,sprint,a,mobile
1563973887391,submit,b618,sprint,,mobile
1563973895147,enter,b1060,sprint,,mobile
1563973908917,respond,q1060,sprint,b,mobile
1563973913397,submit,b1060,sprint,,mobile
1563973919514,enter,b278,sprint,,mobile
1563973929642,respond,q278,sprint,a,mobile
1563973932421,respond,q278,sprint,a,mobile
1563973940129,submit,b278,sprint,,mobile
1563973945526,enter,b1228,sprint,,mobile
1563973956624,respond,q1228,sprint,a,mobile
1563973963914,respond,q1228,sprint,a,mobile
1563973966446,submit,b1228,sprint,,mobile
1563973972829,enter,b1118,sprint,,mobile
1563973989875,respond,q1118,sprint,b,mobile
1563973994503,submit,b1118,sprint,,mobile
1563973998866,enter,b722,sprint,,mobile
1563974008148,respond,q722,sprint,a,mobile
1563974016653,submit,b722,sprint,,mobile
1563974030611,enter,b526,sprint,,mobile
1563974047738,respond,q526,sprint,c,mobile
1563974050107,submit,b526,sprint,,mobile
1563974058682,enter,b1394,sprint,,mobile
1563974075387,respond,q1394,sprint,c,mobile
1563974078467,submit,b1394,sprint,,mobile
1563974085090,enter,b707,sprint,,mobile
1563974093989,respond,q707,sprint,a,mobile
1563974097006,submit,b707,sprint,,mobile
1563974101179,enter,b666,sprint,,mobile
1563974118362,respond,q666,sprint,b,mobile
1563974122091,submit,b666,sprint,,mobile
1563974129125,enter,b259,sprint,,mobile
1563974140817,respond,q259,sprint,b,mobile
1563974146262,submit,b259,sprint,,mobile
1563974156054,enter,b998,sprint,,mobile
1563974171962,respond,q998,sprint,c,mobile
1563974174630,submit,b998,sprint,,mobile
1563974179004,enter,b758,sprint,,mobile
1563974195932,respond,q758,sprint,b,mobile
1563974199100,submit,b758,sprint,,mobile
1563974207443,enter,b1368,sprint,,mobile
1563974226645,submit,b1368,sprint,,mobile
1563974239449,enter,b1102,sprint,,mobile
1563974251792,respond,q1102,sprint,b,mobile
1563974254293,submit,b1102,sprint,,mobile
1563974258441,enter,b223,sprint,,mobile
1563974269641,respond,q223,sprint,b,mobile
1563974272622,submit,b223,sprint,,mobile
1564012100916,enter,b2934,sprint,,web
1564012117915,respond,q4402,sprint,c,web
1564012141609,submit,b2934,sprint,,web
1564012159037,enter,b6394,sprint,,web
1564012179994,respond,q9043,sprint,c,web
1564012181091,respond,q9043,sprint,d,web
1564012188423,submit,b6394,sprint,,web
1564012194646,enter,b3970,sprint,,web
1564012200137,respond,q5438,sprint,a,web
1564012205613,submit,b3970,sprint,,web
1564012327216,enter,b2660,sprint,,web
1564012347325,respond,q4128,sprint,c,web
1564012348846,submit,b2660,sprint,,web
1564012362009,enter,b4231,sprint,,web
1564012375696,respond,q5699,sprint,d,web
1564012376843,submit,b4231,sprint,,web
1564012383605,enter,b6302,sprint,,web
1564012391052,respond,q8951,sprint,b,web
1564012398972,respond,q8951,sprint,a,web
1564012400477,respond,q8951,sprint,b,web
1564012400994,submit,b6302,sprint,,web
1564012408809,enter,b4297,sprint,,web
1564012429485,respond,q5765,sprint,c,web
1564012432142,respond,q5765,sprint,a,web
1564012436474,submit,b4297,sprint,,web
1564012444371,enter,b2562,sprint,,web
1564012472114,respond,q4030,sprint,c,web
1564012472712,submit,b2562,sprint,,web
1564012478976,enter,b4058,sprint,,web
1564012486243,respond,q5526,sprint,d,web
1564012491226,respond,q5526,sprint,b,web
1564012494781,respond,q5526,sprint,a,web
1564012506416,submit,b4058,sprint,,web
1564012514243,enter,b5942,sprint,,web
1564012532954,respond,q8591,sprint,d,web
1564012533238,submit,b5942,sprint,,web
1564116341742,enter,b3435,sprint,,web
1564116374983,respond,q4903,sprint,c,web
1564116375556,submit,b3435,sprint,,web
1564116389831,enter,b4861,sprint,,web
1564116395486,respond,q6329,sprint,a,web
1564116400468,submit,b4861,sprint,,web
1564116406075,enter,b4312,sprint,,web
1564116415023,respond,q5780,sprint,b,web
1564116415708,submit,b4312,sprint,,web
1564116428723,enter,b5880,sprint,,web
1564116446397,respond,q8529,sprint,c,web
1564116455213,respond,q8529,sprint,a,web
1564116458506,submit,b5880,sprint,,web
1564116498441,enter,b4164,sprint,,web
1564116517647,respond,q5632,sprint,a,web
1564116519524,submit,b4164,sprint,,web
1564116616444,enter,b4720,sprint,,web
1564116632793,respond,q6188,sprint,b,web
1564116664010,respond,q6188,sprint,d,web
1564116665383,submit,b4720,sprint,,web
1564116674422,enter,b2232,sprint,,web
1564116682777,respond,q3700,sprint,a,web
1564116683581,submit,b2232,sprint,,web
1564116692305,enter,b7143,sprint,,web
1564116705534,respond,q9792,sprint,d,web
1564116710841,submit,b7143,sprint,,web
1564116721526,enter,b2850,sprint,,web
1564116748224,respond,q4318,sprint,b,web
1564116754584,respond,q4318,sprint,d,web
1564116755269,submit,b2850,sprint,,web
1564116762678,enter,b5160,sprint,,web
1564116774126,respond,q6754,sprint,b,web
1564116787985,respond,q6754,sprint,d,web
1564116789197,respond,q6754,sprint,b,web
1564116789731,submit,b5160,sprint,,web
1564187964300,enter,b2530,sprint,,web
1564187964606,respond,q3998,sprint,b,web
1564187993835,submit,b2530,sprint,,web
1564188081963,enter,b6861,sprint,,web
1564188093145,respond,q9510,sprint,c,web
1564188094240,submit,b6861,sprint,,web
1564188266574,enter,b3577,sprint,,web
1564188304006,respond,q5045,sprint,b,web
1564188306037,respond,q5045,sprint,c,web
1564188306322,submit,b3577,sprint,,web
1564188437311,enter,b4553,sprint,,web
1564188442306,respond,q6021,sprint,a,web
1564188443763,submit,b4553,sprint,,web
1564188450608,enter,b4700,sprint,,web
1564188503616,respond,q6168,sprint,a,web
1564188504084,submit,b4700,sprint,,web
1564188579980,enter,b5734,sprint,,web
1564188593202,respond,q8383,sprint,a,web
1564188593979,submit,b5734,sprint,,web
1564188644384,enter,b4769,sprint,,web
1564188675574,respond,q6237,sprint,a,web
1564188689824,submit,b4769,sprint,,web
1564188699002,enter,b4003,sprint,,web
1564188703531,respond,q5471,sprint,a,web
1564188704367,submit,b4003,sprint,,web
1564188709820,enter,b4603,sprint,,web
1564188719011,respond,q6071,sprint,b,web
1564188724074,respond,q6071,sprint,c,web
1564188728881,submit,b4603,sprint,,web
1564188734305,enter,b11464,sprint,,web
1564188748537,respond,q17227,sprint,c,web
1564188757254,submit,b11464,sprint,,web
1564188979108,enter,b11464,my_note,,web
1564188985024,respond,q17227,my_note,a,web
1564188985500,submit,b11464,my_note,,web
1564188988497,enter,b4603,my_note,,web
1564188990870,respond,q6071,my_note,b,web
1564188991806,submit,b4603,my_note,,web
1564189112643,enter,b4769,my_note,,web
1564189123582,respond,q6237,my_note,d,web
1564189124240,submit,b4769,my_note,,web
1564189312365,enter,b5734,my_note,,web
1564189315235,respond,q8383,my_note,b,web
1564189316223,submit,b5734,my_note,,web
1564189320748,enter,b7143,my_note,,web
1564189324518,respond,q9792,my_note,a,web
1564189325431,submit,b7143,my_note,,web
1564189559971,enter,b5880,my_note,,web
1564189567688,respond,q8529,my_note,d,web
1564189568061,submit,b5880,my_note,,web
1564189575041,enter,b5942,my_note,,web
1564189584833,respond,q8591,my_note,a,web
1564189585342,submit,b5942,my_note,,web
1564189948487,enter,b2660,my_note,,web
1564189962227,respond,q4128,my_note,b,web
1564189962692,submit,b2660,my_note,,web
1564189970162,enter,b2934,my_note,,web
1564189979832,respond,q4402,my_note,a,web
1564189984931,submit,b2934,my_note,,web
1564190343310,enter,b6930,my_note,,web
1564190353791,respond,q9579,my_note,b,web
1564190356914,submit,b6930,my_note,,web
1564190503038,enter,b5982,my_note,,web
1564190513747,respond,q8631,my_note,b,web
1564190517096,submit,b5982,my_note,,web
1564190581575,enter,b3000,my_note,,web
1564190638624,respond,q4468,my_note,c,web
1564190639349,submit,b3000,my_note,,web
1564190657287,enter,b6091,my_note,,web
1564190692215,respond,q8740,my_note,d,web
1564190695875,submit,b6091,my_note,,web
1564190708986,enter,b7556,my_note,,web
1564190735416,respond,q10205,my_note,b,web
1564190738763,submit,b7556,my_note,,web
1564190793218,enter,b2851,my_note,,web
1564190883222,respond,q4319,my_note,b,web
1564190883719,submit,b2851,my_note,,web
1564190918959,enter,b7442,my_note,,web
1564190957325,respond,q10091,my_note,a,web
1564190957782,submit,b7442,my_note,,web
1564191047392,enter,b3275,my_note,,web
1564191056799,respond,q4743,my_note,c,web
1564191058331,submit,b3275,my_note,,web
1564191061715,enter,b2216,my_note,,web
1564191084406,respond,q3684,my_note,b,web
1564191085618,submit,b2216,my_note,,web
1564191092474,enter,b2467,my_note,,web
1564191094617,respond,q3935,my_note,b,web
1564191095049,submit,b2467,my_note,,web
1564191101710,enter,b5138,my_note,,web
1564191125663,respond,q6732,my_note,b,web
1564191126671,submit,b5138,my_note,,web
1564191135631,enter,b7266,my_note,,web
1564191155505,respond,q9915,my_note,d,web
1564191156121,submit,b7266,my_note,,web
1564194647902,enter,b4492,my_note,,web
1564194661749,respond,q5960,my_note,c,web
1564194663019,submit,b4492,my_note,,web
1564194999096,enter,b3089,my_note,,web
1564195017047,respond,q4557,my_note,a,web
1564195020776,submit,b3089,my_note,,web
1564195045124,enter,b6743,my_note,,web
1564195056812,respond,q9392,my_note,a,web
1564195058736,submit,b6743,my_note,,web
1564195376055,enter,b6277,my_note,,web
1564195406124,respond,q8926,my_note,b,web
1564195408139,respond,q8926,my_note,a,web
1564195411376,submit,b6277,my_note,,web
1564195421034,enter,b7450,my_note,,web
1564195441582,respond,q10099,my_note,b,web
1564195443496,submit,b7450,my_note,,web
1564195787613,enter,b4793,my_note,,web
1564195797218,respond,q6261,my_note,a,web
1564195799144,submit,b4793,my_note,,web
1564195820629,enter,b7448,my_note,,web
1564195837138,respond,q10097,my_note,c,web
1564195837589,submit,b7448,my_note,,web
1564196011489,enter,b6369,my_note,,web
1564196039036,respond,q9018,my_note,a,web
1564196047788,respond,q9018,my_note,c,web
1564196048492,submit,b6369,my_note,,web
1564196109015,enter,b3946,my_note,,web
1564196120996,respond,q5414,my_note,d,web
1564196123752,submit,b3946,my_note,,web
1564196230375,enter,b2559,my_note,,web
1564196274890,respond,q4027,my_note,b,web
1564196275341,submit,b2559,my_note,,web
1564196434177,enter,b2216,my_note,,web
1564196439565,respond,q3684,my_note,d,web
1564196440339,submit,b2216,my_note,,web
1564196572521,enter,b3128,my_note,,web
1564196979230,respond,q4596,my_note,b,web
1564196979763,submit,b3128,my_note,,web
1564196983189,enter,b4762,my_note,,web
1564197022640,respond,q6230,my_note,d,web
1564197023706,submit,b4762,my_note,,web
1564197033862,enter,b11541,my_note,,web
1564197050509,respond,q17304,my_note,a,web
1564197051804,submit,b11541,my_note,,web
1564415255225,enter,b2555,sprint,,mobile
1564415271288,respond,q4023,sprint,d,mobile
1564415279367,respond,q4023,sprint,a,mobile
1564415284641,submit,b2555,sprint,,mobile
1564415294231,enter,b2550,sprint,,mobile
1564415309073,respond,q4018,sprint,c,mobile
1564415316272,submit,b2550,sprint,,mobile
1564415325148,enter,b3572,sprint,,mobile
1564415349569,respond,q5040,sprint,d,mobile
1564415353646,submit,b3572,sprint,,mobile
1564415521016,enter,b2689,sprint,,mobile
1564415530070,respond,q4157,sprint,d,mobile
1564415534691,submit,b2689,sprint,,mobile
1564415540290,enter,b4865,sprint,,mobile
1564415544993,respond,q6333,sprint,b,mobile
1564415549545,submit,b4865,sprint,,mobile
1564538580646,enter,b2191,sprint,,web
1564538596451,respond,q3659,sprint,a,web
1564538601410,submit,b2191,sprint,,web
1564538738082,enter,b7066,sprint,,web
1564538742256,respond,q9715,sprint,d,web
1564538751552,submit,b7066,sprint,,web
1564538766496,enter,b3436,sprint,,web
1564538774112,respond,q4904,sprint,b,web
1564538781163,submit,b3436,sprint,,web
1564538788702,enter,b3592,sprint,,web
1564538796136,respond,q5060,sprint,b,web
1564538797207,respond,q5060,sprint,a,web
1564538804094,respond,q5060,sprint,d,web
1564538805911,respond,q5060,sprint,b,web
1564538809429,respond,q5060,sprint,c,web
1564538810454,respond,q5060,sprint,a,web
1564538813373,submit,b3592,sprint,,web
1564538830801,enter,b4269,sprint,,web
1564538877630,respond,q5737,sprint,d,web
1564538887474,submit,b4269,sprint,,web
1564538895418,enter,b6818,sprint,,web
1564538903030,respond,q9467,sprint,a,web
1564538903810,submit,b6818,sprint,,web
1564538910193,enter,b3056,sprint,,web
1564538914853,respond,q4524,sprint,a,web
1564538915197,respond,q4524,sprint,b,web
1564538916515,respond,q4524,sprint,d,web
1564538917559,submit,b3056,sprint,,web
1564538924178,enter,b2809,sprint,,web
1564538933621,respond,q4277,sprint,d,web
1564538935434,submit,b2809,sprint,,web
1564538944972,enter,b3562,sprint,,web
1564538956475,respond,q5030,sprint,c,web
1564538962568,submit,b3562,sprint,,web
1564538970024,enter,b6756,sprint,,web
1564538981980,respond,q9405,sprint,a,web
1564538984711,respond,q9405,sprint,c,web
1564538987824,submit,b6756,sprint,,web
1564619544368,enter,b2647,sprint,,web
1564619554412,respond,q4115,sprint,a,web
1564619557242,respond,q4115,sprint,d,web
1564619557857,submit,b2647,sprint,,web
1564619612406,enter,b3836,sprint,,web
1564619629011,respond,q5304,sprint,c,web
1564619630924,submit,b3836,sprint,,web
1564620013098,enter,b3766,sprint,,web
1564620040011,respond,q5234,sprint,d,web
1564620040689,submit,b3766,sprint,,web
1564620052188,enter,b4334,sprint,,web
1564620070907,respond,q5802,sprint,b,web
1564620071545,submit,b4334,sprint,,web
1564620081543,enter,b2140,sprint,,web
1564620089054,respond,q3608,sprint,d,web
1564620089472,submit,b2140,sprint,,web
1564620356619,enter,b5146,sprint,,web
1564620379897,respond,q6740,sprint,c,web
1564620381418,submit,b5146,sprint,,web
1564620392312,enter,b4237,sprint,,web
1564620397376,respond,q5705,sprint,a,web
1564620423480,respond,q5705,sprint,b,web
1564620424196,submit,b4237,sprint,,web
1564620430074,enter,b11720,sprint,,web
1564620444799,respond,q17577,sprint,b,web
1564620446675,submit,b11720,sprint,,web
1564620455746,enter,b4215,sprint,,web
1564620463260,respond,q5683,sprint,c,web
1564620472098,submit,b4215,sprint,,web
1564620481681,enter,b2599,sprint,,web
1564620491541,respond,q4067,sprint,d,web
1564620492652,submit,b2599,sprint,,web
1564620519678,enter,b6167,my_note,,web
1564620523933,respond,q8816,my_note,d,web
1564620524779,submit,b6167,my_note,,web
1564624923306,enter,b3008,my_note,,web
1564624927186,respond,q4476,my_note,c,web
1564624927574,submit,b3008,my_note,,web
1564624930895,enter,b7352,my_note,,web
1564624945194,respond,q10001,my_note,b,web
1564624946637,submit,b7352,my_note,,web
1564625963140,enter,b5970,my_note,,web
1564625983938,respond,q8619,my_note,d,web
1564625984311,submit,b5970,my_note,,web
1564628427814,enter,b5735,my_note,,web
1564628455490,respond,q8384,my_note,a,web
1564628459262,submit,b5735,my_note,,web
1564628466581,enter,b7525,my_note,,web
1564628493264,respond,q10174,my_note,a,web
1564628497064,respond,q10174,my_note,c,web
1564628499196,submit,b7525,my_note,,web
1564628510785,enter,b2271,my_note,,web
1564628534313,respond,q3739,my_note,c,web
1564628536577,submit,b2271,my_note,,web
1564628733696,respond,q5314,my_note,c,web
1564628742443,enter,b4690,my_note,,web
1564628758420,respond,q6158,my_note,c,web
1564628758857,submit,b4690,my_note,,web
1564628895827,enter,b3864,my_note,,web
1564628907904,respond,q5332,my_note,c,web
1564628908369,submit,b3864,my_note,,web
1564628920479,enter,b6870,my_note,,web
1564628946490,respond,q9519,my_note,b,web
1564628951309,respond,q9519,my_note,c,web
1564628951827,submit,b6870,my_note,,web
1564629078444,enter,b7315,my_note,,web
1564629098228,respond,q9964,my_note,b,web
1564629098544,submit,b7315,my_note,,web
1564629184533,enter,b3789,my_note,,web
1564629215390,respond,q5257,my_note,c,web
1564629216642,submit,b3789,my_note,,web
1564629267602,enter,b5026,my_note,,web
1564629290519,respond,q6494,my_note,d,web
1564629293298,submit,b5026,my_note,,web
1564629316952,enter,b7107,my_note,,web
1564629340112,respond,q9756,my_note,b,web
1564629342222,submit,b7107,my_note,,web
1564629407079,enter,b3063,my_note,,web
1564629421020,respond,q4531,my_note,b,web
1564629422736,submit,b3063,my_note,,web
1564629464387,enter,b3937,my_note,,web
1564629494307,respond,q5405,my_note,d,web
1564629496886,submit,b3937,my_note,,web
1564629501572,enter,b3863,my_note,,web
1564629533402,respond,q5331,my_note,d,web
1564629534022,submit,b3863,my_note,,web
1564629557736,enter,b4184,my_note,,web
1564629579857,respond,q5652,my_note,c,web
1564629580806,submit,b4184,my_note,,web
1564629706871,enter,b4039,my_note,,web
1564629710944,respond,q5507,my_note,b,web
1564629713784,submit,b4039,my_note,,web
1564629717413,enter,b7462,my_note,,web
1564629728120,respond,q10111,my_note,c,web
1564629729697,submit,b7462,my_note,,web
1564629817161,enter,b4181,my_note,,web
1564629825229,respond,q5649,my_note,b,web
1564629831541,respond,q5649,my_note,d,web
1564629832027,submit,b4181,my_note,,web
1564629835340,enter,b4354,my_note,,web
1564629844917,respond,q5822,my_note,b,web
1564629848142,respond,q5822,my_note,d,web
1564629848780,submit,b4354,my_note,,web
1564629856771,enter,b5138,my_note,,web
1564629859201,respond,q6732,my_note,a,web
1564629860347,submit,b5138,my_note,,web
1564629871637,enter,b6895,my_note,,web
1564629911643,respond,q9544,my_note,d,web
1564629913637,respond,q9544,my_note,c,web
1564629914486,submit,b6895,my_note,,web
1564629933704,enter,b6721,my_note,,web
1564629950917,respond,q9370,my_note,a,web
1564629951624,submit,b6721,my_note,,web
1564629961082,enter,b4180,my_note,,web
1564629974109,respond,q5648,my_note,d,web
1564629974591,submit,b4180,my_note,,web
1564629980273,enter,b4719,my_note,,web
1564630022994,respond,q6187,my_note,b,web
1564630023566,submit,b4719,my_note,,web
1564630129581,enter,b11332,my_note,,web
1564630141886,respond,q17095,my_note,d,web
1564630149686,submit,b11332,my_note,,web
1564630156575,enter,b6858,my_note,,web
1564630171977,respond,q9507,my_note,c,web
1564630173393,respond,q9507,my_note,a,web
1564630174934,respond,q9507,my_note,d,web
1564630175578,respond,q9507,my_note,c,web
1564630176042,submit,b6858,my_note,,web
1564630201363,enter,b3760,my_note,,web
1564630226935,respond,q5228,my_note,d,web
1564630233053,respond,q5228,my_note,b,web
1564630234684,submit,b3760,my_note,,web
1564630289508,enter,b7499,my_note,,web
1564630316215,respond,q10148,my_note,b,web
1564630317442,submit,b7499,my_note,,web
1564630340192,enter,b4303,my_note,,web
1564630356222,respond,q5771,my_note,b,web
1564630357835,submit,b4303,my_note,,web
1564630409089,enter,b5982,my_note,,web
1564630420222,respond,q8631,my_note,a,web
1564630421738,submit,b5982,my_note,,web
1564630438497,enter,b7556,my_note,,web
1564630475453,respond,q10205,my_note,a,web
1564630477488,submit,b7556,my_note,,web
1564630494409,enter,b7190,my_note,,web
1564630507657,respond,q9839,my_note,c,web
1564630508136,submit,b7190,my_note,,web
1564630514730,enter,b5033,my_note,,web
1564630538724,respond,q6501,my_note,d,web
1564630539015,submit,b5033,my_note,,web
1564630557802,enter,b3626,my_note,,web
1564630565135,respond,q5094,my_note,b,web
1564630568736,submit,b3626,my_note,,web
1564630577757,enter,b2564,my_note,,web
1564630647594,respond,q4032,my_note,c,web
1564630648590,submit,b2564,my_note,,web
1564630661804,enter,b3845,my_note,,web
1564630677833,respond,q5313,my_note,c,web
1564630704986,respond,q5313,my_note,a,web
1564630709536,respond,q5313,my_note,d,web
1564630714209,respond,q5313,my_note,b,web
1564630716775,submit,b3845,my_note,,web
1564630726388,enter,b5139,my_note,,web
1564630737649,respond,q6733,my_note,c,web
1564630738448,submit,b5139,my_note,,web
1564630750577,enter,b3860,my_note,,web
1564630802577,respond,q5328,my_note,a,web
1564630803284,submit,b3860,my_note,,web
1564630813472,enter,b3006,my_note,,web
1564630835103,respond,q4474,my_note,b,web
1564630835508,submit,b3006,my_note,,web
1564630838464,enter,b6411,my_note,,web
1564630849169,respond,q9060,my_note,a,web
1564630849590,submit,b6411,my_note,,web
1564630852957,enter,b3041,my_note,,web
1564630876335,respond,q4509,my_note,b,web
1564630878810,submit,b3041,my_note,,web
1564630882898,enter,b3404,my_note,,web
1564630890261,respond,q4872,my_note,d,web
1564630890651,submit,b3404,my_note,,web
1564630893875,enter,b3610,my_note,,web
1564630897302,respond,q5078,my_note,a,web
1564630897879,submit,b3610,my_note,,web
1564630909408,enter,b6101,my_note,,web
1564630937742,respond,q8750,my_note,b,web
1564630941746,submit,b6101,my_note,,web
1564630949187,enter,b2851,my_note,,web
1564631006535,respond,q4319,my_note,a,web
1564631008719,respond,q4319,my_note,b,web
1564631009106,submit,b2851,my_note,,web
1564631021608,enter,b4647,my_note,,web
1564631027532,respond,q6115,my_note,c,web
1564631028032,submit,b4647,my_note,,web
1564631031104,enter,b4223,my_note,,web
1564631034654,respond,q5691,my_note,a,web
1564631035113,submit,b4223,my_note,,web
1564631038784,enter,b2626,my_note,,web
1564631055821,respond,q4094,my_note,a,web
1564631070244,submit,b2626,my_note,,web
1564705523861,enter,b3855,sprint,,web
1564705535189,respond,q5323,sprint,c,web
1564705535628,submit,b3855,sprint,,web
1564706209573,enter,b6127,sprint,,web
1564706234504,respond,q8776,sprint,d,web
1564706234946,submit,b6127,sprint,,web
1564706383861,enter,b4239,sprint,,web
1564706395525,respond,q5707,sprint,c,web
1564706395908,submit,b4239,sprint,,web
1564706648857,respond,q5350,sprint,a,web
1564706792602,enter,b3439,sprint,,web
1564706801413,respond,q4907,sprint,c,web
1564706801774,submit,b3439,sprint,,web
1564706924310,enter,b5860,sprint,,web
1564706938321,respond,q8509,sprint,d,web
1564706945431,submit,b5860,sprint,,web
1564706965051,enter,b2446,sprint,,web
1564706968378,respond,q3914,sprint,a,web
1564706968744,submit,b2446,sprint,,web
1564706974535,enter,b2441,sprint,,web
1564706986698,respond,q3909,sprint,b,web
1564707000832,respond,q3909,sprint,a,web
1564707007832,respond,q3909,sprint,b,web
1564707008613,submit,b2441,sprint,,web
1564707021146,enter,b4305,sprint,,web
1564707035644,respond,q5773,sprint,b,web
1564707036058,respond,q5773,sprint,c,web
1564707036816,respond,q5773,sprint,b,web
1564707037128,submit,b4305,sprint,,web
1564707049722,enter,b11287,sprint,,web
1564707058986,respond,q17050,sprint,c,web
1564707062228,submit,b11287,sprint,,web
1564788847549,enter,b2897,sprint,,web
1564788858478,respond,q4365,sprint,c,web
1564788860024,submit,b2897,sprint,,web
1564788924528,enter,b4670,sprint,,web
1564788933722,respond,q6138,sprint,a,web
1564788934667,respond,q6138,sprint,d,web
1564788938552,submit,b4670,sprint,,web
1564789680412,enter,b3371,sprint,,web
1564789701304,respond,q4839,sprint,a,web
1564789702232,respond,q4839,sprint,d,web
1564789702459,submit,b3371,sprint,,web
1564789709493,enter,b4076,sprint,,web
1564789713189,respond,q5544,sprint,c,web
1564789714098,submit,b4076,sprint,,web
1564789721371,enter,b2368,sprint,,web
1564789725454,respond,q3836,sprint,a,web
1564789727586,submit,b2368,sprint,,web
1564789733977,enter,b2448,sprint,,web
1564789739476,respond,q3916,sprint,b,web
1564789749517,respond,q3916,sprint,a,web
1564789749995,submit,b2448,sprint,,web
1564789762703,enter,b4587,sprint,,web
1564789882522,respond,q6055,sprint,a,web
1564789889631,submit,b4587,sprint,,web
1564789903836,enter,b6693,sprint,,web
1564789910203,respond,q9342,sprint,a,web
1564789912478,submit,b6693,sprint,,web
1564789921053,enter,b3069,sprint,,web
1564789931539,respond,q4537,sprint,c,web
1564789931983,submit,b3069,sprint,,web
1564789937994,enter,b4688,sprint,,web
1564789941554,respond,q6156,sprint,d,web
1564789942358,submit,b4688,sprint,,web
1564791224678,enter,b3299,my_note,,web
1564791228437,respond,q4767,my_note,c,web
1564791232513,submit,b3299,my_note,,web
1564791239306,enter,b6534,my_note,,web
1564791250181,respond,q9183,my_note,c,web
1564791250744,submit,b6534,my_note,,web
1564791254284,enter,b5034,my_note,,web
1564791264189,respond,q6502,my_note,d,web
1564791273795,respond,q6502,my_note,c,web
1564791276329,submit,b5034,my_note,,web
1564791282322,enter,b4304,my_note,,web
1564791316899,respond,q5772,my_note,d,web
1564791317239,submit,b4304,my_note,,web
1564791324401,enter,b2654,my_note,,web
1564791329701,respond,q4122,my_note,d,web
1564791332350,submit,b2654,my_note,,web
1564791336031,enter,b3307,my_note,,web
1564791345091,respond,q4775,my_note,d,web
1564791352371,respond,q4775,my_note,b,web
1564791353086,submit,b3307,my_note,,web
1564791356484,enter,b2358,my_note,,web
1564791369527,respond,q3826,my_note,b,web
1564791371821,submit,b2358,my_note,,web
1564791375774,enter,b11338,my_note,,web
1564791399065,respond,q17101,my_note,b,web
1564791403154,respond,q17101,my_note,a,web
1564791403634,submit,b11338,my_note,,web
1564791748484,enter,b6507,my_note,,web
1564791769803,respond,q9156,my_note,a,web
1564791773122,respond,q9156,my_note,d,web
1564791774242,respond,q9156,my_note,a,web
1564791776739,respond,q9156,my_note,c,web
1564791777100,submit,b6507,my_note,,web
1564793550910,enter,b3076,my_note,,web
1564793577493,respond,q4544,my_note,d,web
1564793578770,submit,b3076,my_note,,web
1565016515162,enter,b629,sprint,,mobile
1565016531585,respond,q629,sprint,a,mobile
1565016534541,submit,b629,sprint,,mobile
1565016540344,enter,b330,sprint,,mobile
1565016561484,submit,b330,sprint,,mobile
1565016567802,enter,b1075,sprint,,mobile
1565016583938,respond,q1075,sprint,b,mobile
1565016587408,submit,b1075,sprint,,mobile
1565016596160,enter,b796,sprint,,mobile
1565016605304,respond,q796,sprint,a,mobile
1565016607804,respond,q796,sprint,b,mobile
1565016613341,submit,b796,sprint,,mobile
1565016621168,enter,b224,sprint,,mobile
1565016635403,respond,q224,sprint,b,mobile
1565016639141,respond,q224,sprint,c,mobile
1565016639903,respond,q224,sprint,b,mobile
1565016642786,submit,b224,sprint,,mobile
1565016728597,enter,b1037,sprint,,mobile
1565016742257,respond,q1037,sprint,b,mobile
1565016742257,respond,q1037,sprint,b,mobile
1565016742257,respond,q1037,sprint,b,mobile
1565016742257,respond,q1037,sprint,b,mobile
1565016748479,submit,b1037,sprint,,mobile
1565016753351,enter,b612,sprint,,mobile
1565016763253,respond,q612,sprint,a,mobile
1565016773170,submit,b612,sprint,,mobile
1565016802642,enter,b3763,sprint,,mobile
1565016821114,respond,q5231,sprint,b,mobile
1565016825949,respond,q5231,sprint,c,mobile
1565016829282,submit,b3763,sprint,,mobile
1565016840570,enter,b11437,sprint,,mobile
1565016852198,respond,q17200,sprint,c,mobile
1565016856823,submit,b11437,sprint,,mobile
1565016861595,enter,b2219,sprint,,mobile
1565016866869,respond,q3687,sprint,a,mobile
1565016873317,submit,b2219,sprint,,mobile
1565016882369,enter,b4643,sprint,,mobile
1565016895420,respond,q6111,sprint,a,mobile
1565016900764,submit,b4643,sprint,,mobile
1565016908693,enter,b2481,sprint,,mobile
1565016924643,respond,q3949,sprint,a,mobile
1565016927280,submit,b2481,sprint,,mobile
1565016933745,enter,b7062,sprint,,mobile
1565016955814,respond,q9711,sprint,c,mobile
1565016964252,respond,q9711,sprint,d,mobile
1565016968102,respond,q9711,sprint,c,mobile
1565016970360,respond,q9711,sprint,d,mobile
1565016972991,submit,b7062,sprint,,mobile
1565016985298,enter,b5833,sprint,,mobile
1565016989045,respond,q8482,sprint,a,mobile
1565016999368,submit,b5833,sprint,,mobile
1565017004321,enter,b4213,sprint,,mobile
1565017020611,respond,q5681,sprint,d,mobile
1565017026624,respond,q5681,sprint,d,mobile
1565017035316,submit,b4213,sprint,,mobile
1565017043749,enter,b3003,sprint,,mobile
1565017059735,respond,q4471,sprint,a,mobile
1565017066561,respond,q4471,sprint,a,mobile
1565017071661,submit,b3003,sprint,,mobile
1565017078897,enter,b7333,sprint,,mobile
1565017098565,respond,q9982,sprint,d,mobile
1565017107769,submit,b7333,sprint,,mobile
1565017132882,enter,b3750,sprint,,mobile
1565017150353,respond,q5218,sprint,a,mobile
1565017155200,submit,b3750,sprint,,mobile
1565017162747,enter,b4189,sprint,,mobile
1565017180527,respond,q5657,sprint,a,mobile
1565017182862,respond,q5657,sprint,c,mobile
1565017185166,respond,q5657,sprint,a,mobile
1565017195026,submit,b4189,sprint,,mobile
1565017202697,enter,b4564,sprint,,mobile
1565017220207,respond,q6032,sprint,b,mobile
1565017222910,submit,b4564,sprint,,mobile
1565017232488,enter,b7345,sprint,,mobile
1565017244851,respond,q9994,sprint,b,mobile
1565017250886,respond,q9994,sprint,b,mobile
1565017255578,submit,b7345,sprint,,mobile
1565017266586,enter,b3643,sprint,,mobile
1565017279267,respond,q5111,sprint,d,mobile
1565017280600,respond,q5111,sprint,a,mobile
1565017284041,submit,b3643,sprint,,mobile
1565017296391,enter,b2223,sprint,,mobile
1565017301475,respond,q3691,sprint,b,mobile
1565017305650,submit,b2223,sprint,,mobile
1565017319232,enter,b4108,sprint,,mobile
1565017323373,respond,q5576,sprint,a,mobile
1565017331256,submit,b4108,sprint,,mobile
1565017336325,enter,b5677,sprint,,mobile
1565017356260,respond,q8206,sprint,d,mobile
1565017360024,submit,b5677,sprint,,mobile
1565017368580,enter,b5029,sprint,,mobile
1565017385012,respond,q6497,sprint,a,mobile
1565017387882,submit,b5029,sprint,,mobile
1565017403891,enter,b3602,sprint,,mobile
1565017412230,respond,q5070,sprint,a,mobile
1565017415938,submit,b3602,sprint,,mobile
1565099448876,enter,b1088,sprint,,mobile
1565099467310,respond,q1088,sprint,c,mobile
1565099469008,respond,q1088,sprint,c,mobile
1565099471584,submit,b1088,sprint,,mobile
1565099476807,enter,b1011,sprint,,mobile
1565099496459,submit,b1011,sprint,,mobile
1565099503900,enter,b921,sprint,,mobile
1565099514060,respond,q921,sprint,a,mobile
1565099522370,submit,b921,sprint,,mobile
1565099531333,enter,b1203,sprint,,mobile
1565099545230,respond,q1203,sprint,b,mobile
1565099549501,submit,b1203,sprint,,mobile
1565099554371,enter,b759,sprint,,mobile
1565099564076,respond,q759,sprint,a,mobile
1565099574087,submit,b759,sprint,,mobile
1565099580598,enter,b1120,sprint,,mobile
1565099594011,respond,q1120,sprint,b,mobile
1565099598666,submit,b1120,sprint,,mobile
1565099608044,enter,b438,sprint,,mobile
1565099620709,respond,q438,sprint,b,mobile
1565099623541,submit,b438,sprint,,mobile
1565099629107,enter,b984,sprint,,mobile
1565099639482,respond,q984,sprint,b,mobile
1565099642073,submit,b984,sprint,,mobile
1565099647161,enter,b501,sprint,,mobile
1565099663975,respond,q501,sprint,b,mobile
1565099666752,submit,b501,sprint,,mobile
1565099671736,enter,b687,sprint,,mobile
1565099687700,respond,q687,sprint,c,mobile
1565099690502,submit,b687,sprint,,mobile
1565144151890,enter,b3563,sprint,,web
1565144159936,respond,q5031,sprint,b,web
1565144160814,submit,b3563,sprint,,web
1565145515081,enter,b6525,sprint,,web
1565145528102,respond,q9174,sprint,c,web
1565145529469,respond,q9174,sprint,d,web
1565145529850,submit,b6525,sprint,,web
1565145619864,enter,b2231,sprint,,web
1565145626187,respond,q3699,sprint,a,web
1565145650439,submit,b2231,sprint,,web
1565145682594,enter,b3293,sprint,,web
1565145689308,respond,q4761,sprint,b,web
1565145691168,submit,b3293,sprint,,web
1565145706046,enter,b3490,sprint,,web
1565145716988,respond,q4958,sprint,d,web
1565145718143,submit,b3490,sprint,,web
1565145724125,enter,b7506,sprint,,web
1565145728159,respond,q10155,sprint,c,web
1565145728591,submit,b7506,sprint,,web
1565154987115,enter,b3051,sprint,,web
1565154990240,respond,q4519,sprint,c,web
1565154995167,submit,b3051,sprint,,web
1565155000994,enter,b4986,sprint,,web
1565155004762,respond,q6454,sprint,c,web
1565155006438,submit,b4986,sprint,,web
1565155010938,enter,b4721,sprint,,web
1565155021962,respond,q6189,sprint,d,web
1565155026956,submit,b4721,sprint,,web
1565155040047,enter,b6864,sprint,,web
1565155055056,respond,q9513,sprint,a,web
1565155055885,submit,b6864,sprint,,web
1565155359386,enter,b4769,adaptive_offer,,web
1565155364551,respond,q6237,adaptive_offer,d,web
1565155364830,submit,b4769,adaptive_offer,,web
1565159459651,enter,b7162,my_note,,web
1565159470482,respond,q9811,my_note,a,web
1565159482870,submit,b7162,my_note,,web
1565160105389,enter,b3123,my_note,,web
1565160109328,respond,q4591,my_note,a,web
1565160111699,submit,b3123,my_note,,web
1565160410270,enter,b3581,my_note,,web
1565160414493,respond,q5049,my_note,a,web
1565160423339,submit,b3581,my_note,,web
1565160603191,enter,b3098,my_note,,web
1565160622427,respond,q4566,my_note,a,web
1565160623310,submit,b3098,my_note,,web
1565160633588,enter,b2698,my_note,,web
1565160636064,respond,q4166,my_note,b,web
1565160649919,respond,q4166,my_note,c,web
1565160653160,respond,q4166,my_note,d,web
1565160653838,submit,b2698,my_note,,web
1565160657682,enter,b7030,my_note,,web
1565160683928,respond,q9679,my_note,d,web
1565160687494,submit,b7030,my_note,,web
1565160692151,enter,b4853,my_note,,web
1565160698912,respond,q6321,my_note,d,web
1565160699243,submit,b4853,my_note,,web
1565160707252,enter,b3415,my_note,,web
1565160709823,respond,q4883,my_note,c,web
1565160734104,respond,q4883,my_note,b,web
1565160738512,respond,q4883,my_note,c,web
1565160743806,respond,q4883,my_note,b,web
1565160744743,submit,b3415,my_note,,web
1565160753567,enter,b4766,my_note,,web
1565160764871,respond,q6234,my_note,d,web
1565160766723,submit,b4766,my_note,,web
1565160773356,enter,b5048,my_note,,web
1565160940660,respond,q6516,my_note,b,web
1565160942329,submit,b5048,my_note,,web
1565161006542,enter,b3164,my_note,,web
1565161018453,respond,q4632,my_note,b,web
1565161019347,submit,b3164,my_note,,web
1565161062949,enter,b6272,my_note,,web
1565161080195,respond,q8921,my_note,c,web
1565161084225,submit,b6272,my_note,,web
1565161087492,enter,b3053,my_note,,web
1565161096897,respond,q4521,my_note,c,web
1565161104933,submit,b3053,my_note,,web
1565161161858,enter,b2467,my_note,,web
1565161213303,respond,q3935,my_note,d,web
1565161215212,submit,b2467,my_note,,web
1565161847929,respond,q4317,my_note,c,web
1565162018557,enter,b6447,my_note,,web
1565162030356,respond,q9096,my_note,a,web
1565162031756,respond,q9096,my_note,d,web
1565162032234,submit,b6447,my_note,,web
1565162038514,enter,b11515,my_note,,web
1565162050637,respond,q17278,my_note,d,web
1565162051721,submit,b11515,my_note,,web
1565162175788,enter,b2710,my_note,,web
1565162182529,respond,q4178,my_note,b,web
1565162182949,submit,b2710,my_note,,web
1565162186106,enter,b3369,my_note,,web
1565162259924,respond,q4837,my_note,a,web
1565162260361,submit,b3369,my_note,,web
1565162282949,enter,b4167,my_note,,web
1565162286650,respond,q5635,my_note,d,web
1565162288523,submit,b4167,my_note,,web
1565162291912,enter,b7266,my_note,,web
1565162298760,respond,q9915,my_note,d,web
1565162306265,respond,q9915,my_note,b,web
1565162307638,respond,q9915,my_note,d,web
1565162308494,submit,b7266,my_note,,web
1565162312719,enter,b3579,my_note,,web
1565162332107,respond,q5047,my_note,c,web
1565162332475,respond,q5047,my_note,b,web
1565162337237,respond,q5047,my_note,a,web
1565162338275,submit,b3579,my_note,,web
1565162358078,enter,b7442,my_note,,web
1565162375450,respond,q10091,my_note,c,web
1565162377635,submit,b7442,my_note,,web
1565162386356,enter,b4785,my_note,,web
1565162398813,respond,q6253,my_note,c,web
1565162401812,submit,b4785,my_note,,web
1565241096391,enter,b3605,sprint,,web
1565241108626,respond,q5073,sprint,a,web
1565241109732,submit,b3605,sprint,,web
1565241116359,enter,b3848,sprint,,web
1565241142560,respond,q5316,sprint,c,web
1565241147787,submit,b3848,sprint,,web
1565241156330,enter,b5028,sprint,,web
1565241168287,respond,q6496,sprint,c,web
1565241171509,submit,b5028,sprint,,web
1565241183221,enter,b7579,sprint,,web
1565241194656,respond,q10228,sprint,c,web
1565241196628,submit,b7579,sprint,,web
1565241286992,enter,b2731,sprint,,web
1565241303822,respond,q4199,sprint,b,web
1565241313756,submit,b2731,sprint,,web
1565241329244,enter,b3418,sprint,,web
1565241342741,respond,q4886,sprint,c,web
1565241348062,submit,b3418,sprint,,web
1565241366740,enter,b4271,sprint,,web
1565241383253,respond,q5739,sprint,d,web
1565241392757,respond,q5739,sprint,c,web
1565241397252,respond,q5739,sprint,b,web
1565241404749,respond,q5739,sprint,a,web
1565241406537,submit,b4271,sprint,,web
1565241423968,enter,b6389,sprint,,web
1565241440796,respond,q9038,sprint,a,web
1565241445728,submit,b6389,sprint,,web
1565241451987,enter,b3794,sprint,,web
1565241466683,respond,q5262,sprint,d,web
1565241469608,submit,b3794,sprint,,web
1565241495638,enter,b4874,sprint,,web
1565241516251,respond,q6342,sprint,c,web
1565241516512,submit,b4874,sprint,,web
1565303868850,enter,b369,sprint,,mobile
1565303884746,respond,q369,sprint,b,mobile
1565303892099,submit,b369,sprint,,mobile
1565303906839,enter,b386,sprint,,mobile
1565303918303,respond,q386,sprint,a,mobile
1565303927164,submit,b386,sprint,,mobile
1565303932114,enter,b241,sprint,,mobile
1565303950433,respond,q241,sprint,c,mobile
1565303953296,submit,b241,sprint,,mobile
1565303963571,enter,b856,sprint,,mobile
1565303976544,respond,q856,sprint,a,mobile
1565303981438,submit,b856,sprint,,mobile
1565303987221,enter,b982,sprint,,mobile
1565304006116,respond,q982,sprint,a,mobile
1565304009395,submit,b982,sprint,,mobile
1565304019059,enter,b1390,sprint,,mobile
1565304032844,respond,q1390,sprint,a,mobile
1565304039495,submit,b1390,sprint,,mobile
1565304049807,enter,b1066,sprint,,mobile
1565304063276,respond,q1066,sprint,a,mobile
1565304069090,submit,b1066,sprint,,mobile
1565304079396,enter,b403,sprint,,mobile
1565304099190,respond,q403,sprint,c,mobile
1565304107523,respond,q403,sprint,a,mobile
1565304112710,submit,b403,sprint,,mobile
1565304122298,enter,b732,sprint,,mobile
1565304143492,respond,q732,sprint,c,mobile
1565304148912,submit,b732,sprint,,mobile
1565304156296,enter,b1007,sprint,,mobile
1565304174739,respond,q1007,sprint,c,mobile
1565304177911,submit,b1007,sprint,,mobile
1565304596509,enter,b1345,review_quiz,,mobile
1565304615376,respond,q1345,review_quiz,c,mobile
1565304619081,submit,b1345,review_quiz,,mobile
1565304625413,enter,b8312,review_quiz,,mobile
1565304644581,respond,q11259,review_quiz,a,mobile
1565304648195,respond,q11259,review_quiz,b,mobile
1565304651235,submit,b8312,review_quiz,,mobile
1565304657398,enter,b1267,review_quiz,,mobile
1565304672802,respond,q1267,review_quiz,b,mobile
1565304676620,submit,b1267,review_quiz,,mobile
1565304687127,enter,b1042,review_quiz,,mobile
1565304704330,respond,q1042,review_quiz,b,mobile
1565304706936,submit,b1042,review_quiz,,mobile
1565304729825,enter,b250,review_quiz,,mobile
1565304749547,respond,q250,review_quiz,c,mobile
1565304752822,submit,b250,review_quiz,,mobile
1565304756503,enter,b326,review_quiz,,mobile
1565304771068,respond,q326,review_quiz,b,mobile
1565304776162,submit,b326,review_quiz,,mobile
1565332068054,enter,b260,review_quiz,,mobile
1565332070776,submit,b260,review_quiz,,mobile
1565332103180,enter,b3369,my_note,,web
1565332107797,respond,q4837,my_note,a,web
1565332111237,respond,q4837,my_note,c,web
1565332113250,submit,b3369,my_note,,web
1565332118359,enter,b11584,my_note,,web
1565332124878,respond,q17347,my_note,b,web
1565332126897,submit,b11584,my_note,,web
1565332129944,enter,b3519,my_note,,web
1565332138725,respond,q4987,my_note,d,web
1565332140915,submit,b3519,my_note,,web
1565332143862,enter,b7352,my_note,,web
1565332157409,respond,q10001,my_note,b,web
1565332163545,submit,b7352,my_note,,web
1565332167195,enter,b4184,my_note,,web
1565332193020,respond,q5652,my_note,d,web
1565332194947,respond,q5652,my_note,c,web
1565332196026,submit,b4184,my_note,,web
1565332207825,enter,b2206,my_note,,web
1565332223891,respond,q3674,my_note,c,web
1565332227591,respond,q3674,my_note,b,web
1565332230329,submit,b2206,my_note,,web
1565332234387,enter,b7168,my_note,,web
1565332245490,respond,q9817,my_note,a,web
1565332249559,submit,b7168,my_note,,web
1565332252881,enter,b4246,my_note,,web
1565332277011,respond,q5714,my_note,b,web
1565332279446,submit,b4246,my_note,,web
1565332288675,enter,b2467,my_note,,web
1565332294450,respond,q3935,my_note,b,web
1565332312362,respond,q3935,my_note,d,web
1565332313236,submit,b2467,my_note,,web
1565332328802,enter,b4058,my_note,,web
1565332335739,respond,q5526,my_note,c,web
1565332341461,respond,q5526,my_note,a,web
1565332344693,submit,b4058,my_note,,web
1565332348065,enter,b4861,my_note,,web
1565332373528,respond,q6329,my_note,d,web
1565332375109,submit,b4861,my_note,,web
1565332396408,enter,b2219,my_note,,web
1565332403976,respond,q3687,my_note,a,web
1565332404742,respond,q3687,my_note,c,web
1565332405406,submit,b2219,my_note,,web
1565332625250,enter,b3412,my_note,,web
1565332627973,respond,q4880,my_note,c,web
1565332629001,submit,b3412,my_note,,web
1565334160662,enter,b4549,my_note,,web
1565334174494,respond,q6017,my_note,a,web
1565334182350,respond,q6017,my_note,c,web
1565334182938,submit,b4549,my_note,,web
1565334186328,enter,b4590,my_note,,web
1565334207937,respond,q6058,my_note,b,web
1565334210964,submit,b4590,my_note,,web
1565334216844,enter,b4762,my_note,,web
1565334222934,respond,q6230,my_note,d,web
1565334223596,submit,b4762,my_note,,web
1565334231208,enter,b4305,my_note,,web
1565334242398,respond,q5773,my_note,c,web
1565334282606,respond,q5773,my_note,b,web
1565334283225,submit,b4305,my_note,,web
1565334286584,enter,b5880,my_note,,web
1565335000485,respond,q8529,my_note,b,web
1565335000899,submit,b5880,my_note,,web
1565335127834,enter,b3043,my_note,,web
1565335134665,respond,q4511,my_note,b,web
1565335142479,submit,b3043,my_note,,web
1565335145987,enter,b5735,my_note,,web
1565335156803,respond,q8384,my_note,d,web
1565335157288,submit,b5735,my_note,,web
1565335160373,enter,b2300,my_note,,web
1565335164563,respond,q3768,my_note,a,web
1565335165208,submit,b2300,my_note,,web
1565335168314,enter,b5677,my_note,,web
1565335197129,respond,q8206,my_note,c,web
1565335197567,submit,b5677,my_note,,web
1565335416537,enter,b4225,my_note,,web
1565335425038,respond,q5693,my_note,d,web
1565335426321,submit,b4225,my_note,,web
1565335433726,enter,b6525,my_note,,web
1565335442913,respond,q9174,my_note,c,web
1565335443307,submit,b6525,my_note,,web
1565335448458,enter,b3855,my_note,,web
1565335461839,respond,q5323,my_note,c,web
1565335462338,submit,b3855,my_note,,web
1565335470743,enter,b4200,my_note,,web
1565335482539,respond,q5668,my_note,a,web
1565335483737,respond,q5668,my_note,d,web
1565335484133,respond,q5668,my_note,a,web
1565335484776,submit,b4200,my_note,,web
1565335491208,enter,b4728,my_note,,web
1565335504010,respond,q6196,my_note,a,web
1565335509317,respond,q6196,my_note,b,web
1565335509962,submit,b4728,my_note,,web
1565335517994,enter,b4249,my_note,,web
1565335531649,respond,q5717,my_note,a,web
1565335532610,submit,b4249,my_note,,web
1565335638968,enter,b3946,my_note,,web
1565335650833,respond,q5414,my_note,b,web
1565335660310,respond,q5414,my_note,d,web
1565335664148,respond,q5414,my_note,a,web
1565335669929,respond,q5414,my_note,d,web
1565335670404,submit,b3946,my_note,,web
1565335690299,enter,b4553,my_note,,web
1565335693369,respond,q6021,my_note,a,web
1565335695052,submit,b4553,my_note,,web
1565335698600,enter,b3420,my_note,,web
1565335711262,respond,q4888,my_note,a,web
1565335717255,respond,q4888,my_note,d,web
1565335717587,respond,q4888,my_note,c,web
1565335717981,submit,b3420,my_note,,web
1565335723327,enter,b3880,my_note,,web
1565335735039,respond,q5348,my_note,d,web
1565335735689,submit,b3880,my_note,,web
1565335739283,enter,b4775,my_note,,web
1565335747625,respond,q6243,my_note,d,web
1565335748462,submit,b4775,my_note,,web
1565335751247,enter,b3435,my_note,,web
1565335754718,respond,q4903,my_note,c,web
1565335756731,submit,b3435,my_note,,web
1565335759982,enter,b4885,my_note,,web
1565335762687,respond,q6353,my_note,a,web
1565335763668,submit,b4885,my_note,,web
1565335803957,enter,b2562,my_note,,web
1565335812215,respond,q4030,my_note,c,web
1565335813027,submit,b2562,my_note,,web
1565335816294,enter,b3780,my_note,,web
1565335829708,respond,q5248,my_note,a,web
1565335837856,submit,b3780,my_note,,web
1565335869996,enter,b7442,my_note,,web
1565335885766,respond,q10091,my_note,b,web
1565335888393,submit,b7442,my_note,,web
1565335893122,enter,b2564,my_note,,web
1565336317257,respond,q4032,my_note,d,web
1565336317816,submit,b2564,my_note,,web
1565336375312,enter,b3015,my_note,,web
1565336384412,respond,q4483,my_note,c,web
1565336385071,submit,b3015,my_note,,web
1565336395757,enter,b3924,my_note,,web
1565336398851,respond,q5392,my_note,b,web
1565336400783,submit,b3924,my_note,,web
1565336406835,enter,b2286,my_note,,web
1565336410403,respond,q3754,my_note,d,web
1565336412887,submit,b2286,my_note,,web
1565336415703,enter,b2557,my_note,,web
1565336431514,respond,q4025,my_note,d,web
1565336432302,submit,b2557,my_note,,web
1565336544653,enter,b2187,my_note,,web
1565336552299,respond,q3655,my_note,a,web
1565336553424,submit,b2187,my_note,,web
1565336556567,enter,b3042,my_note,,web
1565336566768,respond,q4510,my_note,a,web
1565336568803,submit,b3042,my_note,,web
1565336572922,enter,b11541,my_note,,web
1565336587542,respond,q17304,my_note,a,web
1565336590101,submit,b11541,my_note,,web
1565336603092,enter,b2626,my_note,,web
1565336616642,respond,q4094,my_note,c,web
1565336617458,submit,b2626,my_note,,web
1565336621470,enter,b3097,my_note,,web
1565336629597,respond,q4565,my_note,b,web
1565336630236,submit,b3097,my_note,,web
1565336632808,enter,b3092,my_note,,web
1565336635400,respond,q4560,my_note,c,web
1565336638178,submit,b3092,my_note,,web
1565336640737,enter,b2710,my_note,,web
1565336647499,respond,q4178,my_note,b,web
1565336647942,submit,b2710,my_note,,web
1565336650627,enter,b7351,my_note,,web
1565336671181,respond,q10000,my_note,d,web
1565336671786,submit,b7351,my_note,,web
1565336986038,enter,b5130,my_note,,web
1565336996407,respond,q6724,my_note,a,web
1565336996950,submit,b5130,my_note,,web
1565337000829,enter,b4538,my_note,,web
1565337004129,respond,q6006,my_note,a,web
1565337006827,submit,b4538,my_note,,web
1565337010181,enter,b4213,my_note,,web
1565337020471,respond,q5681,my_note,d,web
1565337022239,respond,q5681,my_note,b,web
1565337024530,submit,b4213,my_note,,web
1565337027332,enter,b3763,my_note,,web
1565337033579,respond,q5231,my_note,c,web
1565337034240,submit,b3763,my_note,,web
1565337038701,enter,b3599,my_note,,web
1565337046306,respond,q5067,my_note,b,web
1565337046747,submit,b3599,my_note,,web
1565337050616,enter,b3753,my_note,,web
1565337067461,respond,q5221,my_note,d,web
1565337076148,submit,b3753,my_note,,web
1565337083094,enter,b2447,my_note,,web
1565337085661,respond,q3915,my_note,c,web
1565337086170,submit,b2447,my_note,,web
1565337088613,enter,b5138,my_note,,web
1565337090336,respond,q6732,my_note,a,web
1565337091034,submit,b5138,my_note,,web
1565337093826,enter,b4376,my_note,,web
1565337095652,respond,q5844,my_note,a,web
1565337096029,respond,q5844,my_note,b,web
1565337096793,submit,b4376,my_note,,web
1565337103450,enter,b3933,my_note,,web
1565337121421,respond,q5401,my_note,d,web
1565337121741,submit,b3933,my_note,,web
1565337124758,enter,b3752,my_note,,web
1565337126908,respond,q5220,my_note,b,web
1565337127408,submit,b3752,my_note,,web
1565337130387,enter,b3264,my_note,,web
1565337140452,respond,q4732,my_note,d,web
1565337142000,submit,b3264,my_note,,web
1565337144780,enter,b4922,my_note,,web
1565337161572,respond,q6390,my_note,a,web
1565337162256,submit,b4922,my_note,,web
1565337173854,enter,b3427,my_note,,web
1565337190496,respond,q4895,my_note,b,web
1565337191159,submit,b3427,my_note,,web
1565337302238,enter,b7116,my_note,,web
1565337324130,respond,q9765,my_note,c,web
1565337324637,submit,b7116,my_note,,web
1565337353510,enter,b5034,my_note,,web
1565337356622,respond,q6502,my_note,d,web
1565337358926,submit,b5034,my_note,,web
1565337362727,enter,b2306,my_note,,web
1565337365224,respond,q3774,my_note,d,web
1565337366972,submit,b2306,my_note,,web
1565337379800,enter,b4991,my_note,,web
1565337383022,respond,q6459,my_note,c,web
1565337384483,submit,b4991,my_note,,web
1565337387804,enter,b3970,my_note,,web
1565337391399,respond,q5438,my_note,a,web
1565337393012,submit,b3970,my_note,,web
1565337395937,enter,b11493,my_note,,web
1565337399895,respond,q17256,my_note,c,web
1565337400502,submit,b11493,my_note,,web
1565337403188,enter,b3047,my_note,,web
1565337411266,respond,q4515,my_note,b,web
1565337416843,submit,b3047,my_note,,web
1565337424193,enter,b3925,my_note,,web
1565337433456,respond,q5393,my_note,c,web
1565337441741,respond,q5393,my_note,d,web
1565337443542,respond,q5393,my_note,a,web
1565337444154,submit,b3925,my_note,,web
1565337448099,enter,b4299,my_note,,web
1565337464630,respond,q5767,my_note,d,web
1565337465853,respond,q5767,my_note,a,web
1565337468087,respond,q5767,my_note,b,web
1565337471609,submit,b4299,my_note,,web
1565337481807,enter,b7511,my_note,,web
1565337495320,respond,q10160,my_note,c,web
1565337496281,submit,b7511,my_note,,web
1565337498731,enter,b2368,my_note,,web
1565337502077,respond,q3836,my_note,d,web
1565337503509,respond,q3836,my_note,a,web
1565337507608,submit,b2368,my_note,,web
1565337510022,enter,b5806,my_note,,web
1565337517461,respond,q8455,my_note,d,web
1565337519841,submit,b5806,my_note,,web
1565337524716,enter,b11720,my_note,,web
1565337537464,respond,q17577,my_note,b,web
1565337543746,respond,q17577,my_note,d,web
1565337553964,respond,q17577,my_note,a,web
1565337558276,respond,q17577,my_note,b,web
1565337558971,respond,q17577,my_note,c,web
1565337559719,submit,b11720,my_note,,web
1565337564361,enter,b3853,my_note,,web
1565337573602,respond,q5321,my_note,a,web
1565337578026,respond,q5321,my_note,b,web
1565337579639,submit,b3853,my_note,,web
1565337585084,enter,b4688,my_note,,web
1565337587875,respond,q6156,my_note,c,web
1565337588826,respond,q6156,my_note,b,web
1565337589211,respond,q6156,my_note,c,web
1565337589472,respond,q6156,my_note,b,web
1565337589739,respond,q6156,my_note,c,web
1565337589995,respond,q6156,my_note,b,web
1565337590300,respond,q6156,my_note,c,web
1565337590655,respond,q6156,my_note,b,web
1565337590948,respond,q6156,my_note,c,web
1565337591551,respond,q6156,my_note,b,web
1565337591920,respond,q6156,my_note,c,web
1565337594475,respond,q6156,my_note,b,web
1565337594843,respond,q6156,my_note,c,web
1565337595195,respond,q6156,my_note,b,web
1565337599754,respond,q6156,my_note,c,web
1565337600511,submit,b4688,my_note,,web
1565337606899,enter,b4787,my_note,,web
1565337614443,respond,q6255,my_note,b,web
1565337615256,submit,b4787,my_note,,web
1565337629238,enter,b2851,my_note,,web
1565337640738,respond,q4319,my_note,b,web
1565337641452,submit,b2851,my_note,,web
1565337649452,enter,b3768,my_note,,web
1565337662132,respond,q5236,my_note,a,web
1565337663110,submit,b3768,my_note,,web
1565337670747,enter,b6277,my_note,,web
1565337686633,respond,q8926,my_note,c,web
1565337688673,respond,q8926,my_note,a,web
1565337689228,submit,b6277,my_note,,web
1565337692727,enter,b4720,my_note,,web
1565337694846,respond,q6188,my_note,b,web
1565337695381,submit,b4720,my_note,,web
1565337699617,enter,b2256,my_note,,web
1565337723552,respond,q3724,my_note,b,web
1565337725652,submit,b2256,my_note,,web
1565337730190,enter,b3014,my_note,,web
1565337734673,respond,q4482,my_note,a,web
1565337735901,submit,b3014,my_note,,web
1565337739203,enter,b7138,my_note,,web
1565337749161,respond,q9787,my_note,d,web
1565337750648,respond,q9787,my_note,a,web
1565337751271,submit,b7138,my_note,,web
1565337753990,enter,b3077,my_note,,web
1565337761626,respond,q4545,my_note,c,web
1565337763398,submit,b3077,my_note,,web
1565337766108,enter,b2934,my_note,,web
1565337771945,respond,q4402,my_note,a,web
1565337773814,submit,b2934,my_note,,web
1565337776698,enter,b2227,my_note,,web
1565337780512,respond,q3695,my_note,b,web
1565337787967,respond,q3695,my_note,a,web
1565337788787,submit,b2227,my_note,,web
1565337793491,enter,b4719,my_note,,web
1565337805606,respond,q6187,my_note,b,web
1565337806244,submit,b4719,my_note,,web
1565338010062,enter,b2509,my_note,,web
1565338025403,respond,q3977,my_note,a,web
1565338026689,submit,b2509,my_note,,web
1565338030547,enter,b6756,my_note,,web
1565338038603,respond,q9405,my_note,d,web
1565338041875,respond,q9405,my_note,a,web
1565338042539,respond,q9405,my_note,b,web
1565338044176,submit,b6756,my_note,,web
1565338056453,enter,b3041,my_note,,web
1565338066643,respond,q4509,my_note,c,web
1565338067216,submit,b3041,my_note,,web
1565338073377,enter,b3023,my_note,,web
1565338106868,respond,q4491,my_note,d,web
1565338108504,submit,b3023,my_note,,web
1565338111137,enter,b2453,my_note,,web
1565338117090,respond,q3921,my_note,a,web
1565338118910,submit,b2453,my_note,,web
1565338126303,enter,b2698,my_note,,web
1565338128164,respond,q4166,my_note,d,web
1565338129568,respond,q4166,my_note,b,web
1565338130253,submit,b2698,my_note,,web
1565338132817,enter,b2728,my_note,,web
1565338142066,respond,q4196,my_note,d,web
1565338144085,submit,b2728,my_note,,web
1565338146973,enter,b4744,my_note,,web
1565338150065,respond,q6212,my_note,d,web
1565338156993,respond,q6212,my_note,b,web
1565338157936,respond,q6212,my_note,d,web
1565338158359,submit,b4744,my_note,,web
1565352537417,enter,b1384,my_note,,web
1565352551566,respond,q1384,my_note,c,web
1565352554901,submit,b1384,my_note,,web
1565352558688,enter,b1267,my_note,,web
1565352577806,respond,q1267,my_note,a,web
1565352579661,submit,b1267,my_note,,web
1565352583272,enter,b626,my_note,,web
1565352596088,respond,q626,my_note,b,web
1565352598522,submit,b626,my_note,,web
1565352605195,enter,b243,my_note,,web
1565352614011,respond,q243,my_note,a,web
1565352622735,respond,q243,my_note,c,web
1565352624211,submit,b243,my_note,,web
1565352701808,enter,b635,my_note,,web
1565352716455,respond,q635,my_note,b,web
1565352718228,submit,b635,my_note,,web
1565352723948,enter,b1316,my_note,,web
1565352740882,respond,q1316,my_note,b,web
1565352741999,submit,b1316,my_note,,web
1565352749945,enter,b643,my_note,,web
1565352761894,respond,q643,my_note,b,web
1565352764959,submit,b643,my_note,,web
1565352773730,enter,b1060,my_note,,web
1565352788782,respond,q1060,my_note,c,web
1565352790065,submit,b1060,my_note,,web
1565352797873,enter,b581,my_note,,web
1565352818383,respond,q581,my_note,b,web
1565352819638,submit,b581,my_note,,web
1565352826602,enter,b583,my_note,,web
1565352840982,respond,q583,my_note,b,web
1565352847056,submit,b583,my_note,,web
1565352871499,enter,b8314,my_note,,web
1565352888337,respond,q11261,my_note,c,web
1565352889738,submit,b8314,my_note,,web
1565352907497,enter,b878,my_note,,web
1565352924606,respond,q878,my_note,a,web
1565352925629,submit,b878,my_note,,web
1565352938546,enter,b1203,my_note,,web
1565352951447,respond,q1203,my_note,b,web
1565352954461,submit,b1203,my_note,,web
1565352965310,enter,b336,my_note,,web
1565352979562,respond,q336,my_note,b,web
1565352982346,submit,b336,my_note,,web
1565352997997,enter,b1120,my_note,,web
1565353016652,respond,q1120,my_note,a,web
1565353018174,respond,q1120,my_note,b,web
1565353019272,submit,b1120,my_note,,web
1565353034329,enter,b869,my_note,,web
1565353050474,respond,q869,my_note,b,web
1565353051564,submit,b869,my_note,,web
1565353061602,enter,b739,my_note,,web
1565353076888,respond,q739,my_note,c,web
1565353078020,submit,b739,my_note,,web
1565354229455,enter,b796,my_note,,web
1565354245499,respond,q796,my_note,a,web
1565354246739,submit,b796,my_note,,web
1565354254081,enter,b1368,my_note,,web
1565354271993,respond,q1368,my_note,b,web
1565354272924,submit,b1368,my_note,,web
1565354373046,enter,b759,my_note,,web
1565354390649,respond,q759,my_note,c,web
1565354391665,submit,b759,my_note,,web
1565354429062,enter,b1314,my_note,,web
1565354446268,respond,q1314,my_note,c,web
1565354447777,submit,b1314,my_note,,web
1565354457575,enter,b241,my_note,,web
1565354470203,respond,q241,my_note,b,web
1565354471493,submit,b241,my_note,,web
1565354617420,enter,b1132,my_note,,web
1565354631322,respond,q1132,my_note,b,web
1565354634754,submit,b1132,my_note,,web
1565354642948,enter,b758,my_note,,web
1565354652422,respond,q758,my_note,a,web
1565354653682,submit,b758,my_note,,web
1565354683997,enter,b209,my_note,,web
1565354696709,respond,q209,my_note,b,web
1565354699546,respond,q209,my_note,c,web
1565354701567,respond,q209,my_note,b,web
1565354702669,submit,b209,my_note,,web
1565354955787,enter,b1000,my_note,,web
1565354967300,respond,q1000,my_note,b,web
1565354972074,submit,b1000,my_note,,web
1565354987530,enter,b1066,my_note,,web
1565354997944,respond,q1066,my_note,b,web
1565354999552,submit,b1066,my_note,,web
1565355009466,enter,b526,my_note,,web
1565355023905,respond,q526,my_note,b,web
1565355025598,submit,b526,my_note,,web
1565355029453,enter,b1359,my_note,,web
1565355042651,respond,q1359,my_note,a,web
1565355046884,submit,b1359,my_note,,web
1565355050650,enter,b774,my_note,,web
1565355064478,respond,q774,my_note,b,web
1565355067490,submit,b774,my_note,,web
1565355076062,enter,b259,my_note,,web
1565355084677,respond,q259,my_note,a,web
1565355085972,submit,b259,my_note,,web
1565355089522,enter,b921,my_note,,web
1565355098432,respond,q921,my_note,a,web
1565355099377,submit,b921,my_note,,web
1565355114165,enter,b501,my_note,,web
1565355130445,respond,q501,my_note,c,web
1565355132132,submit,b501,my_note,,web
1565355143860,enter,b1088,my_note,,web
1565355153925,respond,q1088,my_note,a,web
1565355173400,respond,q1088,my_note,c,web
1565355174220,submit,b1088,my_note,,web
1565355209957,enter,b200,my_note,,web
1565355223438,respond,q200,my_note,b,web
1565355228008,respond,q200,my_note,c,web
1565355228857,submit,b200,my_note,,web
1565355233803,enter,b527,my_note,,web
1565355252041,respond,q527,my_note,b,web
1565355252898,submit,b527,my_note,,web
1565355257930,enter,b236,my_note,,web
1565355274537,respond,q236,my_note,c,web
1565355275630,submit,b236,my_note,,web
1565355278466,enter,b224,my_note,,web
1565355295768,respond,q224,my_note,c,web
1565355296577,submit,b224,my_note,,web
1565355299606,enter,b539,my_note,,web
1565355315890,respond,q539,my_note,a,web
1565355318234,submit,b539,my_note,,web
1565355327888,enter,b1075,my_note,,web
1565355341547,respond,q1075,my_note,b,web
1565355343413,submit,b1075,my_note,,web
1565355350999,enter,b404,my_note,,web
1565355362810,respond,q404,my_note,b,web
1565355363961,submit,b404,my_note,,web
1565355368151,enter,b447,my_note,,web
1565355377115,respond,q447,my_note,a,web
1565355379098,submit,b447,my_note,,web
1565355382903,enter,b982,my_note,,web
1565355398795,respond,q982,my_note,c,web
1565355402719,respond,q982,my_note,b,web
1565355403659,submit,b982,my_note,,web
1565355411371,enter,b612,my_note,,web
1565355420562,respond,q612,my_note,a,web
1565355421623,submit,b612,my_note,,web
1565355426749,enter,b666,my_note,,web
1565355435955,respond,q666,my_note,b,web
1565355442396,respond,q666,my_note,c,web
1565355444186,submit,b666,my_note,,web
1565355454151,enter,b1250,my_note,,web
1565355471117,respond,q1250,my_note,c,web
1565355471997,submit,b1250,my_note,,web
1565355481892,enter,b403,my_note,,web
1565355492558,respond,q403,my_note,a,web
1565355496483,respond,q403,my_note,b,web
1565355497728,submit,b403,my_note,,web
1565355501035,enter,b1118,my_note,,web
1565355509535,respond,q1118,my_note,a,web
1565355510665,submit,b1118,my_note,,web
1565355514487,enter,b369,my_note,,web
1565355531802,respond,q369,my_note,b,web
1565355533711,submit,b369,my_note,,web
1565355539278,enter,b254,my_note,,web
1565355548780,respond,q254,my_note,a,web
1565355552121,submit,b254,my_note,,web
1565355638615,enter,b1370,my_note,,web
1565355650909,respond,q1370,my_note,b,web
1565355655289,respond,q1370,my_note,c,web
1565355656528,submit,b1370,my_note,,web
1565355669153,enter,b652,my_note,,web
1565355685924,respond,q652,my_note,c,web
1565355686921,submit,b652,my_note,,web
1565355699798,enter,b1394,my_note,,web
1565355709904,respond,q1394,my_note,a,web
1565355713879,submit,b1394,my_note,,web
1565355745545,enter,b1120,adaptive_offer,,web
1565355760266,respond,q1120,adaptive_offer,c,web
1565355761514,submit,b1120,adaptive_offer,,web
1565355766191,enter,b1118,adaptive_offer,,web
1565355775163,respond,q1118,adaptive_offer,a,web
1565355776745,submit,b1118,adaptive_offer,,web
1565355782362,enter,b1088,adaptive_offer,,web
1565355791396,respond,q1088,adaptive_offer,a,web
1565355792287,submit,b1088,adaptive_offer,,web
1565355798192,enter,b224,adaptive_offer,,web
1565355804318,respond,q224,adaptive_offer,c,web
1565355805230,submit,b224,adaptive_offer,,web
1565355811463,enter,b652,adaptive_offer,,web
1565355816415,respond,q652,adaptive_offer,a,web
1565355817619,respond,q652,adaptive_offer,c,web
1565355818567,submit,b652,adaptive_offer,,web
1565440656854,enter,b378,sprint,,mobile
1565440676135,respond,q378,sprint,c,mobile
1565440679256,submit,b378,sprint,,mobile
1565440685027,enter,b818,sprint,,mobile
1565440694769,respond,q818,sprint,a,mobile
1565440697718,submit,b818,sprint,,mobile
1565440701618,enter,b924,sprint,,mobile
1565440720995,respond,q924,sprint,c,mobile
1565440723185,submit,b924,sprint,,mobile
1565440729427,enter,b633,sprint,,mobile
1565440747684,respond,q633,sprint,c,mobile
1565440750560,submit,b633,sprint,,mobile
1565440756912,enter,b285,sprint,,mobile
1565440776874,respond,q285,sprint,c,mobile
1565440778495,respond,q285,sprint,a,mobile
1565440781384,submit,b285,sprint,,mobile
1565440787487,enter,b448,sprint,,mobile
1565440805581,respond,q448,sprint,b,mobile
1565440808509,submit,b448,sprint,,mobile
1565440814944,enter,b854,sprint,,mobile
1565440832706,respond,q854,sprint,b,mobile
1565440835651,submit,b854,sprint,,mobile
1565440841413,enter,b283,sprint,,mobile
1565440857060,respond,q283,sprint,a,mobile
1565440859212,submit,b283,sprint,,mobile
1565440863472,enter,b956,sprint,,mobile
1565440884988,respond,q956,sprint,b,mobile
1565440889210,submit,b956,sprint,,mobile
1565440895294,enter,b750,sprint,,mobile
1565440908876,respond,q750,sprint,b,mobile
1565440915101,submit,b750,sprint,,mobile
1565441062496,enter,b2310,sprint,,mobile
1565441066583,respond,q3778,sprint,c,mobile
1565441073326,submit,b2310,sprint,,mobile
1565441078562,enter,b6219,sprint,,mobile
1565441085113,respond,q8868,sprint,c,mobile
1565441088381,submit,b6219,sprint,,mobile
1565441117411,enter,b2520,sprint,,mobile
1565441134354,respond,q3988,sprint,a,mobile
1565441155037,submit,b2520,sprint,,mobile
1565441164821,enter,b4302,sprint,,mobile
1565441173322,respond,q5770,sprint,a,mobile
1565441175696,respond,q5770,sprint,b,mobile
1565441179305,submit,b4302,sprint,,mobile
1565441202911,enter,b4920,sprint,,mobile
1565441220992,respond,q6388,sprint,c,mobile
1565441224044,submit,b4920,sprint,,mobile
1565441229736,enter,b11401,sprint,,mobile
1565441241032,respond,q17164,sprint,a,mobile
1565441242087,respond,q17164,sprint,b,mobile
1565441244841,submit,b11401,sprint,,mobile
1565441271924,enter,b6004,sprint,,mobile
1565441292613,respond,q8653,sprint,b,mobile
1565441295425,submit,b6004,sprint,,mobile
1565441303667,enter,b5055,sprint,,mobile
1565441328973,respond,q6523,sprint,d,mobile
1565441337210,submit,b5055,sprint,,mobile
1565441351867,enter,b3939,sprint,,mobile
1565441380903,respond,q5407,sprint,c,mobile
1565441383903,submit,b3939,sprint,,mobile
1565441398399,enter,b7657,sprint,,mobile
1565441409751,respond,q10306,sprint,a,mobile
1565441413016,respond,q10306,sprint,c,mobile
1565441415655,submit,b7657,sprint,,mobile
1565442083506,enter,b3860,adaptive_offer,,mobile
1565442087889,respond,q5328,adaptive_offer,b,mobile
1565442091747,submit,b3860,adaptive_offer,,mobile
1565442097284,enter,b5029,adaptive_offer,,mobile
1565442100653,respond,q6497,adaptive_offer,d,mobile
1565442105931,submit,b5029,adaptive_offer,,mobile
1565442124069,enter,b3135,sprint,,mobile
1565442140416,respond,q4603,sprint,d,mobile
1565442144083,respond,q4603,sprint,c,mobile
1565442148940,submit,b3135,sprint,,mobile
1565454220323,enter,b3870,sprint,,mobile
1565454226515,respond,q5338,sprint,d,mobile
1565454232095,respond,q5338,sprint,d,mobile
1565454243419,respond,q5338,sprint,a,mobile
1565454249297,respond,q5338,sprint,d,mobile
1565454252005,submit,b3870,sprint,,mobile
1565454264240,enter,b5952,sprint,,mobile
1565454284467,respond,q8601,sprint,b,mobile
1565454294079,submit,b5952,sprint,,mobile
1565454314938,enter,b3851,sprint,,mobile
1565454327095,respond,q5319,sprint,c,mobile
1565454330228,submit,b3851,sprint,,mobile
1565454334993,enter,b2617,sprint,,mobile
1565454357899,respond,q4085,sprint,d,mobile
1565454364121,submit,b2617,sprint,,mobile
1565454379323,enter,b2783,sprint,,mobile
1565454396651,respond,q4251,sprint,d,mobile
1565454399964,submit,b2783,sprint,,mobile
1565454403806,enter,b5902,sprint,,mobile
1565454429960,respond,q8551,sprint,a,mobile
1565454433449,submit,b5902,sprint,,mobile
1565454441387,enter,b3062,sprint,,mobile
1565454463098,respond,q4530,sprint,d,mobile
1565454467576,respond,q4530,sprint,b,mobile
1565454478917,submit,b3062,sprint,,mobile
1565454488755,enter,b4588,sprint,,mobile
1565454530139,respond,q6056,sprint,b,mobile
1565454550477,respond,q6056,sprint,d,mobile
1565454558170,respond,q6056,sprint,c,mobile
1565454563623,respond,q6056,sprint,d,mobile
1565454574255,respond,q6056,sprint,b,mobile
1565454577005,submit,b4588,sprint,,mobile
1565454584748,enter,b4314,sprint,,mobile
1565454590911,respond,q5782,sprint,c,mobile
1565454594424,submit,b4314,sprint,,mobile
1565454598972,enter,b7288,sprint,,mobile
1565454623452,respond,q9937,sprint,d,mobile
1565454633836,respond,q9937,sprint,c,mobile
1565454634281,respond,q9937,sprint,d,mobile
1565454637739,submit,b7288,sprint,,mobile
1565745537937,enter,b5043,sprint,,web
1565745557531,respond,q6511,sprint,a,web
1565745562131,respond,q6511,sprint,c,web
1565745568715,respond,q6511,sprint,a,web
1565745571812,respond,q6511,sprint,c,web
1565745572448,submit,b5043,sprint,,web
1565745586755,enter,b2925,sprint,,web
1565745602563,respond,q4393,sprint,a,web
1565745609734,submit,b2925,sprint,,web
1565745622034,enter,b2224,sprint,,web
1565745657073,respond,q3692,sprint,a,web
1565745658128,submit,b2224,sprint,,web
1565745714410,enter,b5964,sprint,,web
1565745736750,respond,q8613,sprint,a,web
1565745739490,submit,b5964,sprint,,web
1565745838699,enter,b2415,sprint,,web
1565745851983,respond,q3883,sprint,b,web
1565745853426,submit,b2415,sprint,,web
1565745859487,enter,b2475,sprint,,web
1565745870772,respond,q3943,sprint,d,web
1565745871200,submit,b2475,sprint,,web
1565746001293,enter,b3317,sprint,,web
1565746012615,respond,q4785,sprint,d,web
1565746015467,submit,b3317,sprint,,web
1565746021288,enter,b11497,sprint,,web
1565746043902,respond,q17260,sprint,b,web
1565746048643,submit,b11497,sprint,,web
1565746072093,enter,b2573,sprint,,web
1565746088893,respond,q4041,sprint,a,web
1565746090150,respond,q4041,sprint,b,web
1565746096924,respond,q4041,sprint,d,web
1565746101324,respond,q4041,sprint,a,web
1565746101778,submit,b2573,sprint,,web
1565746159884,enter,b4604,sprint,,web
1565746168619,respond,q6072,sprint,a,web
1565746173437,submit,b4604,sprint,,web
1565885219164,enter,b645,sprint,,mobile
1565885236660,respond,q645,sprint,a,mobile
1565885241391,submit,b645,sprint,,mobile
1565885246935,enter,b1335,sprint,,mobile
1565885263743,respond,q1335,sprint,b,mobile
1565885267958,submit,b1335,sprint,,mobile
1565885288306,enter,b814,sprint,,mobile
1565885306091,respond,q814,sprint,c,mobile
1565885310036,submit,b814,sprint,,mobile
1565885325748,enter,b788,sprint,,mobile
1565885341394,respond,q788,sprint,c,mobile
1565885344448,submit,b788,sprint,,mobile
1565885359534,enter,b291,sprint,,mobile
1565885375010,respond,q291,sprint,c,mobile
1565885386599,respond,q291,sprint,a,mobile
1565885387236,respond,q291,sprint,c,mobile
1565885387740,respond,q291,sprint,a,mobile
1565885390414,submit,b291,sprint,,mobile
1565885401994,enter,b294,sprint,,mobile
1565885418812,respond,q294,sprint,a,mobile
1565885421536,submit,b294,sprint,,mobile
1565885428045,enter,b985,sprint,,mobile
1565885444212,respond,q985,sprint,c,mobile
1565885448017,submit,b985,sprint,,mobile
1565885453359,enter,b1097,sprint,,mobile
1565885467392,respond,q1097,sprint,b,mobile
1565885472024,submit,b1097,sprint,,mobile
1565885476400,enter,b725,sprint,,mobile
1565885492763,respond,q725,sprint,c,mobile
1565885496497,submit,b725,sprint,,mobile
1565885503701,enter,b767,sprint,,mobile
1565885517597,respond,q767,sprint,c,mobile
1565885521072,submit,b767,sprint,,mobile
1565885573267,enter,b938,sprint,,mobile
1565885587772,respond,q938,sprint,a,mobile
1565885591804,respond,q938,sprint,c,mobile
1565885594811,submit,b938,sprint,,mobile
1565885602020,enter,b561,sprint,,mobile
1565885614094,respond,q561,sprint,a,mobile
1565885618492,respond,q561,sprint,b,mobile
1565885620366,respond,q561,sprint,a,mobile
1565885622907,submit,b561,sprint,,mobile
1565885640535,enter,b263,sprint,,mobile
1565885652599,respond,q263,sprint,b,mobile
1565885658703,submit,b263,sprint,,mobile
1565885663475,enter,b584,sprint,,mobile
1565885673501,respond,q584,sprint,a,mobile
1565885676729,submit,b584,sprint,,mobile
1565885683551,enter,b582,sprint,,mobile
1565885700770,respond,q582,sprint,c,mobile
1565885702659,respond,q582,sprint,b,mobile
1565885712463,submit,b582,sprint,,mobile
1565885721006,enter,b724,sprint,,mobile
1565885729812,respond,q724,sprint,a,mobile
1565885733555,submit,b724,sprint,,mobile
1565885739975,enter,b569,sprint,,mobile
1565885749443,respond,q569,sprint,a,mobile
1565885756807,submit,b569,sprint,,mobile
1565885761386,enter,b1052,sprint,,mobile
1565885780479,respond,q1052,sprint,b,mobile
1565885789167,submit,b1052,sprint,,mobile
1565885795471,enter,b1239,sprint,,mobile
1565885805697,respond,q1239,sprint,a,mobile
1565885811804,respond,q1239,sprint,b,mobile
1565885815587,submit,b1239,sprint,,mobile
1565885819743,enter,b1003,sprint,,mobile
1565885834273,respond,q1003,sprint,b,mobile
1565885838449,respond,q1003,sprint,c,mobile
1565885841172,submit,b1003,sprint,,mobile
1566006668782,enter,b3783,sprint,,web
1566006669323,respond,q5251,sprint,b,web
1566006684078,respond,q5251,sprint,a,web
1566006684972,submit,b3783,sprint,,web
1566006700965,enter,b6154,sprint,,web
1566006727075,respond,q8803,sprint,b,web
1566006743900,respond,q8803,sprint,a,web
1566006744995,submit,b6154,sprint,,web
1566006757678,enter,b2940,sprint,,web
1566006767586,respond,q4408,sprint,c,web
1566006771595,respond,q4408,sprint,a,web
1566006775540,respond,q4408,sprint,c,web
1566006776000,submit,b2940,sprint,,web
1566006781543,enter,b2967,sprint,,web
1566006786810,respond,q4435,sprint,a,web
1566006796495,submit,b2967,sprint,,web
1566006805807,enter,b2574,sprint,,web
1566006845482,respond,q4042,sprint,b,web
1566006849307,submit,b2574,sprint,,web
1566006860715,enter,b6813,sprint,,web
1566006879238,respond,q9462,sprint,a,web
1566006879905,submit,b6813,sprint,,web
1566007018759,enter,b2443,sprint,,web
1566007033024,respond,q3911,sprint,b,web
1566007034866,submit,b2443,sprint,,web
1566007077781,enter,b4909,sprint,,web
1566007097614,respond,q6377,sprint,c,web
1566007098113,submit,b4909,sprint,,web
1566007105718,enter,b5079,sprint,,web
1566007112490,respond,q6547,sprint,c,web
1566007129429,respond,q6547,sprint,d,web
1566007131936,submit,b5079,sprint,,web
1566007176314,respond,q10328,sprint,b,web
1566007238230,enter,b2533,sprint,,web
1566007246384,respond,q4001,sprint,b,web
1566007250714,respond,q4001,sprint,a,web
1566007253704,submit,b2533,sprint,,web
1566007632079,enter,b3048,sprint,,web
1566007635835,respond,q4516,sprint,c,web
1566007636118,submit,b3048,sprint,,web
1566007640044,enter,b6036,sprint,,web
1566007656865,respond,q8685,sprint,b,web
1566007658238,submit,b6036,sprint,,web
1566007669368,enter,b11457,sprint,,web
1566007675506,respond,q17220,sprint,d,web
1566007681911,submit,b11457,sprint,,web
1566007692182,enter,b3926,sprint,,web
1566007702727,respond,q5394,sprint,d,web
1566007703421,submit,b3926,sprint,,web
1566007713326,enter,b2804,sprint,,web
1566007737247,respond,q4272,sprint,b,web
1566007738446,submit,b2804,sprint,,web
1566007751303,enter,b4995,sprint,,web
1566007763808,respond,q6463,sprint,d,web
1566007830804,respond,q6463,sprint,c,web
1566007831449,respond,q6463,sprint,d,web
1566007832923,submit,b4995,sprint,,web
1566007862753,enter,b6785,sprint,,web
1566007881710,respond,q9434,sprint,c,web
1566007882158,submit,b6785,sprint,,web
1566007924523,enter,b3895,sprint,,web
1566007941851,respond,q5363,sprint,b,web
1566007942772,submit,b3895,sprint,,web
1566007963987,respond,q5656,sprint,a,web
1566007973137,respond,q5656,sprint,c,web
1566008738725,enter,b3053,adaptive_offer,,web
1566008750505,respond,q4521,adaptive_offer,c,web
1566008754689,respond,q4521,adaptive_offer,a,web
1566008755381,submit,b3053,adaptive_offer,,web
1566008759607,enter,b2809,adaptive_offer,,web
1566008769522,respond,q4277,adaptive_offer,b,web
1566008770170,submit,b2809,adaptive_offer,,web
1566195882226,enter,b4276,sprint,,web
1566195891933,respond,q5744,sprint,c,web
1566195893608,submit,b4276,sprint,,web
1566195899897,enter,b3380,sprint,,web
1566195916639,respond,q4848,sprint,d,web
1566195919700,submit,b3380,sprint,,web
1566195925651,enter,b4040,sprint,,web
1566195931807,respond,q5508,sprint,b,web
1566195932324,submit,b4040,sprint,,web
1566195937962,enter,b4691,sprint,,web
1566195954326,respond,q6159,sprint,d,web
1566195961975,respond,q6159,sprint,b,web
1566195964024,respond,q6159,sprint,c,web
1566195964315,submit,b4691,sprint,,web
1566195987996,enter,b4023,sprint,,web
1566195990190,respond,q5491,sprint,a,web
1566195992955,submit,b4023,sprint,,web
1566195997238,enter,b6758,sprint,,web
1566196005037,respond,q9407,sprint,b,web
1566196007305,submit,b6758,sprint,,web
1566196012803,enter,b3995,sprint,,web
1566196021909,respond,q5463,sprint,a,web
1566196026338,submit,b3995,sprint,,web
1566196035829,enter,b6957,sprint,,web
1566196093332,respond,q9606,sprint,a,web
1566196094891,submit,b6957,sprint,,web
1566196446180,enter,b4674,sprint,,web
1566196461494,respond,q6142,sprint,b,web
1566196463228,submit,b4674,sprint,,web
1566196467843,enter,b5917,sprint,,web
1566196482477,respond,q8566,sprint,b,web
1566196487958,respond,q8566,sprint,d,web
1566196493136,respond,q8566,sprint,b,web
1566196493496,submit,b5917,sprint,,web
1566260942782,enter,b2678,sprint,,web
1566260964683,respond,q4146,sprint,a,web
1566260983418,submit,b2678,sprint,,web
1566261003600,enter,b4695,sprint,,web
1566261006818,respond,q6163,sprint,b,web
1566261010262,submit,b4695,sprint,,web
1566261019910,enter,b3775,sprint,,web
1566261034251,respond,q5243,sprint,a,web
1566261036023,submit,b3775,sprint,,web
1566261041310,enter,b6327,sprint,,web
1566261045539,respond,q8976,sprint,c,web
1566261052727,submit,b6327,sprint,,web
1566261063163,enter,b3286,sprint,,web
1566261069308,respond,q4754,sprint,a,web
1566261072846,submit,b3286,sprint,,web
1566261081120,enter,b4069,sprint,,web
1566261115680,respond,q5537,sprint,a,web
1566261133006,submit,b4069,sprint,,web
1566261187860,enter,b3140,sprint,,web
1566261201486,respond,q4608,sprint,a,web
1566261203887,respond,q4608,sprint,c,web
1566261204604,submit,b3140,sprint,,web
1566261210418,enter,b7100,sprint,,web
1566261217233,respond,q9749,sprint,b,web
1566261221659,submit,b7100,sprint,,web
1566261352137,enter,b4219,sprint,,web
1566261374101,respond,q5687,sprint,b,web
1566261378794,respond,q5687,sprint,d,web
1566261381655,submit,b4219,sprint,,web
1566261410764,enter,b2302,sprint,,web
1566261431948,respond,q3770,sprint,a,web
1566261433267,respond,q3770,sprint,d,web
1566261435537,submit,b2302,sprint,,web
1566261898745,enter,b2441,adaptive_offer,,web
1566261907732,respond,q3909,adaptive_offer,a,web
1566261909824,submit,b2441,adaptive_offer,,web
1566261919845,enter,b4219,adaptive_offer,,web
1566261922752,respond,q5687,adaptive_offer,b,web
1566261927248,submit,b4219,adaptive_offer,,web
1566315434446,enter,b375,sprint,,mobile
1566315453558,respond,q375,sprint,b,mobile
1566315457165,submit,b375,sprint,,mobile
1566315484862,enter,b1142,sprint,,mobile
1566315495777,respond,q1142,sprint,b,mobile
1566315499239,submit,b1142,sprint,,mobile
1566315503813,enter,b742,sprint,,mobile
1566315517930,respond,q742,sprint,b,mobile
1566315522802,submit,b742,sprint,,mobile
1566315530945,enter,b846,sprint,,mobile
1566315545329,respond,q846,sprint,b,mobile
1566315550243,submit,b846,sprint,,mobile
1566315554505,enter,b646,sprint,,mobile
1566315570537,respond,q646,sprint,c,mobile
1566315573684,submit,b646,sprint,,mobile
1566315579084,enter,b1360,sprint,,mobile
1566315591900,respond,q1360,sprint,b,mobile
1566315595390,respond,q1360,sprint,c,mobile
1566315598150,submit,b1360,sprint,,mobile
1566315604674,enter,b676,sprint,,mobile
1566315621856,respond,q676,sprint,c,mobile
1566315625803,submit,b676,sprint,,mobile
1566315636679,enter,b1249,sprint,,mobile
1566315653999,respond,q1249,sprint,c,mobile
1566315658270,submit,b1249,sprint,,mobile
1566315665918,enter,b312,sprint,,mobile
1566315679831,respond,q312,sprint,c,mobile
1566315684074,submit,b312,sprint,,mobile
1566315688447,enter,b699,sprint,,mobile
1566315699478,respond,q699,sprint,a,mobile
1566315705665,respond,q699,sprint,c,mobile
1566315708647,submit,b699,sprint,,mobile
1566460414241,enter,b4270,sprint,,web
1566460454796,respond,q5738,sprint,a,web
1566460462628,submit,b4270,sprint,,web
1566460505093,enter,b6449,sprint,,web
1566460514332,respond,q9098,sprint,d,web
1566460515963,submit,b6449,sprint,,web
1566460522907,enter,b2885,sprint,,web
1566460536024,respond,q4353,sprint,b,web
1566460539855,submit,b2885,sprint,,web
1566460548828,enter,b4170,sprint,,web
1566460562157,respond,q5638,sprint,c,web
1566460563206,submit,b4170,sprint,,web
1566460571569,enter,b3945,sprint,,web
1566460624865,respond,q5413,sprint,a,web
1566460625863,respond,q5413,sprint,d,web
1566460626152,submit,b3945,sprint,,web
1566460631310,enter,b6754,sprint,,web
1566460652799,respond,q9403,sprint,c,web
1566460656185,submit,b6754,sprint,,web
1566460675575,enter,b3110,sprint,,web
1566460694024,respond,q4578,sprint,c,web
1566460694667,submit,b3110,sprint,,web
1566460700794,enter,b3641,sprint,,web
1566460713707,respond,q5109,sprint,d,web
1566460714091,submit,b3641,sprint,,web
1566460721750,enter,b4272,sprint,,web
1566460882474,respond,q5740,sprint,a,web
1566460883589,submit,b4272,sprint,,web
1566460891415,enter,b7020,sprint,,web
1566460897611,respond,q9669,sprint,a,web
1566460899528,respond,q9669,sprint,c,web
1566460900529,submit,b7020,sprint,,web
1566534400992,enter,b3932,sprint,,mobile
1566534412160,respond,q5400,sprint,d,mobile
1566534415950,submit,b3932,sprint,,mobile
1566534423829,enter,b4247,sprint,,mobile
1566534432256,respond,q5715,sprint,b,mobile
1566534437061,submit,b4247,sprint,,mobile
1566534443111,enter,b2633,sprint,,mobile
1566534450493,respond,q4101,sprint,b,mobile
1566534455628,submit,b2633,sprint,,mobile
1566534465269,enter,b6440,sprint,,mobile
1566534477338,respond,q9089,sprint,c,mobile
1566534482915,submit,b6440,sprint,,mobile
1566534503150,enter,b3795,sprint,,mobile
1566534514250,respond,q5263,sprint,c,mobile
1566534519439,submit,b3795,sprint,,mobile
1566534525573,enter,b3236,sprint,,mobile
1566534529569,respond,q4704,sprint,b,mobile
1566534534321,submit,b3236,sprint,,mobile
1566534545434,enter,b2314,sprint,,mobile
1566534561507,respond,q3782,sprint,b,mobile
1566534568072,submit,b2314,sprint,,mobile
1566534604637,enter,b11578,sprint,,mobile
1566534615813,respond,q17341,sprint,a,mobile
1566534624682,respond,q17341,sprint,a,mobile
1566534627328,submit,b11578,sprint,,mobile
1566534633439,enter,b3091,sprint,,mobile
1566534642083,respond,q4559,sprint,b,mobile
1566534646504,submit,b3091,sprint,,mobile
1566534659676,enter,b4536,sprint,,mobile
1566534673637,respond,q6004,sprint,a,mobile
1566534679137,submit,b4536,sprint,,mobile
1566534697559,enter,b3838,sprint,,mobile
1566534701890,respond,q5306,sprint,c,mobile
1566534705055,submit,b3838,sprint,,mobile
1566534710559,enter,b11635,sprint,,mobile
1566534723789,respond,q17398,sprint,b,mobile
1566534741488,submit,b11635,sprint,,mobile
1566534754697,enter,b4749,sprint,,mobile
1566534760002,respond,q6217,sprint,b,mobile
1566534771147,submit,b4749,sprint,,mobile
1566534777412,enter,b4461,sprint,,mobile
1566534784514,respond,q5929,sprint,c,mobile
1566534787226,respond,q5929,sprint,d,mobile
1566534790785,submit,b4461,sprint,,mobile
1566534796283,enter,b4933,sprint,,mobile
1566534805561,respond,q6401,sprint,a,mobile
1566534809025,submit,b4933,sprint,,mobile
1566534846341,enter,b6383,sprint,,mobile
1566534867181,respond,q9032,sprint,a,mobile
1566534877584,respond,q9032,sprint,c,mobile
1566534881592,submit,b6383,sprint,,mobile
1566534893302,enter,b3423,sprint,,mobile
1566534912330,respond,q4891,sprint,b,mobile
1566534916246,submit,b3423,sprint,,mobile
1566534923023,enter,b2677,sprint,,mobile
1566534951809,respond,q4145,sprint,c,mobile
1566534955014,submit,b2677,sprint,,mobile
1566534963391,enter,b3050,sprint,,mobile
1566534979337,respond,q4518,sprint,c,mobile
1566534992046,submit,b3050,sprint,,mobile
1566535007243,enter,b6257,sprint,,mobile
1566535029436,respond,q8906,sprint,c,mobile
1566535035760,respond,q8906,sprint,d,mobile
1566535053365,respond,q8906,sprint,c,mobile
1566535057784,submit,b6257,sprint,,mobile
1566802599552,enter,b3829,sprint,,web
1566802606072,respond,q5297,sprint,b,web
1566802607958,respond,q5297,sprint,a,web
1566802609979,submit,b3829,sprint,,web
1566802835267,enter,b2643,sprint,,web
1566802857816,respond,q4111,sprint,d,web
1566802859534,respond,q4111,sprint,b,web
1566802868100,submit,b2643,sprint,,web
1566802876958,enter,b2230,sprint,,web
1566802919870,respond,q3698,sprint,d,web
1566802923524,submit,b2230,sprint,,web
1566804433923,enter,b7232,sprint,,web
1566804448038,respond,q9881,sprint,a,web
1566804483015,respond,q9881,sprint,b,web
1566804484946,submit,b7232,sprint,,web
1566804493806,enter,b2444,sprint,,web
1566804594602,respond,q3912,sprint,a,web
1566804595074,submit,b2444,sprint,,web
1566804632473,enter,b3600,sprint,,web
1566804634537,respond,q5068,sprint,a,web
1566804636887,submit,b3600,sprint,,web
1566804680550,enter,b2282,sprint,,web
1566804686249,respond,q3750,sprint,b,web
1566804690116,submit,b2282,sprint,,web
1566804698007,enter,b6514,sprint,,web
1566804743040,respond,q9163,sprint,b,web
1566804743435,submit,b6514,sprint,,web
1566804832119,enter,b3441,sprint,,web
1566804847385,respond,q4909,sprint,d,web
1566804848036,submit,b3441,sprint,,web
1566805107963,enter,b3815,sprint,,web
1566805113413,respond,q5283,sprint,a,web
1566805114573,submit,b3815,sprint,,web
1566809066809,enter,b916,sprint,,mobile
1566809088634,submit,b916,sprint,,mobile
1566809102220,enter,b622,sprint,,mobile
1566809122841,submit,b622,sprint,,mobile
1566809131142,enter,b1363,sprint,,mobile
1566809147300,respond,q1363,sprint,b,mobile
1566809151000,submit,b1363,sprint,,mobile
1566809160170,enter,b762,sprint,,mobile
1566809174644,respond,q762,sprint,b,mobile
1566809177433,submit,b762,sprint,,mobile
1566809183621,enter,b734,sprint,,mobile
1566809195215,respond,q734,sprint,a,mobile
1566809199823,respond,q734,sprint,a,mobile
1566809206181,submit,b734,sprint,,mobile
1566809211275,enter,b720,sprint,,mobile
1566809222865,respond,q720,sprint,a,mobile
1566809233015,submit,b720,sprint,,mobile
1566809252222,enter,b1114,sprint,,mobile
1566809267847,respond,q1114,sprint,b,mobile
1566809271522,submit,b1114,sprint,,mobile
1566809295118,enter,b736,sprint,,mobile
1566809305266,respond,q736,sprint,a,mobile
1566809313832,respond,q736,sprint,c,mobile
1566809316885,submit,b736,sprint,,mobile
1566809322277,enter,b475,sprint,,mobile
1566809343042,respond,q475,sprint,c,mobile
1566809346481,submit,b475,sprint,,mobile
1566809363024,enter,b1351,sprint,,mobile
1566809376121,respond,q1351,sprint,b,mobile
1566809379253,submit,b1351,sprint,,mobile
1566809396510,enter,b251,sprint,,mobile
1566809411330,respond,q251,sprint,b,mobile
1566809417237,submit,b251,sprint,,mobile
1566809422002,enter,b784,sprint,,mobile
1566809434262,respond,q784,sprint,b,mobile
1566809438127,submit,b784,sprint,,mobile
1566809444633,enter,b949,sprint,,mobile
1566809456129,respond,q949,sprint,a,mobile
1566809465874,submit,b949,sprint,,mobile
1566809486820,enter,b1166,sprint,,mobile
1566809505269,respond,q1166,sprint,b,mobile
1566809508986,submit,b1166,sprint,,mobile
1566809529949,enter,b576,sprint,,mobile
1566809547221,respond,q576,sprint,b,mobile
1566809553731,submit,b576,sprint,,mobile
1566809562709,enter,b792,sprint,,mobile
1566809582758,respond,q792,sprint,c,mobile
1566809586605,submit,b792,sprint,,mobile
1566809592098,enter,b485,sprint,,mobile
1566809608605,respond,q485,sprint,b,mobile
1566809610919,respond,q485,sprint,c,mobile
1566809612039,respond,q485,sprint,b,mobile
1566809615588,submit,b485,sprint,,mobile
1566809620462,enter,b684,sprint,,mobile
1566809633088,respond,q684,sprint,b,mobile
1566809636164,submit,b684,sprint,,mobile
1566809642476,enter,b866,sprint,,mobile
1566809657532,respond,q866,sprint,b,mobile
1566809660927,submit,b866,sprint,,mobile
1566809664787,enter,b866,sprint,,mobile
1566809684544,respond,q866,sprint,c,mobile
1566809684897,respond,q866,sprint,b,mobile
1566809689112,submit,b866,sprint,,mobile
1566809695817,enter,b905,sprint,,mobile
1566809712420,respond,q905,sprint,a,mobile
1566809717675,submit,b905,sprint,,mobile
1566876388177,enter,b4026,sprint,,web
1566876388507,respond,q5494,sprint,c,web
1566876396371,respond,q5494,sprint,d,web
1566876396762,submit,b4026,sprint,,web
1566876403814,enter,b11536,sprint,,web
1566876414385,respond,q17299,sprint,d,web
1566876430520,respond,q17299,sprint,a,web
1566876432105,respond,q17299,sprint,b,web
1566876436033,respond,q17299,sprint,a,web
1566876440822,submit,b11536,sprint,,web
1566876461333,enter,b2714,sprint,,web
1566876477139,respond,q4182,sprint,d,web
1566876485069,submit,b2714,sprint,,web
1566876614677,enter,b4732,sprint,,web
1566876621538,respond,q6200,sprint,c,web
1566876622826,submit,b4732,sprint,,web
1566876628623,enter,b4594,sprint,,web
1566876642603,respond,q6062,sprint,a,web
1566876657451,respond,q6062,sprint,d,web
1566876657731,submit,b4594,sprint,,web
1566876671745,enter,b11448,sprint,,web
1566876689217,respond,q17211,sprint,b,web
1566876689743,submit,b11448,sprint,,web
1566876710122,enter,b6039,sprint,,web
1566876729762,respond,q8688,sprint,a,web
1566876730902,submit,b6039,sprint,,web
1566876737933,enter,b4754,sprint,,web
1566876753049,respond,q6222,sprint,c,web
1566876753584,submit,b4754,sprint,,web
1566876766991,enter,b2571,sprint,,web
1566876781152,respond,q4039,sprint,b,web
1566876781812,submit,b2571,sprint,,web
1566876790048,enter,b6128,sprint,,web
1566876806927,respond,q8777,sprint,c,web
1566876808204,submit,b6128,sprint,,web
1566987250700,enter,b3025,sprint,,mobile
1566987276679,respond,q4493,sprint,a,mobile
1566987277872,respond,q4493,sprint,b,mobile
1566987278853,respond,q4493,sprint,a,mobile
1566987280097,respond,q4493,sprint,b,mobile
1566987282898,submit,b3025,sprint,,mobile
1566987295862,enter,b3814,sprint,,mobile
1566987308292,respond,q5282,sprint,a,mobile
1566987311075,respond,q5282,sprint,d,mobile
1566987312125,respond,q5282,sprint,a,mobile
1566987319771,submit,b3814,sprint,,mobile
1566987331799,enter,b4756,sprint,,mobile
1566987340330,respond,q6224,sprint,b,mobile
1566987349361,respond,q6224,sprint,c,mobile
1566987351587,respond,q6224,sprint,b,mobile
1566987379369,submit,b4756,sprint,,mobile
1566987391720,enter,b7409,sprint,,mobile
1566987395557,respond,q10058,sprint,c,mobile
1566987399644,submit,b7409,sprint,,mobile
1566987406762,enter,b4925,sprint,,mobile
1566987420874,respond,q6393,sprint,c,mobile
1566987424538,submit,b4925,sprint,,mobile
1566987431037,enter,b3796,sprint,,mobile
1566987442430,respond,q5264,sprint,c,mobile
1566987446124,respond,q5264,sprint,d,mobile
1566987446927,respond,q5264,sprint,a,mobile
1566987451162,submit,b3796,sprint,,mobile
1566987460224,enter,b4203,sprint,,mobile
1566987483128,respond,q5671,sprint,c,mobile
1566987484448,respond,q5671,sprint,d,mobile
1566987488731,submit,b4203,sprint,,mobile
1566987528979,enter,b6055,sprint,,mobile
1566987539808,respond,q8704,sprint,c,mobile
1566987544649,submit,b6055,sprint,,mobile
1566987552984,enter,b3947,sprint,,mobile
1566987564681,respond,q5415,sprint,c,mobile
1566987568613,submit,b3947,sprint,,mobile
1566987577049,enter,b2895,sprint,,mobile
1566987587436,respond,q4363,sprint,a,mobile
1566987592262,submit,b2895,sprint,,mobile
1567348832011,enter,b1247,sprint,,mobile
1567348848743,respond,q1247,sprint,b,mobile
1567348851942,submit,b1247,sprint,,mobile
1567348860101,enter,b506,sprint,,mobile
1567348874396,respond,q506,sprint,b,mobile
1567348879218,submit,b506,sprint,,mobile
1567348885398,enter,b1057,sprint,,mobile
1567348901015,respond,q1057,sprint,b,mobile
1567348905896,submit,b1057,sprint,,mobile
1567348927902,enter,b1343,sprint,,mobile
1567348941607,respond,q1343,sprint,b,mobile
1567348946346,submit,b1343,sprint,,mobile
1567348966323,enter,b976,sprint,,mobile
1567348976115,respond,q976,sprint,a,mobile
1567348984224,submit,b976,sprint,,mobile
1567348992891,enter,b600,sprint,,mobile
1567349012501,respond,q600,sprint,b,mobile
1567349014063,respond,q600,sprint,a,mobile
1567349014700,respond,q600,sprint,c,mobile
1567349020277,submit,b600,sprint,,mobile
1567349031006,enter,b373,sprint,,mobile
1567349043941,respond,q373,sprint,b,mobile
1567349047118,submit,b373,sprint,,mobile
1567349052094,enter,b730,sprint,,mobile
1567349069916,respond,q730,sprint,a,mobile
1567349074347,submit,b730,sprint,,mobile
1567349092431,enter,b245,sprint,,mobile
1567349111407,respond,q245,sprint,c,mobile
1567349114992,submit,b245,sprint,,mobile
1567349134657,enter,b1029,sprint,,mobile
1567349152449,respond,q1029,sprint,b,mobile
1567349155528,submit,b1029,sprint,,mobile
1567349182858,enter,b2964,sprint,,mobile
1567349203222,respond,q4432,sprint,a,mobile
1567349212175,submit,b2964,sprint,,mobile
1567349222149,enter,b5845,sprint,,mobile
1567349240372,respond,q8494,sprint,d,mobile
1567349243383,submit,b5845,sprint,,mobile
1567349262318,enter,b4542,sprint,,mobile
1567349276864,respond,q6010,sprint,a,mobile
1567349281394,submit,b4542,sprint,,mobile
1567349288632,enter,b2720,sprint,,mobile
1567349310552,respond,q4188,sprint,a,mobile
1567349315395,submit,b2720,sprint,,mobile
1567349328079,enter,b2328,sprint,,mobile
1567349333426,respond,q3796,sprint,a,mobile
1567349340685,submit,b2328,sprint,,mobile
1567349349169,enter,b6362,sprint,,mobile
1567349368311,respond,q9011,sprint,d,mobile
1567349374613,respond,q9011,sprint,a,mobile
1567349378516,respond,q9011,sprint,c,mobile
1567349381543,submit,b6362,sprint,,mobile
1567349397310,enter,b3999,sprint,,mobile
1567349403181,respond,q5467,sprint,a,mobile
1567349407862,submit,b3999,sprint,,mobile
1567349413847,enter,b6034,sprint,,mobile
1567349426595,respond,q8683,sprint,b,mobile
1567349431001,submit,b6034,sprint,,mobile
1567349438944,enter,b4852,sprint,,mobile
1567349458226,respond,q6320,sprint,b,mobile
1567349467972,submit,b4852,sprint,,mobile
1567349476217,enter,b6106,sprint,,mobile
1567349492698,respond,q8755,sprint,d,mobile
1567349496436,submit,b6106,sprint,,mobile
1567390021887,enter,b3865,sprint,,web
1567390034527,respond,q5333,sprint,a,web
1567390037756,submit,b3865,sprint,,web
1567390045260,enter,b3881,sprint,,web
1567390096317,respond,q5349,sprint,b,web
1567390099458,submit,b3881,sprint,,web
1567390114180,enter,b6950,sprint,,web
1567390151504,respond,q9599,sprint,c,web
1567390151952,submit,b6950,sprint,,web
1567390158922,enter,b6304,sprint,,web
1567390169676,respond,q8953,sprint,a,web
1567390174155,respond,q8953,sprint,c,web
1567390180352,submit,b6304,sprint,,web
1567390188831,enter,b3757,sprint,,web
1567390215920,respond,q5225,sprint,a,web
1567390220729,respond,q5225,sprint,d,web
1567390221150,submit,b3757,sprint,,web
1567390227952,enter,b2430,sprint,,web
1567390236354,respond,q3898,sprint,b,web
1567390237299,submit,b2430,sprint,,web
1567390398017,enter,b3276,sprint,,web
1567390416223,respond,q4744,sprint,c,web
1567390418425,submit,b3276,sprint,,web
1567390426937,enter,b6397,sprint,,web
1567390443500,respond,q9046,sprint,b,web
1567390444573,submit,b6397,sprint,,web
1567390451515,enter,b2229,sprint,,web
1567390461603,respond,q3697,sprint,a,web
1567390468473,submit,b2229,sprint,,web
1567390479833,enter,b4850,sprint,,web
1567390493518,respond,q6318,sprint,a,web
1567390495651,respond,q6318,sprint,d,web
1567390496258,respond,q6318,sprint,a,web
1567390496746,submit,b4850,sprint,,web
1567406369752,enter,b2704,my_note,,web
1567406377705,respond,q4172,my_note,b,web
1567406378549,submit,b2704,my_note,,web
1567406387841,enter,b2443,my_note,,web
1567406402718,respond,q3911,my_note,d,web
1567406416506,respond,q3911,my_note,b,web
1567406417635,submit,b2443,my_note,,web
1567406423979,enter,b3069,my_note,,web
1567406442209,respond,q4537,my_note,a,web
1567406445281,respond,q4537,my_note,c,web
1567406450137,submit,b3069,my_note,,web
1567406502735,enter,b6277,my_note,,web
1567406508405,respond,q8926,my_note,c,web
1567406509332,respond,q8926,my_note,a,web
1567406510073,submit,b6277,my_note,,web
1567406815031,enter,b2533,my_note,,web
1567406821913,respond,q4001,my_note,b,web
1567406822352,submit,b2533,my_note,,web
1567407410159,enter,b3415,my_note,,web
1567407413029,respond,q4883,my_note,c,web
1567407414764,respond,q4883,my_note,a,web
1567407415624,submit,b3415,my_note,,web
1567407422956,enter,b4215,my_note,,web
1567407430867,respond,q5683,my_note,c,web
1567407435785,submit,b4215,my_note,,web
1567407441491,enter,b6034,my_note,,web
1567407458049,respond,q8683,my_note,c,web
1567407464918,submit,b6034,my_note,,web
1567407657949,enter,b3114,my_note,,web
1567407667117,respond,q4582,my_note,c,web
1567407677349,respond,q4582,my_note,b,web
1567407677881,respond,q4582,my_note,d,web
1567407679051,submit,b3114,my_note,,web
1567407691796,enter,b4756,my_note,,web
1567407705488,respond,q6224,my_note,b,web
1567407709694,respond,q6224,my_note,c,web
1567407710293,submit,b4756,my_note,,web
1567407714217,enter,b6440,my_note,,web
1567407746316,respond,q9089,my_note,a,web
1567407749411,respond,q9089,my_note,b,web
1567407751800,submit,b6440,my_note,,web
1567408113622,respond,q10099,my_note,c,web
1567408114527,respond,q10099,my_note,d,web
1567409183695,enter,b4861,my_note,,web
1567409192069,respond,q6329,my_note,c,web
1567409192642,submit,b4861,my_note,,web
1567409201382,enter,b3814,my_note,,web
1567409211500,respond,q5282,my_note,d,web
1567409230839,submit,b3814,my_note,,web
1567409234577,enter,b4850,my_note,,web
1567409241558,respond,q6318,my_note,d,web
1567409242521,submit,b4850,my_note,,web
1567409246146,enter,b3041,my_note,,web
1567409264451,respond,q4509,my_note,b,web
1567409270351,submit,b3041,my_note,,web
1567409277023,enter,b7107,my_note,,web
1567409284630,respond,q9756,my_note,d,web
1567409288085,submit,b7107,my_note,,web
1567409301816,enter,b4715,my_note,,web
1567409321555,respond,q6183,my_note,d,web
1567409322341,submit,b4715,my_note,,web
1567409431010,enter,b4728,my_note,,web
1567409450594,respond,q6196,my_note,a,web
1567409454067,submit,b4728,my_note,,web
1567409458073,enter,b4604,my_note,,web
1567409464292,respond,q6072,my_note,b,web
1567409466236,respond,q6072,my_note,c,web
1567409467285,respond,q6072,my_note,a,web
1567409467631,respond,q6072,my_note,c,web
1567409467910,respond,q6072,my_note,d,web
1567409523644,respond,q6072,my_note,c,web
1567409525537,submit,b4604,my_note,,web
1567410908642,respond,q5544,my_note,b,web
1567410912590,enter,b2885,my_note,,web
1567410920937,respond,q4353,my_note,c,web
1567410926992,respond,q4353,my_note,d,web
1567410927343,submit,b2885,my_note,,web
1567410931326,enter,b2444,my_note,,web
1567410941344,respond,q3912,my_note,c,web
1567410947436,submit,b2444,my_note,,web
1567411188532,enter,b4865,my_note,,web
1567411195882,respond,q6333,my_note,b,web
1567411199878,submit,b4865,my_note,,web
1567411211929,enter,b4922,my_note,,web
1567411239243,respond,q6390,my_note,d,web
1567411242623,submit,b4922,my_note,,web
1567411324782,enter,b7315,my_note,,web
1567411334590,respond,q9964,my_note,d,web
1567411339215,respond,q9964,my_note,b,web
1567411339867,submit,b7315,my_note,,web
1567468802444,enter,b7659,sprint,,web
1567468811614,respond,q10308,sprint,a,web
1567468819329,submit,b7659,sprint,,web
1567468834365,enter,b4027,sprint,,web
1567468845730,respond,q5495,sprint,b,web
1567468846147,submit,b4027,sprint,,web
1567468904599,enter,b2972,sprint,,web
1567468939867,respond,q4440,sprint,a,web
1567468946029,submit,b2972,sprint,,web
1567469069436,enter,b3031,sprint,,web
1567469085369,respond,q4499,sprint,d,web
1567469085812,submit,b3031,sprint,,web
1567469093779,enter,b7432,sprint,,web
1567469120111,respond,q10081,sprint,b,web
1567469121023,respond,q10081,sprint,c,web
1567469124597,submit,b7432,sprint,,web
1567469431968,enter,b3271,sprint,,web
1567469445277,respond,q4739,sprint,a,web
1567469446280,submit,b3271,sprint,,web
1567469455392,enter,b4757,sprint,,web
1567469465732,respond,q6225,sprint,a,web
1567469466916,respond,q6225,sprint,c,web
1567469479151,submit,b4757,sprint,,web
1567469848492,enter,b5047,sprint,,web
1567469857600,respond,q6515,sprint,a,web
1567469861749,submit,b5047,sprint,,web
1567469872401,enter,b6431,sprint,,web
1567469882526,respond,q9080,sprint,c,web
1567469883835,submit,b6431,sprint,,web
1567469893956,enter,b4178,sprint,,web
1567469903438,respond,q5646,sprint,c,web
1567469903923,submit,b4178,sprint,,web
1567469929981,enter,b5115,sprint,,web
1567469979033,respond,q6673,sprint,d,web
1567469992656,respond,q6674,sprint,a,web
1567470027692,respond,q6675,sprint,b,web
1567470048567,respond,q6676,sprint,b,web
1567470050011,submit,b5115,sprint,,web
1567470324554,enter,b5221,sprint,,web
1567470333075,respond,q6977,sprint,b,web
1567470352483,respond,q6978,sprint,a,web
1567470361822,respond,q6978,sprint,b,web
1567470457852,respond,q6979,sprint,a,web
1567470571323,respond,q6980,sprint,a,web
1567470575305,respond,q6980,sprint,b,web
1567470579789,respond,q6980,sprint,a,web
1567470583773,submit,b5221,sprint,,web
1567470655210,enter,b7974,sprint,,web
1567470683619,respond,q10840,sprint,a,web
1567470698985,respond,q10841,sprint,a,web
1567470722623,respond,q10842,sprint,d,web
1567470745849,respond,q10843,sprint,c,web
1567470747473,submit,b7974,sprint,,web
1567470783451,enter,b5186,sprint,,web
1567470800536,respond,q6837,sprint,a,web
1567470943999,respond,q6838,sprint,b,web
1567470975695,respond,q6839,sprint,d,web
1567471031749,respond,q6840,sprint,b,web
1567471034320,respond,q6840,sprint,d,web
1567471034689,submit,b5186,sprint,,web
1567471116668,enter,b5209,sprint,,web
1567471128012,respond,q6929,sprint,c,web
1567471172810,respond,q6930,sprint,d,web
1567471212303,respond,q6931,sprint,b,web
1567471215281,respond,q6931,sprint,c,web
1567471225172,respond,q6932,sprint,a,web
1567471226958,submit,b5209,sprint,,web
1567471295036,enter,b7920,sprint,,web
1567471317329,respond,q10634,sprint,d,web
1567471492271,respond,q10635,sprint,a,web
1567471532569,respond,q10636,sprint,d,web
1567471573511,respond,q10636,sprint,b,web
1567471592273,respond,q10637,sprint,d,web
1567471592736,submit,b7920,sprint,,web
1567471695711,enter,b8524,sprint,,web
1567471727268,respond,q11763,sprint,b,web
1567471745843,respond,q11764,sprint,d,web
1567471827897,respond,q11765,sprint,d,web
1567471830271,respond,q11765,sprint,c,web
1567471855698,respond,q11765,sprint,a,web
1567471857722,respond,q11765,sprint,d,web
1567471872080,respond,q11766,sprint,b,web
1567471874723,respond,q11766,sprint,a,web
1567471875218,submit,b8524,sprint,,web
1567472162601,enter,b5180,sprint,,web
1567472238989,respond,q6813,sprint,a,web
1567472255343,respond,q6815,sprint,b,web
1567472294546,respond,q6814,sprint,a,web
1567472318231,respond,q6816,sprint,b,web
1567472321146,submit,b5180,sprint,,web
1567473357134,enter,b5112,sprint,,web
1567473370343,respond,q6661,sprint,c,web
1567473399922,respond,q6662,sprint,b,web
1567473413037,respond,q6663,sprint,b,web
1567473435482,respond,q6664,sprint,d,web
1567473439476,submit,b5112,sprint,,web
1567473604730,enter,b5118,sprint,,web
1567473639204,respond,q6685,sprint,c,web
1567473657002,respond,q6686,sprint,a,web
1567473662207,respond,q6687,sprint,b,web
1567473698080,respond,q6688,sprint,a,web
1567473698810,submit,b5118,sprint,,web
1567473812861,enter,b8532,sprint,,web
1567473850094,respond,q11795,sprint,b,web
1567473871806,respond,q11796,sprint,c,web
1567473892354,respond,q11797,sprint,a,web
1567473905389,respond,q11798,sprint,b,web
1567473909490,respond,q11798,sprint,a,web
1567473915584,submit,b8532,sprint,,web
1567473977669,enter,b5177,sprint,,web
1567474030456,respond,q6802,sprint,a,web
1567474032869,respond,q6801,sprint,b,web
1567474060258,respond,q6803,sprint,b,web
1567474078530,respond,q6804,sprint,b,web
1567474088874,respond,q6804,sprint,d,web
1567474095662,respond,q6804,sprint,b,web
1567474096661,submit,b5177,sprint,,web
1567474128347,enter,b5191,sprint,,web
1567474186794,respond,q6857,sprint,c,web
1567474207163,respond,q6858,sprint,a,web
1567474239234,respond,q6859,sprint,c,web
1567474277525,respond,q6860,sprint,b,web
1567474281237,submit,b5191,sprint,,web
1567474292911,enter,b5197,sprint,,web
1567474321442,respond,q6881,sprint,b,web
1567474349233,respond,q6882,sprint,c,web
1567474375193,respond,q6883,sprint,c,web
1567474402899,respond,q6884,sprint,b,web
1567474403382,submit,b5197,sprint,,web
1567475015717,respond,q10816,sprint,a,web
1567475034611,respond,q10817,sprint,c,web
1567475050242,respond,q10818,sprint,a,web
1567475076042,respond,q10819,sprint,a,web
1567475114771,respond,q6689,sprint,b,web
1567475116676,respond,q6689,sprint,d,web
1567475128907,respond,q6690,sprint,c,web
1567475142909,respond,q6691,sprint,b,web
1567475187530,respond,q6692,sprint,a,web
1567475192379,respond,q6692,sprint,b,web
1567476018861,enter,b5202,sprint,,web
1567476035147,respond,q6901,sprint,c,web
1567476050448,respond,q6902,sprint,a,web
1567476078138,respond,q6903,sprint,d,web
1567476080915,respond,q6903,sprint,a,web
1567476113169,respond,q6904,sprint,c,web
1567476113627,submit,b5202,sprint,,web
1567476144842,enter,b5086,sprint,,web
1567476155425,respond,q6557,sprint,d,web
1567476199756,respond,q6558,sprint,b,web
1567476208953,respond,q6559,sprint,c,web
1567476244210,respond,q6560,sprint,c,web
1567476244714,submit,b5086,sprint,,web
1567476266691,enter,b5103,sprint,,web
1567476293024,respond,q6625,sprint,b,web
1567476313206,respond,q6626,sprint,a,web
1567476346267,respond,q6627,sprint,b,web
1567476373527,respond,q6628,sprint,b,web
1567476374415,submit,b5103,sprint,,web
1567477635080,enter,b5187,sprint,,web
1567477660594,respond,q6841,sprint,b,web
1567477691306,respond,q6842,sprint,a,web
1567477699136,respond,q6842,sprint,d,web
1567477719973,respond,q6844,sprint,b,web
1567477751243,respond,q6843,sprint,d,web
1567477752048,submit,b5187,sprint,,web
1567477803820,enter,b5225,sprint,,web
1567477818239,respond,q6993,sprint,d,web
1567477856822,respond,q6994,sprint,a,web
1567477862269,respond,q6995,sprint,b,web
1567477875945,respond,q6996,sprint,a,web
1567477878150,submit,b5225,sprint,,web
1567477974823,enter,b5116,sprint,,web
1567477983725,respond,q6677,sprint,d,web
1567478000730,respond,q6678,sprint,b,web
1567478019965,respond,q6679,sprint,d,web
1567478030501,respond,q6680,sprint,c,web
1567478035125,respond,q6680,sprint,d,web
1567478064453,submit,b5116,sprint,,web
1567478380058,respond,q10768,sprint,c,web
1567478410345,respond,q10769,sprint,b,web
1567478437856,respond,q10770,sprint,c,web
1567478448399,respond,q10771,sprint,b,web
1567478550112,enter,b5167,sprint,,web
1567478556567,respond,q6761,sprint,d,web
1567478577711,respond,q6763,sprint,b,web
1567478594656,respond,q6762,sprint,b,web
1567478612606,respond,q6764,sprint,b,web
1567478614126,submit,b5167,sprint,,web
1567479252652,enter,b7923,tutor,,mobile
1567479338215,respond,q10649,tutor,a,mobile
1567479346245,submit,b7923,tutor,,mobile
1567479378279,enter,b1376,tutor,,mobile
1567479416491,respond,q1376,tutor,c,mobile
1567479419609,submit,b1376,tutor,,mobile
1567479426070,enter,b1569,tutor,,mobile
1567479485945,respond,q1905,tutor,d,mobile
1567479490685,submit,b1569,tutor,,mobile
1567479505472,enter,b141,tutor,,mobile
1567479529363,respond,q141,tutor,b,mobile
1567479534966,submit,b141,tutor,,mobile
1567479542715,enter,b1470,tutor,,mobile
1567479628064,submit,b1470,tutor,,mobile
1567480115086,enter,b1470,tutor,,mobile
1567480161614,respond,q1608,tutor,b,mobile
1567480166737,submit,b1470,tutor,,mobile
1567480181179,enter,b1129,tutor,,mobile
1567480198370,respond,q1129,tutor,b,mobile
1567480201227,respond,q1129,tutor,c,mobile
1567480204390,submit,b1129,tutor,,mobile
1567480215655,enter,b7371,tutor,,mobile
1567480234647,respond,q10020,tutor,a,mobile
1567480239197,submit,b7371,tutor,,mobile
1567480254955,enter,b1567,tutor,,mobile
1567480308205,respond,q1899,tutor,b,mobile
1567480315472,submit,b1567,tutor,,mobile
1567480324749,enter,b1086,tutor,,mobile
1567480339484,respond,q1086,tutor,b,mobile
1567480342620,submit,b1086,tutor,,mobile
1567480351703,enter,b7396,tutor,,mobile
1567480377393,respond,q10045,tutor,d,mobile
1567480383414,submit,b7396,tutor,,mobile
1567480404286,enter,b1455,tutor,,mobile
1567480469343,respond,q1563,tutor,d,mobile
1567480484117,submit,b1455,tutor,,mobile
1567480489297,enter,b1010,tutor,,mobile
1567480500442,respond,q1010,tutor,a,mobile
1567480503938,submit,b1010,tutor,,mobile
1567480510402,enter,b7399,tutor,,mobile
1567480524078,respond,q10048,tutor,a,mobile
1567480528979,respond,q10048,tutor,b,mobile
1567480530737,respond,q10048,tutor,a,mobile
1567480534350,respond,q10048,tutor,b,mobile
1567480534685,respond,q10048,tutor,a,mobile
1567480537481,submit,b7399,tutor,,mobile
1567480547963,enter,b7402,tutor,,mobile
1567480568931,respond,q10051,tutor,c,mobile
1567480575099,submit,b7402,tutor,,mobile
1567480582351,enter,b7921,tutor,,mobile
1567480682820,respond,q10641,tutor,a,mobile
1567480690591,submit,b7921,tutor,,mobile
1567480743894,enter,b1450,tutor,,mobile
1567480813132,respond,q1548,tutor,d,mobile
1567480822052,respond,q1548,tutor,d,mobile
1567480827860,submit,b1450,tutor,,mobile
1567480838836,enter,b1576,tutor,,mobile
1567480887016,respond,q1926,tutor,c,mobile
1567480895986,submit,b1576,tutor,,mobile
1567480907235,enter,b7362,tutor,,mobile
1567480918557,respond,q10011,tutor,b,mobile
1567480925986,respond,q10011,tutor,b,mobile
1567480930527,submit,b7362,tutor,,mobile
1567480936025,enter,b7375,tutor,,mobile
1567480947045,respond,q10024,tutor,b,mobile
1567480950869,submit,b7375,tutor,,mobile
1567480956392,enter,b1515,tutor,,mobile
1567481015267,respond,q1743,tutor,a,mobile
1567481022627,submit,b1515,tutor,,mobile
1567481026872,enter,b8112,tutor,,mobile
1567481048210,respond,q11059,tutor,a,mobile
1567481053956,submit,b8112,tutor,,mobile
1567481061073,enter,b564,tutor,,mobile
1567481085118,respond,q564,tutor,b,mobile
1567481089904,submit,b564,tutor,,mobile
1567481096335,enter,b1437,tutor,,mobile
1567481154362,respond,q1509,tutor,a,mobile
1567481161163,submit,b1437,tutor,,mobile
1567483383840,enter,b5467,sprint,,web
1567483494713,respond,q7851,sprint,b,web
1567483501562,respond,q7852,sprint,c,web
1567483583106,respond,q7853,sprint,d,web
1567483595832,respond,q7854,sprint,d,web
1567483637951,respond,q7855,sprint,d,web
1567483639697,submit,b5467,sprint,,web
1567483716876,enter,b5284,sprint,,web
1567483745934,respond,q7192,sprint,a,web
1567483784348,respond,q7193,sprint,d,web
1567483823150,respond,q7193,sprint,b,web
1567483825007,respond,q7193,sprint,b,web
1567483837805,respond,q7194,sprint,a,web
1567483886694,respond,q7195,sprint,d,web
1567484075386,respond,q7196,sprint,b,web
1567484076039,submit,b5284,sprint,,web
1567484506258,enter,b5454,sprint,,web
1567484545213,respond,q7801,sprint,d,web
1567484604794,respond,q7802,sprint,a,web
1567484701254,respond,q7804,sprint,a,web
1567484771987,respond,q7805,sprint,d,web
1567484811964,respond,q7803,sprint,a,web
1567484812516,submit,b5454,sprint,,web
1567496786315,enter,b5237,sprint,,web
1567496860818,respond,q7039,sprint,c,web
1567496898377,respond,q7040,sprint,b,web
1567496913554,submit,b5237,sprint,,web
1567496972860,respond,q7041,sprint,b,web
1567497011586,respond,q7042,sprint,c,web
1567497044089,respond,q7043,sprint,d,web
1567497298741,enter,b5472,sprint,,web
1567497358981,respond,q7876,sprint,c,web
1567497449378,respond,q7877,sprint,a,web
1567497453199,respond,q7878,sprint,a,web
1567497476257,respond,q7879,sprint,d,web
1567497495883,respond,q7880,sprint,b,web
1567497497069,submit,b5472,sprint,,web
1567497684571,respond,q7049,sprint,b,web
1567497710412,respond,q7050,sprint,c,web
1567497783956,respond,q7051,sprint,b,web
1567497799597,respond,q7052,sprint,a,web
1567497805128,respond,q7053,sprint,b,web
1567497912773,enter,b5710,sprint,,web
1567497977750,respond,q8347,sprint,b,web
1567497991363,respond,q8348,sprint,a,web
1567497996162,respond,q8347,sprint,c,web
1567498033133,respond,q8349,sprint,a,web
1567498103511,respond,q8349,sprint,c,web
1567498111095,respond,q8350,sprint,b,web
1567498149533,respond,q8351,sprint,d,web
1567498150056,submit,b5710,sprint,,web
1567498158823,enter,b5328,sprint,,web
1567498200849,respond,q7359,sprint,a,web
1567498225767,respond,q7360,sprint,b,web
1567498266518,respond,q7361,sprint,d,web
1567498273513,respond,q7362,sprint,d,web
1567498276105,respond,q7362,sprint,c,web
1567498276996,respond,q7362,sprint,b,web
1567498277830,submit,b5328,sprint,,web
1567500612214,enter,b5124,sprint,,mobile
1567500697267,respond,q6712,sprint,a,mobile
1567500709277,submit,b5124,sprint,,mobile
1567500739965,enter,b5172,sprint,,mobile
1567500839787,respond,q6784,sprint,d,mobile
1567500844376,submit,b5172,sprint,,mobile
1567500854086,enter,b7964,sprint,,mobile
1567500965565,respond,q10803,sprint,b,mobile
1567500970754,submit,b7964,sprint,,mobile
1567501010450,enter,b5088,sprint,,mobile
1567501116411,respond,q6568,sprint,b,mobile
1567501120989,submit,b5088,sprint,,mobile
1567501163645,enter,b5214,sprint,,mobile
1567501248732,respond,q6952,sprint,d,mobile
1567501254721,submit,b5214,sprint,,mobile
1567501307077,enter,b5222,sprint,,mobile
1567501381874,respond,q6984,sprint,b,mobile
1567501390943,submit,b5222,sprint,,mobile
1567501410060,enter,b8522,sprint,,mobile
1567501476171,respond,q11758,sprint,a,mobile
1567501484290,respond,q11758,sprint,c,mobile
1567501492091,submit,b8522,sprint,,mobile
1567501545606,enter,b5176,sprint,,mobile
1567501652698,respond,q6800,sprint,c,mobile
1567501668679,respond,q6800,sprint,a,mobile
1567501673344,submit,b5176,sprint,,mobile
1567524867997,enter,b5643,sprint,,mobile
1567524889976,respond,q8172,sprint,a,mobile
1567524894326,submit,b5643,sprint,,mobile
1567524898423,enter,b8115,sprint,,mobile
1567524909241,respond,q11062,sprint,a,mobile
1567524914612,respond,q11062,sprint,a,mobile
1567524923734,submit,b8115,sprint,,mobile
1567524927667,enter,b158,sprint,,mobile
1567524951022,respond,q158,sprint,d,mobile
1567524954359,submit,b158,sprint,,mobile
1567524979716,enter,b111,sprint,,mobile
1567524990421,respond,q111,sprint,a,mobile
1567525005224,submit,b111,sprint,,mobile
1567525099940,enter,b7,sprint,,mobile
1567525106869,submit,b7,sprint,,mobile
1567525119599,enter,b1237,sprint,,mobile
1567525133432,respond,q1237,sprint,b,mobile
1567525138263,submit,b1237,sprint,,mobile
1567525147358,enter,b424,sprint,,mobile
1567525163364,respond,q424,sprint,a,mobile
1567525167872,submit,b424,sprint,,mobile
1567525218728,enter,b502,sprint,,mobile
1567525229676,respond,q502,sprint,a,mobile
1567525238987,respond,q502,sprint,c,mobile
1567525243840,submit,b502,sprint,,mobile
1567525279730,enter,b1280,sprint,,mobile
1567525296456,respond,q1280,sprint,c,mobile
1567525296895,respond,q1280,sprint,b,mobile
1567525299749,submit,b1280,sprint,,mobile
1567525316119,enter,b948,sprint,,mobile
1567525329553,respond,q948,sprint,b,mobile
1567525334062,respond,q948,sprint,a,mobile
1567525336817,submit,b948,sprint,,mobile
1567525383320,enter,b770,sprint,,mobile
1567525397495,respond,q770,sprint,a,mobile
1567525398210,respond,q770,sprint,c,mobile
1567525400924,submit,b770,sprint,,mobile
1567525407852,enter,b434,sprint,,mobile
1567525422432,respond,q434,sprint,b,mobile
1567525433801,submit,b434,sprint,,mobile
1567525456060,enter,b440,sprint,,mobile
1567525471828,respond,q440,sprint,c,mobile
1567525476596,submit,b440,sprint,,mobile
1567525490083,enter,b462,sprint,,mobile
1567525499154,respond,q462,sprint,a,mobile
1567525501993,respond,q462,sprint,b,mobile
1567525509158,submit,b462,sprint,,mobile
1567525515341,enter,b888,sprint,,mobile
1567525532582,respond,q888,sprint,a,mobile
1567525536078,submit,b888,sprint,,mobile
1567525581523,enter,b623,sprint,,mobile
1567525593461,respond,q623,sprint,a,mobile
1567525601719,submit,b623,sprint,,mobile
1567525608088,enter,b662,sprint,,mobile
1567525624552,respond,q662,sprint,c,mobile
1567525627531,submit,b662,sprint,,mobile
1567525633629,enter,b511,sprint,,mobile
1567525652168,respond,q511,sprint,c,mobile
1567525655676,submit,b511,sprint,,mobile
1567525663131,enter,b1044,sprint,,mobile
1567525673088,respond,q1044,sprint,a,mobile
1567525676013,submit,b1044,sprint,,mobile
1567525680950,enter,b1257,sprint,,mobile
1567525701918,respond,q1257,sprint,c,mobile
1567525705149,submit,b1257,sprint,,mobile
1567525743431,enter,b867,sprint,,mobile
1567525763177,respond,q867,sprint,c,mobile
1567525772331,submit,b867,sprint,,mobile
1567525795752,enter,b1041,sprint,,mobile
1567525804244,respond,q1041,sprint,a,mobile
1567525815082,submit,b1041,sprint,,mobile
1567525819911,enter,b731,sprint,,mobile
1567525835431,respond,q731,sprint,c,mobile
1567525836018,respond,q731,sprint,b,mobile
1567525839810,submit,b731,sprint,,mobile
1567525847045,enter,b323,sprint,,mobile
1567525868346,respond,q323,sprint,a,mobile
1567525870036,respond,q323,sprint,c,mobile
1567525870739,respond,q323,sprint,a,mobile
1567525874112,submit,b323,sprint,,mobile
1567525880634,enter,b735,sprint,,mobile
1567525895100,respond,q735,sprint,b,mobile
1567525900525,submit,b735,sprint,,mobile
1567525906040,enter,b607,sprint,,mobile
1567525921105,respond,q607,sprint,a,mobile
1567525926128,submit,b607,sprint,,mobile
1567525934079,enter,b625,sprint,,mobile
1567525946843,respond,q625,sprint,a,mobile
1567525956034,submit,b625,sprint,,mobile
1567525962644,enter,b371,sprint,,mobile
1567525977915,respond,q371,sprint,b,mobile
1567525983374,submit,b371,sprint,,mobile
1567525987346,enter,b830,sprint,,mobile
1567526002736,respond,q830,sprint,b,mobile
1567526009282,submit,b830,sprint,,mobile
1567560073620,enter,b6997,sprint,,web
1567560093341,respond,q9646,sprint,c,web
1567560098217,submit,b6997,sprint,,web
1567560132946,enter,b4176,sprint,,web
1567560135772,respond,q5644,sprint,b,web
1567560140247,respond,q5644,sprint,c,web
1567560143119,submit,b4176,sprint,,web
1567560320005,enter,b7311,sprint,,web
1567560335997,respond,q9960,sprint,c,web
1567560337273,submit,b7311,sprint,,web
1567560347898,enter,b4596,sprint,,web
1567560360370,respond,q6064,sprint,d,web
1567560360724,submit,b4596,sprint,,web
1567560366498,enter,b4510,sprint,,web
1567560369734,respond,q5978,sprint,b,web
1567560370330,submit,b4510,sprint,,web
1567560377805,enter,b4286,sprint,,web
1567560386837,respond,q5754,sprint,c,web
1567560390564,submit,b4286,sprint,,web
1567560397341,enter,b11611,sprint,,web
1567560406516,respond,q17374,sprint,c,web
1567560416336,submit,b11611,sprint,,web
1567560475356,enter,b3046,sprint,,web
1567560499747,respond,q4514,sprint,a,web
1567560500888,submit,b3046,sprint,,web
1567560531314,enter,b2618,sprint,,web
1567560560298,respond,q4086,sprint,a,web
1567560561814,submit,b2618,sprint,,web
1567563614872,enter,b3985,sprint,,web
1567563623576,respond,q5453,sprint,a,web
1567563630080,submit,b3985,sprint,,web
1567564816334,enter,b7209,sprint,,web
1567564824557,respond,q9858,sprint,c,web
1567564825037,submit,b7209,sprint,,web
1567565141043,enter,b5057,sprint,,web
1567565232770,respond,q6525,sprint,b,web
1567565233504,respond,q6525,sprint,c,web
1567565234012,submit,b5057,sprint,,web
1567565791886,enter,b4438,sprint,,web
1567565808135,respond,q5906,sprint,a,web
1567565812173,respond,q5906,sprint,c,web
1567565814141,respond,q5906,sprint,b,web
1567565814651,submit,b4438,sprint,,web
1567565823014,enter,b2639,sprint,,web
1567565836925,respond,q4107,sprint,b,web
1567565837777,submit,b2639,sprint,,web
1567566003262,enter,b6425,sprint,,web
1567566029073,respond,q9074,sprint,b,web
1567566030733,submit,b6425,sprint,,web
1567566042345,enter,b4753,sprint,,web
1567566057792,respond,q6221,sprint,b,web
1567566065872,respond,q6221,sprint,c,web
1567566066188,respond,q6221,sprint,b,web
1567566066725,respond,q6221,sprint,d,web
1567566067935,respond,q6221,sprint,b,web
1567566068382,submit,b4753,sprint,,web
1567566076080,enter,b2568,sprint,,web
1567566088476,respond,q4036,sprint,d,web
1567566093796,submit,b2568,sprint,,web
1567566100391,enter,b7365,sprint,,web
1567566122264,respond,q10014,sprint,d,web
1567566124090,respond,q10014,sprint,c,web
1567566131675,respond,q10014,sprint,d,web
1567566137050,respond,q10014,sprint,b,web
1567566138179,submit,b7365,sprint,,web
1567566233298,enter,b6464,sprint,,web
1567566261012,respond,q9113,sprint,a,web
1567566263173,respond,q9113,sprint,b,web
1567566279094,submit,b6464,sprint,,web
1567566375883,enter,b4010,sprint,,web
1567566432714,respond,q5478,sprint,c,web
1567566436944,submit,b4010,sprint,,web
1567566450571,enter,b3149,sprint,,web
1567566462681,respond,q4617,sprint,a,web
1567566469114,respond,q4617,sprint,b,web
1567566470826,respond,q4617,sprint,a,web
1567566482487,respond,q4617,sprint,b,web
1567566483549,submit,b3149,sprint,,web
1567566680873,enter,b3005,sprint,,web
1567566688780,respond,q4473,sprint,a,web
1567566696607,submit,b3005,sprint,,web
1567566703813,enter,b7174,sprint,,web
1567566714331,respond,q9823,sprint,b,web
1567566715194,submit,b7174,sprint,,web
1567566721262,enter,b6007,sprint,,web
1567566729292,respond,q8656,sprint,d,web
1567566734158,submit,b6007,sprint,,web
1567566740234,enter,b3902,sprint,,web
1567566752817,respond,q5370,sprint,b,web
1567566753534,submit,b3902,sprint,,web
1567566759993,enter,b2807,sprint,,web
1567566765212,respond,q4275,sprint,c,web
1567566769171,respond,q4275,sprint,b,web
1567566778994,submit,b2807,sprint,,web
1567566785149,enter,b6282,sprint,,web
1567566794770,respond,q8931,sprint,b,web
1567566798494,submit,b6282,sprint,,web
1567566817167,enter,b3609,sprint,,web
1567566832507,respond,q5077,sprint,b,web
1567566834048,respond,q5077,sprint,a,web
1567566835131,respond,q5077,sprint,b,web
1567566835835,submit,b3609,sprint,,web
1567566844958,enter,b3471,sprint,,web
1567566863469,respond,q4939,sprint,a,web
1567566864587,submit,b3471,sprint,,web
1567567162195,enter,b2614,sprint,,web
1567567190579,respond,q4082,sprint,a,web
1567567191366,submit,b2614,sprint,,web
1567567197765,enter,b6299,sprint,,web
1567567206762,respond,q8948,sprint,b,web
1567567213278,submit,b6299,sprint,,web
1567567263786,enter,b5192,sprint,,web
1567567314321,respond,q6861,sprint,c,web
1567567339408,respond,q6862,sprint,a,web
1567567351089,respond,q6863,sprint,a,web
1567567372776,respond,q6864,sprint,a,web
1567567376993,respond,q6864,sprint,c,web
1567567377581,submit,b5192,sprint,,web
1567567504311,enter,b5199,sprint,,web
1567567524368,respond,q6889,sprint,b,web
1567567525346,respond,q6889,sprint,a,web
1567567542030,respond,q6890,sprint,d,web
1567567556608,respond,q6891,sprint,d,web
1567567580481,respond,q6892,sprint,b,web
1567567583609,submit,b5199,sprint,,web
1567567668857,enter,b8473,sprint,,web
1567567677667,respond,q11559,sprint,a,web
1567567696347,respond,q11561,sprint,c,web
1567567709590,respond,q11560,sprint,a,web
1567567730302,respond,q11562,sprint,c,web
1567567740129,respond,q11562,sprint,b,web
1567567740725,submit,b8473,sprint,,web
1567567756623,enter,b5183,sprint,,web
1567567768825,respond,q6825,sprint,a,web
1567567793037,respond,q6826,sprint,d,web
1567567816948,respond,q6827,sprint,d,web
1567567822655,respond,q6828,sprint,b,web
1567567826081,respond,q6828,sprint,a,web
1567567826463,respond,q6828,sprint,b,web
1567567827120,respond,q6828,sprint,d,web
1567567827625,respond,q6828,sprint,b,web
1567567828084,respond,q6828,sprint,a,web
1567567828611,respond,q6828,sprint,d,web
1567567829115,submit,b5183,sprint,,web
1567567919152,enter,b5203,sprint,,web
1567567952302,respond,q6905,sprint,c,web
1567567960799,submit,b5203,sprint,,web
1567567990688,respond,q6905,sprint,b,web
1567567998787,respond,q6906,sprint,b,web
1567568009700,respond,q6907,sprint,d,web
1567568028860,respond,q6908,sprint,c,web
1567568037778,enter,b7921,sprint,,web
1567568050142,respond,q10638,sprint,c,web
1567568061269,respond,q10639,sprint,a,web
1567568066836,respond,q10639,sprint,c,web
1567568075660,respond,q10640,sprint,d,web
1567568088404,respond,q10641,sprint,a,web
1567568089117,submit,b7921,sprint,,web
1567568096422,enter,b5098,sprint,,web
1567568107011,respond,q6605,sprint,b,web
1567568124842,respond,q6607,sprint,b,web
1567568152112,respond,q6606,sprint,a,web
1567568165188,respond,q6608,sprint,b,web
1567568166244,submit,b5098,sprint,,web
1567568177171,enter,b5224,sprint,,web
1567568191978,respond,q6989,sprint,c,web
1567568198023,respond,q6989,sprint,a,web
1567568212719,respond,q6990,sprint,a,web
1567568230087,respond,q6990,sprint,b,web
1567568233520,respond,q6990,sprint,c,web
1567568247866,respond,q6991,sprint,b,web
1567568251487,respond,q6992,sprint,b,web
1567568253681,submit,b5224,sprint,,web
1567568299488,enter,b5505,sprint,,web
1567568373342,submit,b5505,sprint,,web
1567568499808,respond,q7993,sprint,a,web
1567568639644,respond,q7994,sprint,d,web
1567568655630,respond,q7995,sprint,a,web
1567568714938,respond,q7996,sprint,a,web
1567568785547,respond,q7997,sprint,a,web
1567571133482,enter,b1681,sprint,,mobile
1567571187681,respond,q2241,sprint,b,mobile
1567571192626,respond,q2241,sprint,b,mobile
1567571197906,submit,b1681,sprint,,mobile
1567571204030,enter,b1713,sprint,,mobile
1567571279646,respond,q2337,sprint,a,mobile
1567571283879,submit,b1713,sprint,,mobile
1567571379166,enter,b1698,sprint,,mobile
1567571442415,respond,q2292,sprint,d,mobile
1567571449031,submit,b1698,sprint,,mobile
1567571461457,enter,b1421,sprint,,mobile
1567571528445,respond,q1461,sprint,d,mobile
1567571534625,submit,b1421,sprint,,mobile
1567571539536,enter,b1465,sprint,,mobile
1567571601233,respond,q1593,sprint,a,mobile
1567571609507,submit,b1465,sprint,,mobile
1567571619539,enter,b1610,sprint,,mobile
1567571693629,respond,q2028,sprint,a,mobile
1567571698456,submit,b1610,sprint,,mobile
1567571714077,enter,b1791,sprint,,mobile
1567571758226,respond,q2571,sprint,c,mobile
1567571767189,submit,b1791,sprint,,mobile
1567571772713,enter,b1514,sprint,,mobile
1567571857168,respond,q1740,sprint,c,mobile
1567571861321,submit,b1514,sprint,,mobile
1567571899544,enter,b7932,sprint,,mobile
1567571943574,respond,q10679,sprint,a,mobile
1567571945880,respond,q10679,sprint,a,mobile
1567571953133,submit,b7932,sprint,,mobile
1567571966144,enter,b1915,sprint,,mobile
1567572005767,respond,q2943,sprint,d,mobile
1567572017581,submit,b1915,sprint,,mobile
1567572025312,enter,b1855,sprint,,mobile
1567572074164,respond,q2763,sprint,a,mobile
1567572078544,submit,b1855,sprint,,mobile
1567572083401,enter,b1844,sprint,,mobile
1567572124368,respond,q2730,sprint,a,mobile
1567572129994,submit,b1844,sprint,,mobile
1567572135406,enter,b1937,sprint,,mobile
1567572172148,respond,q3009,sprint,a,mobile
1567572179421,submit,b1937,sprint,,mobile
1567577188789,enter,b5123,sprint,,web
1567577210728,respond,q6705,sprint,b,web
1567577296047,respond,q6706,sprint,a,web
1567577304985,submit,b5123,sprint,,web
1567582467759,enter,b5123,sprint,,web
1567582522458,respond,q6707,sprint,b,web
1567582528657,respond,q6707,sprint,d,web
1567582563557,respond,q6708,sprint,d,web
1567582564172,submit,b5123,sprint,,web
1567582602807,enter,b5181,sprint,,web
1567582649512,respond,q6817,sprint,d,web
1567582709862,respond,q6818,sprint,c,web
1567582711759,respond,q6818,sprint,d,web
1567582739810,respond,q6818,sprint,c,web
1567582759016,respond,q6819,sprint,c,web
1567582759968,respond,q6819,sprint,a,web
1567582774725,respond,q6820,sprint,c,web
1567582777487,respond,q6820,sprint,a,web
1567582780640,submit,b5181,sprint,,web
1567582809651,enter,b7962,sprint,,web
1567582830676,respond,q10792,sprint,b,web
1567582832373,respond,q10792,sprint,c,web
1567582858581,respond,q10793,sprint,c,web
1567582894011,respond,q10794,sprint,a,web
1567582907924,respond,q10794,sprint,d,web
1567582921378,respond,q10794,sprint,a,web
1567582938371,submit,b7962,sprint,,web
1567583239892,respond,q10795,sprint,b,web
1567584782521,enter,b5184,sprint,,web
1567584803497,respond,q6829,sprint,c,web
1567584832368,respond,q6829,sprint,a,web
1567584852566,respond,q6830,sprint,d,web
1567584865920,respond,q6831,sprint,b,web
1567584877237,respond,q6832,sprint,a,web
1567584877895,submit,b5184,sprint,,web
1567584942968,enter,b5117,sprint,,web
1567584953898,respond,q6681,sprint,d,web
1567584974551,respond,q6682,sprint,d,web
1567585030306,respond,q6683,sprint,d,web
1567585036082,respond,q6683,sprint,c,web
1567585042227,respond,q6683,sprint,d,web
1567585065722,respond,q6684,sprint,b,web
1567585068555,submit,b5117,sprint,,web
1567587120224,enter,b3378,sprint,,mobile
1567587134502,respond,q4846,sprint,d,mobile
1567587139803,submit,b3378,sprint,,mobile
1567587147825,enter,b4017,sprint,,mobile
1567587164730,respond,q5485,sprint,d,mobile
1567587167424,submit,b4017,sprint,,mobile
1567587181819,enter,b7578,sprint,,mobile
1567587194522,respond,q10227,sprint,d,mobile
1567587202036,submit,b7578,sprint,,mobile
1567587211081,enter,b2947,sprint,,mobile
1567587217526,respond,q4415,sprint,b,mobile
1567587229809,respond,q4415,sprint,c,mobile
1567587233706,submit,b2947,sprint,,mobile
1567587246233,enter,b4313,sprint,,mobile
1567587249289,respond,q5781,sprint,a,mobile
1567587257115,respond,q5781,sprint,a,mobile
1567587260018,submit,b4313,sprint,,mobile
1567587266117,enter,b5060,sprint,,mobile
1567587288511,respond,q6528,sprint,b,mobile
1567587291970,respond,q6528,sprint,b,mobile
1567587295425,submit,b5060,sprint,,mobile
1567587331736,enter,b6198,sprint,,mobile
1567587342767,respond,q8847,sprint,a,mobile
1567587350920,respond,q8847,sprint,a,mobile
1567587354457,submit,b6198,sprint,,mobile
1567587379363,enter,b4475,sprint,,mobile
1567587388197,respond,q5943,sprint,b,mobile
1567587392191,submit,b4475,sprint,,mobile
1567587397271,enter,b3057,sprint,,mobile
1567587424019,respond,q4525,sprint,a,mobile
1567587432132,submit,b3057,sprint,,mobile
1567587440146,enter,b2659,sprint,,mobile
1567587450012,respond,q4127,sprint,a,mobile
1567587453421,submit,b2659,sprint,,mobile
1567587457775,enter,b7531,sprint,,mobile
1567587469050,respond,q10180,sprint,d,mobile
1567587473497,submit,b7531,sprint,,mobile
1567613134470,enter,b3021,sprint,,mobile
1567613142210,respond,q4489,sprint,b,mobile
1567613144789,submit,b3021,sprint,,mobile
1567613180596,enter,b4973,sprint,,mobile
1567613186937,respond,q6441,sprint,a,mobile
1567613189335,submit,b4973,sprint,,mobile
1567613199829,enter,b4965,sprint,,mobile
1567613206110,respond,q6433,sprint,c,mobile
1567613211143,submit,b4965,sprint,,mobile
1567613217664,enter,b7522,sprint,,mobile
1567613230399,respond,q10171,sprint,b,mobile
1567613234387,submit,b7522,sprint,,mobile
1567613248165,enter,b2284,sprint,,mobile
1567613259309,respond,q3752,sprint,d,mobile
1567613262142,submit,b2284,sprint,,mobile
1567613267522,enter,b4953,sprint,,mobile
1567613279069,respond,q6421,sprint,a,mobile
1567613282009,submit,b4953,sprint,,mobile
1567613288043,enter,b5050,sprint,,mobile
1567613304075,respond,q6518,sprint,d,mobile
1567613307198,submit,b5050,sprint,,mobile
1567613312174,enter,b7077,sprint,,mobile
1567613328983,respond,q9726,sprint,d,mobile
1567613331775,submit,b7077,sprint,,mobile
1567613337354,enter,b4503,sprint,,mobile
1567613356758,respond,q5971,sprint,a,mobile
1567613359632,submit,b4503,sprint,,mobile
1567613367264,enter,b2376,sprint,,mobile
1567613387430,respond,q3844,sprint,a,mobile
1567613390983,respond,q3844,sprint,b,mobile
1567613394507,respond,q3844,sprint,a,mobile
1567613397203,submit,b2376,sprint,,mobile
1567613406780,enter,b3762,sprint,,mobile
1567613420996,respond,q5230,sprint,b,mobile
1567613429765,submit,b3762,sprint,,mobile
1567613440475,enter,b11533,sprint,,mobile
1567613460332,respond,q17296,sprint,b,mobile
1567613464890,submit,b11533,sprint,,mobile
1567613474377,enter,b4779,sprint,,mobile
1567613485425,respond,q6247,sprint,c,mobile
1567613497047,submit,b4779,sprint,,mobile
1567613531923,enter,b4579,sprint,,mobile
1567613535218,respond,q6047,sprint,d,mobile
1567613540961,submit,b4579,sprint,,mobile
1567613546251,enter,b3026,sprint,,mobile
1567613553155,respond,q4494,sprint,b,mobile
1567613556646,submit,b3026,sprint,,mobile
1567613564972,enter,b7307,sprint,,mobile
1567613573773,respond,q9956,sprint,d,mobile
1567613576037,respond,q9956,sprint,b,mobile
1567613578962,submit,b7307,sprint,,mobile
1567613583227,enter,b4702,sprint,,mobile
1567613599177,respond,q6170,sprint,c,mobile
1567613605797,submit,b4702,sprint,,mobile
1567613613437,enter,b4895,sprint,,mobile
1567613652988,respond,q6363,sprint,c,mobile
1567613655850,submit,b4895,sprint,,mobile
1567641173558,enter,b3041,adaptive_offer,,web
1567641205188,respond,q4509,adaptive_offer,b,web
1567641207054,submit,b3041,adaptive_offer,,web
1567641360338,respond,q5738,adaptive_offer,b,web
1567642171345,enter,b3076,adaptive_offer,,web
1567642178774,respond,q4544,adaptive_offer,c,web
1567642180389,submit,b3076,adaptive_offer,,web
1567642190037,enter,b4271,adaptive_offer,,web
1567642199188,respond,q5739,adaptive_offer,a,web
1567642199775,submit,b4271,adaptive_offer,,web
1567642228097,enter,b3814,adaptive_offer,,web
1567642234137,respond,q5282,adaptive_offer,d,web
1567642234764,submit,b3814,adaptive_offer,,web
1567642243291,enter,b3051,adaptive_offer,,web
1567642247859,respond,q4519,adaptive_offer,a,web
1567642248301,submit,b3051,adaptive_offer,,web
1567642608183,enter,b2564,adaptive_offer,,web
1567642633558,respond,q4032,adaptive_offer,b,web
1567642634193,submit,b2564,adaptive_offer,,web
1567642639458,enter,b3135,adaptive_offer,,web
1567642648460,respond,q4603,adaptive_offer,d,web
1567642649880,respond,q4603,adaptive_offer,c,web
1567642650891,submit,b3135,adaptive_offer,,web
1567642794858,enter,b4492,adaptive_offer,,web
1567642821017,respond,q5960,adaptive_offer,c,web
1567642821461,submit,b4492,adaptive_offer,,web
1567642828888,enter,b2972,adaptive_offer,,web
1567642856531,respond,q4440,adaptive_offer,d,web
1567642858299,respond,q4440,adaptive_offer,a,web
1567642859705,submit,b2972,adaptive_offer,,web
1567643061207,enter,b5047,adaptive_offer,,web
1567643110199,respond,q6515,adaptive_offer,a,web
1567643111168,submit,b5047,adaptive_offer,,web
1567643151638,enter,b2550,adaptive_offer,,web
1567643157816,respond,q4018,adaptive_offer,b,web
1567643158445,submit,b2550,adaptive_offer,,web
1567643170519,enter,b3050,adaptive_offer,,web
1567643174932,respond,q4518,adaptive_offer,b,web
1567643177564,submit,b3050,adaptive_offer,,web
1567643181636,enter,b3602,adaptive_offer,,web
1567643185341,respond,q5070,adaptive_offer,d,web
1567643186047,submit,b3602,adaptive_offer,,web
1567643189694,enter,b3046,adaptive_offer,,web
1567643194886,respond,q4514,adaptive_offer,a,web
1567643198085,respond,q4514,adaptive_offer,c,web
1567643198629,submit,b3046,adaptive_offer,,web
1567643207302,enter,b4769,adaptive_offer,,web
1567643212942,respond,q6237,adaptive_offer,d,web
1567643213441,submit,b4769,adaptive_offer,,web
1567644860521,respond,q5478,adaptive_offer,c,web
1567644861306,respond,q5478,adaptive_offer,d,web
1567644951510,enter,b3985,adaptive_offer,,web
1567644955409,respond,q5453,adaptive_offer,b,web
1567644955879,submit,b3985,adaptive_offer,,web
1567645675206,respond,q6076,sprint,d,web
1567645677189,respond,q6076,sprint,a,web
1567645679029,respond,q6076,sprint,b,web
1567646073370,enter,b5905,sprint,,web
1567646088588,respond,q8554,sprint,c,web
1567646090220,respond,q8554,sprint,a,web
1567646091391,submit,b5905,sprint,,web
1567646124791,enter,b4162,sprint,,web
1567646139259,respond,q5630,sprint,d,web
1567646140279,submit,b4162,sprint,,web
1567646150624,enter,b3007,sprint,,web
1567646157974,respond,q4475,sprint,c,web
1567646158383,submit,b3007,sprint,,web
1567646167789,enter,b3989,sprint,,web
1567646183984,respond,q5457,sprint,d,web
1567646184311,submit,b3989,sprint,,web
1567646191985,enter,b11572,sprint,,web
1567646203564,respond,q17335,sprint,a,web
1567646204159,submit,b11572,sprint,,web
1567646216298,enter,b5030,sprint,,web
1567646290824,respond,q6498,sprint,b,web
1567646291926,submit,b5030,sprint,,web
1567646332617,enter,b2833,sprint,,web
1567646349141,respond,q4301,sprint,b,web
1567646351754,submit,b2833,sprint,,web
1567647063513,enter,b4278,sprint,,web
1567647078089,respond,q5746,sprint,d,web
1567647078757,submit,b4278,sprint,,web
1567647084009,enter,b11528,sprint,,web
1567647097520,respond,q17291,sprint,b,web
1567647097981,submit,b11528,sprint,,web
1567648092466,enter,b3900,sprint,,web
1567648095156,respond,q5368,sprint,a,web
1567648104089,respond,q5368,sprint,b,web
1567648105644,submit,b3900,sprint,,web
1567648112487,enter,b3012,sprint,,web
1567648115505,respond,q4480,sprint,c,web
1567648117262,submit,b3012,sprint,,web
1567648198200,respond,q5774,sprint,a,web
1567648266099,enter,b6513,sprint,,web
1567648405597,respond,q9162,sprint,c,web
1567648406252,submit,b6513,sprint,,web
1567648411802,enter,b4085,sprint,,web
1567648419991,respond,q5553,sprint,b,web
1567648422543,respond,q5553,sprint,a,web
1567648431472,respond,q5553,sprint,b,web
1567648436246,submit,b4085,sprint,,web
1567648592408,enter,b3282,sprint,,web
1567648600599,respond,q4750,sprint,a,web
1567648606618,submit,b3282,sprint,,web
1567648654508,enter,b3847,sprint,,web
1567648667282,respond,q5315,sprint,b,web
1567648686660,respond,q5315,sprint,a,web
1567648692976,submit,b3847,sprint,,web
1567648701481,enter,b6901,sprint,,web
1567648712043,respond,q9550,sprint,a,web
1567648716027,respond,q9550,sprint,d,web
1567648724429,respond,q9550,sprint,a,web
1567648725649,submit,b6901,sprint,,web
1567648747475,enter,b6989,sprint,,web
1567648766365,respond,q9638,sprint,b,web
1567648772433,respond,q9638,sprint,a,web
1567648778500,respond,q9638,sprint,b,web
1567648782003,respond,q9638,sprint,c,web
1567648787091,respond,q9638,sprint,a,web
1567648788099,respond,q9638,sprint,b,web
1567648788707,respond,q9638,sprint,d,web
1567648806395,respond,q9638,sprint,c,web
1567648807442,respond,q9638,sprint,d,web
1567648807730,submit,b6989,sprint,,web
1567648838512,enter,b3856,sprint,,web
1567648861761,respond,q5324,sprint,a,web
1567648873545,respond,q5324,sprint,b,web
1567648874142,submit,b3856,sprint,,web
1567648889293,enter,b3842,sprint,,web
1567648914052,respond,q5310,sprint,c,web
1567648919638,submit,b3842,sprint,,web
1567648931944,enter,b7283,sprint,,web
1567648945428,respond,q9932,sprint,c,web
1567648958885,submit,b7283,sprint,,web
1567649026753,enter,b4094,sprint,,web
1567649029499,respond,q5562,sprint,b,web
1567649030252,submit,b4094,sprint,,web
1567649065262,enter,b2622,sprint,,web
1567649077255,respond,q4090,sprint,d,web
1567649081895,respond,q4090,sprint,a,web
1567649090293,submit,b2622,sprint,,web
1567649107591,enter,b3044,sprint,,web
1567649111575,respond,q4512,sprint,d,web
1567649116909,respond,q4512,sprint,a,web
1567649118367,respond,q4512,sprint,d,web
1567649118748,submit,b3044,sprint,,web
1567649130770,enter,b7155,sprint,,web
1567649139405,respond,q9804,sprint,b,web
1567649140810,submit,b7155,sprint,,web
1567649223391,enter,b3032,sprint,,web
1567649234909,respond,q4500,sprint,a,web
1567649236044,respond,q4500,sprint,c,web
1567649236992,submit,b3032,sprint,,web
1567649244231,enter,b4770,sprint,,web
1567649246488,respond,q6238,sprint,a,web
1567649248601,submit,b4770,sprint,,web
1567649253879,enter,b5129,sprint,,web
1567649258388,respond,q6723,sprint,b,web
1567649259459,submit,b5129,sprint,,web
1567649265232,enter,b7339,sprint,,web
1567649284340,respond,q9988,sprint,d,web
1567649286463,submit,b7339,sprint,,web
1567649359637,enter,b4128,sprint,,web
1567649372780,respond,q5596,sprint,b,web
1567649384897,respond,q5596,sprint,a,web
1567649389306,respond,q5596,sprint,b,web
1567649389951,submit,b4128,sprint,,web
1567649402376,enter,b5023,sprint,,web
1567649409013,respond,q6491,sprint,c,web
1567649409317,submit,b5023,sprint,,web
1567649414795,enter,b4029,sprint,,web
1567649425714,respond,q5497,sprint,c,web
1567649426319,submit,b4029,sprint,,web
1567649435932,enter,b5938,sprint,,web
1567649443762,respond,q8587,sprint,c,web
1567649444814,submit,b5938,sprint,,web
1567649450586,enter,b4714,sprint,,web
1567649468037,respond,q6182,sprint,d,web
1567649468326,submit,b4714,sprint,,web
1567650682130,enter,b5089,adaptive_offer,,web
1567650713391,respond,q6569,adaptive_offer,a,web
1567650738589,respond,q6570,adaptive_offer,a,web
1567650744908,respond,q6570,adaptive_offer,c,web
1567650772183,respond,q6571,adaptive_offer,c,web
1567650772491,respond,q6571,adaptive_offer,b,web
1567650812685,respond,q6572,adaptive_offer,d,web
1567650813481,submit,b5089,adaptive_offer,,web
1567652335051,respond,q6686,adaptive_offer,c,web
1567652365305,respond,q6685,adaptive_offer,c,web
1567652374625,respond,q6687,adaptive_offer,b,web
1567652401962,respond,q6688,adaptive_offer,d,web
1567653406227,enter,b7920,adaptive_offer,,web
1567653697969,respond,q10634,adaptive_offer,d,web
1567653703578,respond,q10635,adaptive_offer,a,web
1567653749560,respond,q10636,adaptive_offer,b,web
1567653752475,respond,q10637,adaptive_offer,b,web
1567653752935,submit,b7920,adaptive_offer,,web
1567653781524,enter,b5116,adaptive_offer,,web
1567653792912,respond,q6677,adaptive_offer,d,web
1567653794511,respond,q6678,adaptive_offer,b,web
1567653797817,respond,q6679,adaptive_offer,d,web
1567653800494,respond,q6680,adaptive_offer,b,web
1567653801970,respond,q6680,adaptive_offer,c,web
1567653802760,respond,q6680,adaptive_offer,d,web
1567653804607,submit,b5116,adaptive_offer,,web
1567653818382,enter,b5113,sprint,,web
1567653946112,respond,q6665,sprint,c,web
1567653959259,respond,q6666,sprint,b,web
1567653980079,respond,q6668,sprint,b,web
1567653997496,respond,q6667,sprint,c,web
1567654007061,submit,b5113,sprint,,web
1567654027908,enter,b7973,sprint,,web
1567654052982,respond,q10836,sprint,a,web
1567654097287,respond,q10837,sprint,d,web
1567654109896,respond,q10838,sprint,c,web
1567654146134,respond,q10839,sprint,c,web
1567654147162,submit,b7973,sprint,,web
1567654178259,enter,b5188,sprint,,web
1567654195729,respond,q6845,sprint,a,web
1567654220927,respond,q6846,sprint,b,web
1567654222934,respond,q6846,sprint,c,web
1567654254727,respond,q6848,sprint,b,web
1567654262693,respond,q6847,sprint,b,web
1567654266887,submit,b5188,sprint,,web
1567654405421,respond,q6849,sprint,a,web
1567654441228,respond,q6850,sprint,d,web
1567654464303,respond,q6851,sprint,c,web
1567654474922,respond,q6852,sprint,c,web
1567654507805,enter,b5223,sprint,,web
1567654527608,respond,q6985,sprint,b,web
1567654531884,respond,q6985,sprint,d,web
1567654574385,respond,q6986,sprint,c,web
1567654586305,respond,q6987,sprint,d,web
1567654628777,respond,q6988,sprint,b,web
1567654634154,submit,b5223,sprint,,web
1567654687198,respond,q11919,sprint,a,web
1567654697068,respond,q11920,sprint,b,web
1567654710917,respond,q11921,sprint,a,web
1567654717301,respond,q11921,sprint,d,web
1567654725795,respond,q11921,sprint,b,web
1567654731156,respond,q11922,sprint,d,web
1567658296301,enter,b5641,sprint,,mobile
1567658320896,respond,q8170,sprint,a,mobile
1567658324068,submit,b5641,sprint,,mobile
1567658342101,enter,b150,sprint,,mobile
1567658365487,respond,q150,sprint,d,mobile
1567658369179,submit,b150,sprint,,mobile
1567658395165,enter,b7,sprint,,mobile
1567658415296,respond,q7,sprint,c,mobile
1567658421257,respond,q7,sprint,d,mobile
1567658424226,submit,b7,sprint,,mobile
1567658468735,enter,b8064,sprint,,mobile
1567658483335,respond,q11011,sprint,b,mobile
1567658488037,respond,q11011,sprint,b,mobile
1567658494607,submit,b8064,sprint,,mobile
1567658501089,enter,b5579,sprint,,mobile
1567658516087,respond,q8108,sprint,b,mobile
1567658526622,submit,b5579,sprint,,mobile
1567658541435,enter,b135,sprint,,mobile
1567658553225,respond,q135,sprint,a,mobile
1567658569743,submit,b135,sprint,,mobile
1567658641812,enter,b1535,sprint,,mobile
1567658701629,respond,q1803,sprint,c,mobile
1567658704867,submit,b1535,sprint,,mobile
1567658718322,enter,b1471,sprint,,mobile
1567658767191,respond,q1611,sprint,c,mobile
1567658772022,submit,b1471,sprint,,mobile
1567658781088,enter,b1734,sprint,,mobile
1567658829582,respond,q2400,sprint,d,mobile
1567658834474,submit,b1734,sprint,,mobile
1567658839001,enter,b1426,sprint,,mobile
1567658896556,respond,q1476,sprint,b,mobile
1567658904251,submit,b1426,sprint,,mobile
1567658918630,enter,b1675,sprint,,mobile
1567658958638,respond,q2223,sprint,a,mobile
1567658962388,submit,b1675,sprint,,mobile
1567669236382,enter,b5212,sprint,,web
1567669250961,respond,q6941,sprint,a,web
1567669313516,respond,q6942,sprint,a,web
1567669326547,respond,q6943,sprint,d,web
1567669330932,respond,q6944,sprint,b,web
1567669333122,submit,b5212,sprint,,web
1567670723311,enter,b5196,sprint,,web
1567670755097,respond,q6877,sprint,d,web
1567670786433,respond,q6878,sprint,c,web
1567670786951,respond,q6878,sprint,b,web
1567670807984,respond,q6879,sprint,a,web
1567670886729,respond,q6880,sprint,d,web
1567670890351,submit,b5196,sprint,,web
1567670966850,respond,q4960,sprint,b,web
1567671070018,enter,b2588,sprint,,web
1567671099480,respond,q4056,sprint,a,web
1567671103556,submit,b2588,sprint,,web
1567671109933,enter,b7463,sprint,,web
1567671165668,respond,q10112,sprint,d,web
1567671167859,submit,b7463,sprint,,web
1567671215653,respond,q4925,sprint,c,web
1567671264202,enter,b4869,sprint,,web
1567671267045,respond,q6337,sprint,d,web
1567671267366,submit,b4869,sprint,,web
1567671272909,enter,b5811,sprint,,web
1567671282372,respond,q8460,sprint,a,web
1567671286003,submit,b5811,sprint,,web
1567671298952,enter,b6170,sprint,,web
1567671303613,respond,q8819,sprint,b,web
1567671306144,submit,b6170,sprint,,web
1567671311816,enter,b3852,sprint,,web
1567671316908,respond,q5320,sprint,b,web
1567671325232,submit,b3852,sprint,,web
1567671333327,enter,b3086,sprint,,web
1567671342405,respond,q4554,sprint,c,web
1567671352275,submit,b3086,sprint,,web
1567671363237,enter,b3886,sprint,,web
1567671391884,respond,q5354,sprint,a,web
1567671394134,respond,q5354,sprint,c,web
1567671397082,respond,q5354,sprint,b,web
1567671397754,respond,q5354,sprint,c,web
1567671398177,submit,b3886,sprint,,web
1567673436082,enter,b7488,sprint,,mobile
1567673449480,respond,q10137,sprint,a,mobile
1567673452270,submit,b7488,sprint,,mobile
1567673463234,enter,b3496,sprint,,mobile
1567673473082,respond,q4964,sprint,d,mobile
1567673481435,submit,b3496,sprint,,mobile
1567673488259,enter,b2876,sprint,,mobile
1567673500171,respond,q4344,sprint,c,mobile
1567673506075,submit,b2876,sprint,,mobile
1567673514210,enter,b4577,sprint,,mobile
1567673522536,respond,q6045,sprint,c,mobile
1567673531340,submit,b4577,sprint,,mobile
1567673557022,enter,b6920,sprint,,mobile
1567673567098,respond,q9569,sprint,b,mobile
1567673567617,respond,q9569,sprint,c,mobile
1567673580945,submit,b6920,sprint,,mobile
1567673590003,enter,b3943,sprint,,mobile
1567673604288,respond,q5411,sprint,b,mobile
1567673611218,submit,b3943,sprint,,mobile
1567673624032,enter,b2440,sprint,,mobile
1567673631886,respond,q3908,sprint,a,mobile
1567673633242,respond,q3908,sprint,d,mobile
1567673636607,submit,b2440,sprint,,mobile
1567673646030,enter,b3011,sprint,,mobile
1567673671045,respond,q4479,sprint,a,mobile
1567673674696,submit,b3011,sprint,,mobile
1567673686354,enter,b6268,sprint,,mobile
1567673695420,respond,q8917,sprint,c,mobile
1567673701507,submit,b6268,sprint,,mobile
1567673708834,enter,b2981,sprint,,mobile
1567673712631,respond,q4449,sprint,a,mobile
1567673721345,submit,b2981,sprint,,mobile
1567673738209,enter,b4880,sprint,,mobile
1567673747879,respond,q6348,sprint,a,mobile
1567673755321,submit,b4880,sprint,,mobile
1567673761763,enter,b4144,sprint,,mobile
1567673768539,respond,q5612,sprint,a,mobile
1567673771875,submit,b4144,sprint,,mobile
1567673777153,enter,b7495,sprint,,mobile
1567673785258,respond,q10144,sprint,a,mobile
1567673792134,submit,b7495,sprint,,mobile
1567673803055,enter,b2545,sprint,,mobile
1567673816989,respond,q4013,sprint,d,mobile
1567673820317,respond,q4013,sprint,d,mobile
1567673823402,submit,b2545,sprint,,mobile
1567673836400,enter,b4975,sprint,,mobile
1567673849672,respond,q6443,sprint,c,mobile
1567673852634,submit,b4975,sprint,,mobile
1567673889919,enter,b5226,sprint,,mobile
1567674010804,respond,q6999,sprint,d,mobile
1567674012496,respond,q7000,sprint,a,mobile
1567674020494,submit,b5226,sprint,,mobile
1567674064691,enter,b7915,sprint,,mobile
1567674220031,submit,b7915,sprint,,mobile
1567723148670,enter,b5563,sprint,,mobile
1567723174820,respond,q8092,sprint,b,mobile
1567723178890,submit,b5563,sprint,,mobile
1567723195613,enter,b8251,sprint,,mobile
1567723219362,respond,q11198,sprint,a,mobile
1567723232726,submit,b8251,sprint,,mobile
1567723253628,enter,b5633,sprint,,mobile
1567723280522,respond,q8162,sprint,b,mobile
1567723284318,submit,b5633,sprint,,mobile
1567723320838,enter,b77,sprint,,mobile
1567723343730,respond,q77,sprint,c,mobile
1567723350607,submit,b77,sprint,,mobile
1567723399872,enter,b10,sprint,,mobile
1567723424299,respond,q10,sprint,c,mobile
1567723428693,respond,q10,sprint,d,mobile
1567723431669,submit,b10,sprint,,mobile
1567723588291,enter,b744,sprint,,mobile
1567723606166,respond,q744,sprint,c,mobile
1567723606166,respond,q744,sprint,c,mobile
1567723606166,respond,q744,sprint,c,mobile
1567723610310,submit,b744,sprint,,mobile
1567723621372,enter,b372,sprint,,mobile
1567723637218,respond,q372,sprint,c,mobile
1567723640901,submit,b372,sprint,,mobile
1567723667789,enter,b417,sprint,,mobile
1567723681186,respond,q417,sprint,a,mobile
1567723689036,submit,b417,sprint,,mobile
1567723697428,enter,b557,sprint,,mobile
1567723710916,respond,q557,sprint,a,mobile
1567723720216,submit,b557,sprint,,mobile
1567723746211,enter,b423,sprint,,mobile
1567723762864,respond,q423,sprint,a,mobile
1567723771584,submit,b423,sprint,,mobile
1567723796645,enter,b693,sprint,,mobile
1567723807893,respond,q693,sprint,a,mobile
1567723819773,submit,b693,sprint,,mobile
1567723872817,enter,b832,sprint,,mobile
1567723884249,respond,q832,sprint,a,mobile
1567723887576,submit,b832,sprint,,mobile
1567723895212,enter,b1034,sprint,,mobile
1567723912274,respond,q1034,sprint,c,mobile
1567723915657,submit,b1034,sprint,,mobile
1567723946374,enter,b1860,sprint,,mobile
1567724020056,respond,q2778,sprint,a,mobile
1567724026857,submit,b1860,sprint,,mobile
1567724092258,enter,b2006,sprint,,mobile
1567724163740,respond,q3216,sprint,c,mobile
1567724169729,submit,b2006,sprint,,mobile
1567724214534,enter,b7934,sprint,,mobile
1567724272303,respond,q10685,sprint,d,mobile
1567724276825,submit,b7934,sprint,,mobile
1567724285123,enter,b1797,sprint,,mobile
1567724336625,respond,q2589,sprint,c,mobile
1567724342144,submit,b1797,sprint,,mobile
1567741307220,enter,b1630,sprint,,mobile
1567741363496,respond,q2088,sprint,d,mobile
1567741372331,respond,q2088,sprint,c,mobile
1567741376218,submit,b1630,sprint,,mobile
1567741385125,enter,b1583,sprint,,mobile
1567741440608,respond,q1947,sprint,c,mobile
1567741457847,submit,b1583,sprint,,mobile
1567741470027,enter,b1729,sprint,,mobile
1567741532406,respond,q2385,sprint,d,mobile
1567741537443,submit,b1729,sprint,,mobile
1567868825268,enter,b3820,sprint,,mobile
1567868847865,respond,q5288,sprint,d,mobile
1567868847865,respond,q5288,sprint,d,mobile
1567868847865,respond,q5288,sprint,d,mobile
1567868851099,submit,b3820,sprint,,mobile
1567868875321,enter,b6444,sprint,,mobile
1567868890451,respond,q9093,sprint,c,mobile
1567868893495,submit,b6444,sprint,,mobile
1567868911890,enter,b3049,sprint,,mobile
1567868914370,respond,q4517,sprint,d,mobile
1567868920739,submit,b3049,sprint,,mobile
1567868926943,enter,b3983,sprint,,mobile
1567868947061,respond,q5451,sprint,c,mobile
1567868952586,submit,b3983,sprint,,mobile
1567869488707,enter,b3016,sprint,,mobile
1567869515725,respond,q4484,sprint,b,mobile
1567869518676,respond,q4484,sprint,d,mobile
1567869521810,submit,b3016,sprint,,mobile
1567869543286,enter,b11535,sprint,,mobile
1567869556694,respond,q17298,sprint,a,mobile
1567869560928,submit,b11535,sprint,,mobile
1567869567953,enter,b3644,sprint,,mobile
1567869598560,respond,q5112,sprint,b,mobile
1567869604953,submit,b3644,sprint,,mobile
1567869618243,enter,b2590,sprint,,mobile
1567869634102,respond,q4058,sprint,c,mobile
1567869643153,submit,b2590,sprint,,mobile
1567869653575,enter,b5054,sprint,,mobile
1567869678632,respond,q6522,sprint,a,mobile
1567869682889,submit,b5054,sprint,,mobile
1567869703512,enter,b5985,sprint,,mobile
1567869720599,respond,q8634,sprint,c,mobile
1567869726816,submit,b5985,sprint,,mobile
1567869740081,enter,b3879,sprint,,mobile
1567869753797,respond,q5347,sprint,c,mobile
1567869756748,submit,b3879,sprint,,mobile
1567869771220,enter,b4740,sprint,,mobile
1567869780536,respond,q6208,sprint,b,mobile
1567869783756,submit,b4740,sprint,,mobile
1567869866559,enter,b3910,sprint,,mobile
1567869877057,respond,q5378,sprint,c,mobile
1567869881121,submit,b3910,sprint,,mobile
1567869889490,enter,b7405,sprint,,mobile
1567869923877,respond,q10054,sprint,d,mobile
1567869926371,submit,b7405,sprint,,mobile
